timestamp;body_idx;PELVIS (w);PELVIS (x);PELVIS (y);PELVIS (z);SPINE_NAVEL (w);SPINE_NAVEL (x);SPINE_NAVEL (y);SPINE_NAVEL (z);SPINE_CHEST (w);SPINE_CHEST (x);SPINE_CHEST (y);SPINE_CHEST (z);NECK (w);NECK (x);NECK (y);NECK (z);CLAVICLE_LEFT (w);CLAVICLE_LEFT (x);CLAVICLE_LEFT (y);CLAVICLE_LEFT (z);SHOULDER_LEFT (w);SHOULDER_LEFT (x);SHOULDER_LEFT (y);SHOULDER_LEFT (z);ELBOW_LEFT (w);ELBOW_LEFT (x);ELBOW_LEFT (y);ELBOW_LEFT (z);WRIST_LEFT (w);WRIST_LEFT (x);WRIST_LEFT (y);WRIST_LEFT (z);HAND_LEFT (w);HAND_LEFT (x);HAND_LEFT (y);HAND_LEFT (z);HANDTIP_LEFT (w);HANDTIP_LEFT (x);HANDTIP_LEFT (y);HANDTIP_LEFT (z);THUMB_LEFT (w);THUMB_LEFT (x);THUMB_LEFT (y);THUMB_LEFT (z);CLAVICLE_RIGHT (w);CLAVICLE_RIGHT (x);CLAVICLE_RIGHT (y);CLAVICLE_RIGHT (z);SHOULDER_RIGHT (w);SHOULDER_RIGHT (x);SHOULDER_RIGHT (y);SHOULDER_RIGHT (z);ELBOW_RIGHT (w);ELBOW_RIGHT (x);ELBOW_RIGHT (y);ELBOW_RIGHT (z);WRIST_RIGHT (w);WRIST_RIGHT (x);WRIST_RIGHT (y);WRIST_RIGHT (z);HAND_RIGHT (w);HAND_RIGHT (x);HAND_RIGHT (y);HAND_RIGHT (z);HANDTIP_RIGHT (w);HANDTIP_RIGHT (x);HANDTIP_RIGHT (y);HANDTIP_RIGHT (z);THUMB_RIGHT (w);THUMB_RIGHT (x);THUMB_RIGHT (y);THUMB_RIGHT (z);HIP_LEFT (w);HIP_LEFT (x);HIP_LEFT (y);HIP_LEFT (z);KNEE_LEFT (w);KNEE_LEFT (x);KNEE_LEFT (y);KNEE_LEFT (z);ANKLE_LEFT (w);ANKLE_LEFT (x);ANKLE_LEFT (y);ANKLE_LEFT (z);FOOT_LEFT (w);FOOT_LEFT (x);FOOT_LEFT (y);FOOT_LEFT (z);HIP_RIGHT (w);HIP_RIGHT (x);HIP_RIGHT (y);HIP_RIGHT (z);KNEE_RIGHT (w);KNEE_RIGHT (x);KNEE_RIGHT (y);KNEE_RIGHT (z);ANKLE_RIGHT (w);ANKLE_RIGHT (x);ANKLE_RIGHT (y);ANKLE_RIGHT (z);FOOT_RIGHT (w);FOOT_RIGHT (x);FOOT_RIGHT (y);FOOT_RIGHT (z);HEAD (w);HEAD (x);HEAD (y);HEAD (z);NOSE (w);NOSE (x);NOSE (y);NOSE (z);EYE_LEFT (w);EYE_LEFT (x);EYE_LEFT (y);EYE_LEFT (z);EAR_LEFT (w);EAR_LEFT (x);EAR_LEFT (y);EAR_LEFT (z);EYE_RIGHT (w);EYE_RIGHT (x);EYE_RIGHT (y);EYE_RIGHT (z);EAR_RIGHT (w);EAR_RIGHT (x);EAR_RIGHT (y);EAR_RIGHT (z)
333555;1;0.507964;-0.448815;0.653589;-0.336688;0.527120;-0.409082;0.679166;-0.305829;0.510955;-0.410075;0.664710;-0.359060;0.538103;-0.355449;0.695455;-0.316929;0.857051;-0.486201;0.043331;0.164909;0.776757;-0.055603;-0.181382;0.600547;0.414143;-0.132701;-0.135579;0.890222;-0.440277;0.082720;0.778983;-0.438747;-0.495810;-0.023894;0.782998;-0.374854;-0.495810;-0.023894;0.782998;-0.374854;0.737634;0.145412;-0.271525;0.600855;0.515117;0.831756;-0.118405;-0.169756;0.249139;0.672916;-0.569328;-0.401224;-0.358364;-0.470313;0.745490;0.307612;-0.443960;-0.443541;0.281107;0.726051;-0.319242;-0.483542;0.204785;0.788882;-0.319242;-0.483542;0.204785;0.788882;-0.313957;-0.637775;0.656132;0.253309;-0.369029;0.558651;-0.424724;0.609373;0.538873;-0.400624;0.576198;-0.465953;0.462024;-0.489851;0.567359;-0.474009;0.666060;0.052327;0.743979;-0.010961;0.338462;0.482056;0.729838;0.346990;0.213201;0.685982;0.542631;0.435345;0.268390;0.590599;0.656622;0.384717;-0.080124;0.884414;0.050762;0.456963;0.545925;-0.382196;0.701966;-0.251267;0.545925;-0.382196;0.701966;-0.251267;0.563700;0.226112;0.766619;0.208354;0.251267;0.701967;0.382196;0.545925;0.563700;0.226112;0.766619;0.208354;0.545925;-0.382196;0.701966;-0.251267
366877;1;0.510113;-0.449658;0.651754;-0.335872;0.528335;-0.411983;0.676199;-0.306410;0.512170;-0.414976;0.659998;-0.360389;0.539421;-0.360713;0.691150;-0.318155;0.854155;-0.490683;0.040066;0.167464;0.773626;-0.058037;-0.180038;0.604748;0.413420;-0.133648;-0.133866;0.890675;-0.461789;0.118643;0.735656;-0.481128;0.529559;-0.005437;-0.745142;0.405340;0.529559;-0.005437;-0.745142;0.405340;0.623616;-0.025932;-0.234505;0.745277;0.519166;0.830955;-0.113935;-0.164315;0.253394;0.676251;-0.567325;-0.395751;-0.362823;-0.469001;0.747804;0.298642;-0.428403;-0.412080;0.335420;0.730859;-0.244212;-0.479488;0.228927;0.811199;-0.244212;-0.479488;0.228927;0.811199;-0.319353;-0.621278;0.671146;0.248174;-0.372715;0.556859;-0.424437;0.608970;0.542220;-0.399052;0.575342;-0.464475;0.464456;-0.489868;0.559195;-0.481261;0.672864;0.046542;0.738161;-0.014359;0.336486;0.479527;0.731887;0.348098;0.211908;0.683054;0.546829;0.435328;0.274356;0.589075;0.650021;0.393944;-0.082406;0.878746;0.047163;0.467749;0.533318;-0.409565;0.681534;-0.288686;0.533318;-0.409565;0.681534;-0.288686;0.581244;0.192311;0.771524;0.172981;0.288686;0.681534;0.409565;0.533318;0.581244;0.192311;0.771524;0.172981;0.533318;-0.409565;0.681534;-0.288686
400222;1;0.515910;-0.450476;0.641797;-0.344970;0.533828;-0.415074;0.665241;-0.316538;0.511285;-0.417725;0.656177;-0.365411;0.538942;-0.363759;0.687562;-0.323232;0.850523;-0.496348;0.026961;0.171824;0.764904;-0.064064;-0.174541;0.616728;0.419375;-0.133769;-0.129130;0.888570;0.510852;-0.045100;-0.628034;0.585294;0.559294;0.009078;-0.629586;0.539192;0.559294;0.009078;-0.629586;0.539192;0.586947;0.065091;-0.082363;0.802790;0.520945;0.827930;-0.102378;-0.180742;0.248297;0.685346;-0.573857;-0.373279;-0.347721;-0.484615;0.751106;0.282983;-0.302423;-0.443116;0.634662;0.556231;0.069069;0.650582;-0.419394;-0.629351;0.069069;0.650582;-0.419394;-0.629351;-0.218959;-0.595617;0.772833;-0.005114;-0.381341;0.550668;-0.428025;0.606744;0.541592;-0.402115;0.569881;-0.469273;0.463330;-0.492048;0.551816;-0.488583;0.677205;0.039761;0.734438;-0.020308;0.339700;0.481832;0.722022;0.362114;0.216736;0.674785;0.546007;0.446729;0.290135;0.580700;0.638328;0.413698;-0.085128;0.864714;0.044776;0.492969;0.524837;-0.419606;0.672814;-0.309514;0.524837;-0.419606;0.672814;-0.309514;0.589975;0.179045;0.772458;0.152257;0.309514;0.672814;0.419606;0.524837;0.589975;0.179045;0.772458;0.152257;0.524837;-0.419606;0.672814;-0.309514
433533;1;0.517813;-0.454135;0.637795;-0.344744;0.540402;-0.408967;0.667658;-0.308131;0.503887;-0.438728;0.641769;-0.376493;0.532457;-0.385850;0.674885;-0.334872;0.835097;-0.518443;0.016644;0.183173;0.754372;-0.074951;-0.171612;0.629170;0.421374;-0.139955;-0.124423;0.887342;0.539095;0.082056;-0.501183;0.671907;0.583463;0.115889;-0.494456;0.633761;0.583463;0.115889;-0.494456;0.633761;0.559181;0.126271;0.073439;0.816075;0.545334;0.810783;-0.106394;-0.184179;0.256639;0.688386;-0.571855;-0.365024;-0.355312;-0.482377;0.753795;0.269925;-0.252173;-0.488153;0.611945;0.568893;0.058883;0.656925;-0.425698;-0.619486;0.058883;0.656925;-0.425698;-0.619486;-0.163082;-0.596853;0.785578;0.006234;-0.385269;0.548415;-0.432596;0.603050;0.542071;-0.401335;0.571706;-0.467163;0.462467;-0.493286;0.550836;-0.489257;0.677069;0.038186;0.734617;-0.021386;0.328938;0.490100;0.724564;0.355821;0.213056;0.677487;0.553340;0.435239;0.282769;0.583632;0.646161;0.402357;-0.082352;0.872234;0.048256;0.479685;0.520911;-0.426812;0.685950;-0.275601;0.520911;-0.426812;0.685950;-0.275601;0.563219;0.183238;0.786842;0.173461;0.275600;0.685950;0.426812;0.520911;0.563219;0.183238;0.786842;0.173461;0.520911;-0.426812;0.685950;-0.275601
466888;1;0.521506;-0.454656;0.632076;-0.348998;0.540878;-0.417213;0.657393;-0.318149;0.499635;-0.438682;0.638034;-0.388376;0.529171;-0.386103;0.671158;-0.347057;0.831555;-0.528633;0.025704;0.168532;0.742283;-0.075900;-0.156517;0.647114;0.437524;-0.130100;-0.115466;0.882221;0.552603;0.017261;-0.553442;0.622923;0.623509;0.083696;-0.547349;0.551943;0.623509;0.083696;-0.547349;0.551943;0.567294;0.115049;0.005967;0.815417;0.550767;0.812199;-0.096172;-0.166549;0.266122;0.681928;-0.569982;-0.373193;-0.359370;-0.496617;0.737074;0.284512;-0.234147;-0.471222;0.656975;0.539916;0.027756;0.673353;-0.447507;-0.587846;0.027756;0.673353;-0.447507;-0.587846;-0.117098;-0.606147;0.786314;-0.024196;-0.393941;0.544224;-0.440843;0.595222;0.538676;-0.406693;0.570210;-0.468283;0.459754;-0.496874;0.545722;-0.493892;0.678406;0.032007;0.733510;-0.026552;0.319624;0.496439;0.722955;0.358782;0.209610;0.675007;0.559880;0.432392;0.285548;0.584670;0.637557;0.412487;-0.087552;0.866964;0.041447;0.488866;0.521789;-0.416543;0.680697;-0.301462;0.521789;-0.416543;0.680697;-0.301462;0.582126;0.186785;0.775866;0.155795;0.301462;0.680697;0.416543;0.521789;0.582126;0.186785;0.775866;0.155795;0.521789;-0.416543;0.680697;-0.301462
500222;1;0.513916;-0.459215;0.638271;-0.342960;0.538452;-0.409473;0.671268;-0.302987;0.487462;-0.464651;0.624115;-0.396183;0.517663;-0.413104;0.659367;-0.355815;0.816223;-0.551821;0.022088;0.169664;0.743096;-0.085362;-0.157433;0.644776;0.433554;-0.139905;-0.111796;0.883153;0.590486;-0.085986;-0.647071;0.474586;0.616938;-0.048430;-0.650960;0.439652;0.616938;-0.048430;-0.650960;0.439652;0.606228;0.123007;-0.149090;0.771446;0.576243;0.792759;-0.089472;-0.177405;0.276333;0.677541;-0.574550;-0.366702;-0.371933;-0.478674;0.748359;0.269251;-0.217862;-0.482821;0.622614;0.575996;0.010076;0.665039;-0.422479;-0.615738;0.010076;0.665039;-0.422479;-0.615738;-0.129651;-0.567156;0.813262;0.011411;-0.400324;0.538379;-0.446248;0.592243;0.537522;-0.407569;0.568236;-0.471239;0.454285;-0.501813;0.541033;-0.499091;0.678191;0.025156;0.733665;-0.034055;0.305279;0.506250;0.727007;0.349252;0.204070;0.677894;0.570328;0.416582;0.287429;0.579068;0.649363;0.400491;-0.077696;0.871260;0.053716;0.481648;0.535386;-0.411403;0.669870;-0.308842;0.535386;-0.411403;0.669870;-0.308842;0.596959;0.182764;0.764576;0.160190;0.308842;0.669870;0.411403;0.535386;0.596959;0.182764;0.764576;0.160190;0.535386;-0.411403;0.669870;-0.308842
533555;1;0.516675;-0.466366;0.633416;-0.338132;0.541652;-0.415140;0.668111;-0.296478;0.482259;-0.467193;0.619593;-0.406523;0.513306;-0.416001;0.655063;-0.366540;0.810682;-0.561880;0.021079;0.163223;0.739386;-0.084670;-0.150410;0.650781;0.426474;-0.136692;-0.105392;0.887878;0.604995;-0.082138;-0.585371;0.533456;0.655787;-0.022587;-0.590674;0.469615;0.655787;-0.022587;-0.590674;0.469615;0.581869;0.140585;-0.069509;0.798018;0.582029;0.786409;-0.086213;-0.188069;0.287664;0.671507;-0.559846;-0.391025;-0.396949;-0.458961;0.744113;0.279433;-0.320478;-0.464268;0.547680;0.617896;-0.052834;-0.641698;0.322058;0.694054;-0.052834;-0.641698;0.322058;0.694054;0.032108;-0.651538;0.748170;0.121280;-0.411083;0.530213;-0.449644;0.589665;0.538911;-0.408860;0.562275;-0.475663;0.458904;-0.498014;0.533608;-0.506608;0.686721;0.022606;0.725671;-0.036118;0.313235;0.512024;0.707281;0.373455;0.220292;0.659358;0.572409;0.434817;0.288298;0.578918;0.637401;0.418879;-0.090078;0.862809;0.045402;0.495365;0.531273;-0.421550;0.664055;-0.314763;0.531273;-0.421550;0.664055;-0.314763;0.598238;0.171477;0.767639;0.153096;0.314763;0.664055;0.421550;0.531273;0.598238;0.171477;0.767639;0.153096;0.531273;-0.421550;0.664055;-0.314763
566866;1;0.506314;-0.478617;0.632070;-0.339204;0.529308;-0.432119;0.664725;-0.302070;0.479864;-0.479998;0.616465;-0.399127;0.510326;-0.429016;0.652972;-0.359360;0.806617;-0.563498;0.015454;0.177762;0.735044;-0.089904;-0.143729;0.656483;0.426782;-0.138184;-0.098214;0.888322;0.591163;-0.090540;-0.599373;0.532053;0.654898;-0.012412;-0.606046;0.451290;0.654898;-0.012412;-0.606046;0.451290;0.565222;0.170650;-0.092611;0.801764;0.589264;0.778563;-0.086760;-0.197689;0.305178;0.673570;-0.549149;-0.389366;-0.412600;-0.465471;0.733892;0.272948;-0.350921;-0.473100;0.451228;0.670391;-0.106845;-0.596646;0.267290;0.749102;-0.106845;-0.596646;0.267290;0.749102;-0.226876;-0.633632;0.723645;0.152891;-0.417066;0.525016;-0.463275;0.579474;0.533416;-0.411399;0.566594;-0.474541;0.448328;-0.506348;0.534621;-0.506749;0.679355;0.017365;0.732305;-0.043643;0.301496;0.522601;0.705552;0.371732;0.216647;0.659360;0.579787;0.426796;0.286007;0.571388;0.653257;0.406167;-0.082655;0.868567;0.061918;0.484691;0.532488;-0.435061;0.659001;-0.304791;0.532488;-0.435061;0.659001;-0.304791;0.592045;0.158350;0.773618;0.161006;0.304791;0.659001;0.435061;0.532488;0.592045;0.158350;0.773618;0.161006;0.532488;-0.435061;0.659001;-0.304791
600222;1;0.508978;-0.476602;0.629105;-0.343538;0.514616;-0.466084;0.636937;-0.335034;0.484158;-0.479093;0.615357;-0.396732;0.514414;-0.428203;0.651795;-0.356628;0.807724;-0.562687;0.034134;0.172628;0.728891;-0.094866;-0.133930;0.664666;0.428907;-0.137922;-0.088963;0.888314;0.570723;-0.216379;-0.661431;0.435849;0.621880;-0.129817;-0.683709;0.359103;0.621880;-0.129817;-0.683709;0.359103;0.650235;-0.035006;-0.163551;0.741094;0.588675;0.788038;-0.078133;-0.162334;0.275659;0.691198;-0.560014;-0.364200;-0.360255;-0.523405;0.719317;0.280796;-0.442083;-0.367747;0.114201;0.810113;-0.401586;-0.372932;0.095923;0.830933;-0.401586;-0.372932;0.095923;0.830933;-0.427560;-0.501876;0.669072;0.343009;-0.428459;0.512347;-0.468682;0.578153;0.533222;-0.410902;0.559761;-0.483220;0.454961;-0.497120;0.547112;-0.496537;0.676877;0.032782;0.734678;-0.031810;0.298566;0.531960;0.692310;0.385466;0.223765;0.648779;0.584258;0.433196;0.287365;0.576741;0.635637;0.425154;-0.095158;0.860044;0.045713;0.499180;0.520253;-0.452202;0.648716;-0.322517;0.520253;-0.452202;0.648716;-0.322517;0.595928;0.138956;0.778467;0.139821;0.322517;0.648716;0.452202;0.520253;0.595928;0.138956;0.778467;0.139821;0.520253;-0.452202;0.648716;-0.322517
633555;1;0.508016;-0.479962;0.629838;-0.338911;0.514543;-0.467560;0.639098;-0.328917;0.475857;-0.492072;0.608607;-0.401276;0.506505;-0.441681;0.646108;-0.361823;0.800256;-0.575436;0.031393;0.165768;0.726722;-0.092367;-0.121519;0.669759;0.434855;-0.130104;-0.079822;0.887470;0.565020;-0.186689;-0.596543;0.538549;0.663544;-0.060251;-0.622163;0.411087;0.663544;-0.060251;-0.622163;0.411087;0.654460;-0.043902;-0.058224;0.752572;0.600963;0.777753;-0.069278;-0.170721;0.230376;0.700671;-0.587747;-0.332476;-0.287229;-0.581528;0.705841;0.284803;0.651831;0.142075;0.018863;-0.744698;-0.303453;-0.122976;-0.073608;0.942006;-0.303453;-0.122976;-0.073608;0.942006;-0.363466;-0.596062;0.347582;0.625931;-0.427875;0.514212;-0.483751;0.564352;0.520532;-0.421105;0.566665;-0.480217;0.447526;-0.501196;0.547903;-0.498323;0.672879;0.030412;0.738134;-0.038304;0.299137;0.538406;0.683228;0.392219;0.230125;0.644182;0.584560;0.436305;0.284023;0.578873;0.636667;0.422956;-0.095987;0.862260;0.044947;0.495252;0.522951;-0.454774;0.632893;-0.345180;0.522951;-0.454774;0.632893;-0.345180;0.613861;0.125949;0.769097;0.125704;0.345180;0.632893;0.454774;0.522951;0.613861;0.125949;0.769097;0.125704;0.522951;-0.454774;0.632893;-0.345180
666888;1;0.503001;-0.486672;0.627273;-0.341569;0.501292;-0.489792;0.624840;-0.344071;0.475659;-0.497459;0.604890;-0.400489;0.506243;-0.447349;0.642835;-0.361054;0.795850;-0.578208;0.034940;0.176288;0.722272;-0.105708;-0.123273;0.672275;0.429752;-0.143178;-0.076618;0.888225;0.558918;-0.158429;-0.600952;0.548970;0.642638;-0.055995;-0.618957;0.448077;0.642638;-0.055995;-0.618957;0.448077;0.648617;-0.025423;-0.060929;0.758246;0.606447;0.774860;-0.073294;-0.162610;0.229381;0.706988;-0.578736;-0.335584;-0.292161;-0.576211;0.709047;0.282621;0.667520;0.127173;-0.014612;-0.733505;-0.374363;-0.124435;-0.030040;0.918404;-0.374363;-0.124435;-0.030040;0.918404;-0.373776;-0.587809;0.384843;0.605531;-0.440523;0.502535;-0.491247;0.558636;0.520157;-0.422283;0.561736;-0.485351;0.437435;-0.511660;0.536673;-0.508761;0.673075;0.014992;0.737540;-0.052734;0.298291;0.541742;0.674761;0.402785;0.229999;0.642885;0.579212;0.445323;0.296590;0.561027;0.645760;0.424591;-0.088104;0.856052;0.063925;0.505299;0.532366;-0.438323;0.629075;-0.358782;0.532366;-0.438323;0.629075;-0.358782;0.630137;0.134882;0.754764;0.122742;0.358782;0.629075;0.438323;0.532366;0.630137;0.134882;0.754764;0.122742;0.532366;-0.438323;0.629075;-0.358782
700200;1;0.502713;-0.491575;0.622250;-0.344149;0.500774;-0.495059;0.619482;-0.346964;0.470062;-0.508452;0.598031;-0.403580;0.500912;-0.458857;0.636880;-0.364584;0.788805;-0.586962;0.019715;0.181313;0.717420;-0.110459;-0.119752;0.677323;0.429245;-0.145858;-0.072576;0.888373;0.565242;-0.210770;-0.613747;0.509305;0.654459;-0.085797;-0.643232;0.388039;0.654459;-0.085797;-0.643232;0.388039;0.663997;-0.058705;-0.084487;0.740623;0.616319;0.764235;-0.069929;-0.176648;0.243723;0.707610;-0.572473;-0.334906;-0.312198;-0.562319;0.715706;0.272205;0.654068;0.154850;-0.011042;-0.740334;-0.322455;-0.147366;-0.048822;0.933768;-0.322455;-0.147366;-0.048822;0.933768;0.358135;0.606735;-0.372454;-0.604061;-0.442394;0.499878;-0.501237;0.550609;0.512235;-0.428220;0.563692;-0.486306;0.429543;-0.516814;0.546126;-0.500143;0.661461;0.018000;0.747944;-0.052199;0.285922;0.555228;0.669287;0.402523;0.229507;0.639928;0.588830;0.437148;0.291366;0.562687;0.650074;0.419397;-0.088144;0.860225;0.065819;0.497907;0.540349;-0.453196;0.630254;-0.324679;0.540349;-0.453196;0.630254;-0.324679;0.611668;0.125199;0.766114;0.152502;0.324679;0.630254;0.453196;0.540350;0.611668;0.125199;0.766114;0.152502;0.540349;-0.453196;0.630254;-0.324679
733555;1;0.499419;-0.499478;0.613665;-0.352870;0.495599;-0.506043;0.608263;-0.358215;0.467182;-0.520479;0.592899;-0.399141;0.497686;-0.471256;0.632729;-0.360390;0.781730;-0.591357;0.025998;0.196265;0.710288;-0.123198;-0.125317;0.681622;0.420583;-0.159783;-0.073157;0.890072;0.592249;-0.121084;-0.521359;0.602300;0.697525;-0.017997;-0.534932;0.476426;0.697525;-0.017997;-0.534932;0.476426;0.650710;0.013584;0.037462;0.758280;0.624737;0.759406;-0.063838;-0.170088;0.255025;0.706718;-0.569936;-0.332695;-0.322232;-0.563321;0.712001;0.268123;0.663371;0.149236;-0.016670;-0.733069;-0.300570;-0.142758;-0.046577;0.941864;-0.300570;-0.142758;-0.046577;0.941864;0.356637;0.605692;-0.378527;-0.602216;-0.452417;0.489724;-0.504574;0.548538;0.514387;-0.426378;0.559133;-0.490896;0.424770;-0.521611;0.538974;-0.506951;0.662864;0.009511;0.746243;-0.060346;0.281395;0.560282;0.662458;0.409939;0.230004;0.636107;0.590036;0.440822;0.296859;0.559091;0.643517;0.430323;-0.091951;0.853123;0.063719;0.509575;0.519893;-0.470363;0.641098;-0.312191;0.519893;-0.470363;0.641098;-0.312191;0.588373;0.120728;0.785921;0.146867;0.312191;0.641098;0.470363;0.519893;0.588373;0.120728;0.785921;0.146867;0.519893;-0.470363;0.641098;-0.312191
766888;1;0.496224;-0.503529;0.610126;-0.357724;0.492741;-0.509407;0.605227;-0.362507;0.458716;-0.533523;0.580747;-0.409469;0.490076;-0.485233;0.621662;-0.371364;0.766089;-0.607641;0.027221;0.207700;0.708015;-0.125719;-0.119500;0.684565;0.424442;-0.159530;-0.068084;0.888686;0.591074;0.018672;-0.375046;0.713879;0.725904;0.095813;-0.363081;0.576243;0.725904;0.095813;-0.363081;0.576243;0.610001;0.086555;0.215205;0.757690;0.641701;0.745989;-0.063671;-0.166334;0.282072;0.695557;-0.557428;-0.354839;-0.357044;-0.546385;0.704264;0.279275;0.653440;0.145628;-0.000992;-0.742838;-0.300794;-0.133809;-0.057478;0.942504;-0.300794;-0.133809;-0.057478;0.942504;-0.356752;-0.585320;0.392653;0.613148;-0.462614;0.479219;-0.507222;0.546867;0.514964;-0.426187;0.552531;-0.497882;0.426190;-0.518989;0.539535;-0.507852;0.664498;0.011768;0.744784;-0.059997;0.277040;0.567180;0.655924;0.413907;0.229932;0.635910;0.589541;0.441805;0.300850;0.556290;0.642089;0.433304;-0.091211;0.850158;0.064674;0.514519;0.522455;-0.474240;0.645401;-0.292566;0.522455;-0.474240;0.645401;-0.292566;0.576307;0.121029;0.791706;0.162556;0.292566;0.645401;0.474240;0.522455;0.576307;0.121029;0.791706;0.162556;0.522455;-0.474240;0.645401;-0.292566
800222;1;0.497434;-0.505495;0.606273;-0.359816;0.486996;-0.522540;0.591645;-0.373823;0.463645;-0.532223;0.585867;-0.398161;0.494081;-0.483526;0.626661;-0.359697;0.773938;-0.598608;0.028383;0.204653;0.701308;-0.130851;-0.128037;0.688949;0.423173;-0.166769;-0.075523;0.887361;0.590619;0.007485;-0.365063;0.719613;0.727799;0.083510;-0.355462;0.580501;0.727799;0.083510;-0.355462;0.580501;0.605792;0.077283;0.225151;0.759178;0.631331;0.759123;-0.035407;-0.154598;0.280478;0.704366;-0.558166;-0.337122;-0.357855;-0.536811;0.720774;0.253494;0.660387;0.100006;0.126477;-0.733411;-0.278784;-0.035560;-0.157268;0.946722;-0.278784;-0.035560;-0.157268;0.946722;-0.329551;-0.486498;0.388494;0.709781;-0.471814;0.469922;-0.513962;0.540748;0.508972;-0.432364;0.545934;-0.505929;0.421510;-0.521165;0.539784;-0.509264;0.662183;0.010375;0.746507;-0.064289;0.268762;0.572483;0.655886;0.412121;0.225162;0.636777;0.593675;0.437456;0.294439;0.557921;0.646238;0.429426;-0.093021;0.854194;0.066481;0.507227;0.508434;-0.491355;0.625118;-0.330594;0.508434;-0.491355;0.625118;-0.330594;0.593282;0.094585;0.789466;0.125751;0.330594;0.625118;0.491355;0.508434;0.593282;0.094585;0.789466;0.125751;0.508434;-0.491355;0.625118;-0.330594
833533;1;0.498563;-0.506003;0.596367;-0.373821;0.494478;-0.512444;0.590842;-0.379208;0.452942;-0.548367;0.570743;-0.410353;0.484390;-0.500831;0.612880;-0.372709;0.751015;-0.615816;0.022891;0.237114;0.698754;-0.137098;-0.124070;0.691053;0.428752;-0.170589;-0.071335;0.884297;0.615163;-0.000684;-0.396007;0.681728;0.716126;0.062558;-0.391036;0.574753;0.716126;0.062558;-0.391036;0.574753;0.613312;0.100662;0.185529;0.761114;0.654668;0.736917;-0.054718;-0.159276;0.293031;0.697374;-0.557516;-0.342020;-0.370861;-0.531304;0.717545;0.255552;0.622500;0.068992;0.135067;-0.767783;-0.183231;0.003424;-0.151629;0.971300;-0.183231;0.003424;-0.151629;0.971300;-0.300076;-0.451817;0.390747;0.743729;-0.480240;0.460799;-0.515265;0.539941;0.509835;-0.431174;0.540296;-0.512091;0.413931;-0.527447;0.536644;-0.512322;0.658974;0.003663;0.748725;-0.071763;0.264818;0.581024;0.643864;0.421570;0.230796;0.630082;0.595955;0.441098;0.311037;0.541769;0.648161;0.435465;-0.085415;0.844175;0.079177;0.523263;0.521570;-0.478623;0.647852;-0.281376;0.521570;-0.478623;0.647852;-0.281376;0.567769;0.119663;0.796538;0.169843;0.281376;0.647852;0.478623;0.521570;0.567769;0.119663;0.796538;0.169843;0.521570;-0.478623;0.647852;-0.281376
866888;1;0.501287;-0.502163;0.588006;-0.388320;0.497870;-0.507288;0.583591;-0.392691;0.454127;-0.550081;0.567918;-0.410668;0.485597;-0.502766;0.610202;-0.372927;0.746297;-0.617194;0.030152;0.247393;0.700562;-0.143227;-0.139804;0.684948;0.419340;-0.182841;-0.081414;0.885491;0.588506;0.089362;-0.298444;0.746061;0.718927;0.144168;-0.276170;0.621361;0.718927;0.144168;-0.276170;0.621361;0.577132;0.121689;0.298806;0.750217;0.657434;0.735996;-0.059825;-0.150038;0.298480;0.696281;-0.548393;-0.354073;-0.383100;-0.522063;0.716235;0.260177;0.595636;0.008246;0.204531;-0.776735;-0.097949;0.100583;-0.178281;0.973912;-0.097949;0.100583;-0.178281;0.973912;-0.250134;-0.390472;0.349215;0.814256;-0.495074;0.445384;-0.508323;0.546024;0.518335;-0.422942;0.527139;-0.523997;0.414486;-0.526060;0.530860;-0.519279;0.664242;0.000546;0.743614;-0.076289;0.268865;0.584926;0.625863;0.440305;0.244559;0.618200;0.593035;0.454235;0.320366;0.531735;0.648049;0.441199;-0.082788;0.837035;0.086149;0.533944;0.521499;-0.481323;0.640515;-0.293440;0.521499;-0.481323;0.640515;-0.293440;0.576249;0.112565;0.793259;0.161262;0.293440;0.640515;0.481323;0.521499;0.576249;0.112565;0.793259;0.161262;0.521499;-0.481323;0.640515;-0.293440
900222;1;0.505309;-0.498975;0.576689;-0.403877;0.505473;-0.498742;0.576891;-0.403672;0.454269;-0.553491;0.563268;-0.412331;0.485872;-0.506538;0.605841;-0.374573;0.742277;-0.620111;0.021955;0.252993;0.701862;-0.135138;-0.121234;0.688788;0.428924;-0.168071;-0.068646;0.884909;0.591684;0.116705;-0.298758;0.739617;0.704406;0.163876;-0.275719;0.633195;0.704406;0.163876;-0.275719;0.633195;0.581723;0.141777;0.300905;0.742263;0.660566;0.732472;-0.058646;-0.153941;0.294372;0.695391;-0.555146;-0.348696;-0.373393;-0.531290;0.713783;0.262339;0.648844;0.079487;0.123070;-0.746684;-0.192634;-0.007915;-0.146293;0.970272;-0.192634;-0.007915;-0.146293;0.970272;-0.259344;-0.447057;0.434039;0.737896;-0.498878;0.439957;-0.509523;0.545843;0.520097;-0.419509;0.526482;-0.525669;0.410425;-0.528799;0.531151;-0.519424;0.661476;-0.001210;0.745767;-0.079244;0.260469;0.592685;0.617705;0.446453;0.243036;0.616246;0.594221;0.456154;0.322559;0.528712;0.645148;0.447441;-0.085627;0.832881;0.086236;0.539945;0.527869;-0.500194;0.624541;-0.284797;0.527869;-0.500194;0.624541;-0.284797;0.574642;0.087926;0.795307;0.171878;0.284797;0.624541;0.500194;0.527869;0.574642;0.087926;0.795307;0.171878;0.527869;-0.500194;0.624541;-0.284797
933555;1;0.484794;-0.519142;0.595437;-0.375395;0.484106;-0.520231;0.594486;-0.376281;0.453751;-0.555765;0.573418;-0.395509;0.484007;-0.507991;0.616139;-0.357848;0.750338;-0.607581;0.026802;0.259074;0.700599;-0.132598;-0.127729;0.689394;0.436172;-0.167118;-0.077257;0.880827;0.596012;0.069283;-0.345166;0.721686;0.700847;0.122041;-0.330221;0.620382;0.700847;0.122041;-0.330221;0.620382;0.597040;0.122103;0.248900;0.752784;0.654686;0.736801;-0.054542;-0.159799;0.296005;0.694203;-0.559958;-0.341921;-0.371263;-0.534453;0.714025;0.258250;0.650761;0.087551;0.142743;-0.740587;-0.218345;-0.008800;-0.167222;0.961397;-0.218345;-0.008800;-0.167222;0.961397;-0.258344;-0.443486;0.423212;0.746639;-0.487244;0.450659;-0.524560;0.533233;0.507409;-0.430203;0.541458;-0.514085;0.409414;-0.528404;0.537921;-0.513624;0.656697;0.003861;0.750319;-0.075870;0.249253;0.596295;0.635640;0.422217;0.231486;0.622361;0.610157;0.432191;0.314266;0.537213;0.646535;0.441171;-0.087128;0.839833;0.081242;0.529612;0.522893;-0.488942;0.623349;-0.314571;0.522893;-0.488942;0.623349;-0.314571;0.592176;0.095040;0.786508;0.147306;0.314571;0.623349;0.488942;0.522893;0.592176;0.095040;0.786508;0.147306;0.522893;-0.488942;0.623349;-0.314571
966866;1;0.486255;-0.515951;0.612372;-0.349787;0.489836;-0.509609;0.617660;-0.344754;0.449163;-0.561780;0.570739;-0.396123;0.479483;-0.514201;0.613952;-0.358827;0.750699;-0.612691;0.019419;0.246340;0.699555;-0.128147;-0.123674;0.692030;0.439425;-0.161148;-0.075816;0.880448;0.574886;0.135672;-0.313079;0.743694;0.689976;0.185587;-0.286326;0.638363;0.689976;0.185587;-0.286326;0.638363;0.574787;0.145172;0.288771;0.751769;0.658110;0.733675;-0.040164;-0.164315;0.297767;0.693651;-0.554324;-0.350583;-0.377481;-0.528935;0.713200;0.262834;0.651830;0.100776;0.162682;-0.733823;-0.303004;-0.027111;-0.189436;0.933578;-0.303004;-0.027111;-0.189436;0.933578;-0.256873;-0.443557;0.409701;0.754598;0.469517;-0.470451;0.529267;-0.527358;0.497934;-0.440566;0.554388;-0.500616;0.404243;-0.536021;0.538387;-0.509323;0.650029;-0.001218;0.756055;-0.076436;0.255716;0.591311;0.644968;0.411068;0.231177;0.628267;0.609039;0.425334;0.302193;0.544628;0.661093;0.418350;-0.079600;0.855204;0.086310;0.504817;0.527828;-0.493815;0.618617;-0.307989;0.527828;-0.493815;0.618617;-0.307989;0.591012;0.088248;0.786608;0.155450;0.307989;0.618617;0.493815;0.527828;0.591012;0.088248;0.786608;0.155450;0.527828;-0.493815;0.618617;-0.307989
1000222;1;0.468655;-0.533429;0.621932;-0.330177;0.473515;-0.524117;0.629800;-0.323167;0.444030;-0.562332;0.582459;-0.383877;0.473384;-0.513812;0.625679;-0.347033;0.759292;-0.602584;0.022268;0.244690;0.700947;-0.125997;-0.141084;0.687673;0.438479;-0.165106;-0.092303;0.878611;0.569512;0.136659;-0.320451;0.744507;0.690485;0.190386;-0.291749;0.633929;0.690485;0.190386;-0.291749;0.633929;0.564162;0.144180;0.278955;0.763621;0.653639;0.733554;-0.041119;-0.181558;0.306076;0.691857;-0.555231;-0.345499;-0.381712;-0.533875;0.708467;0.259515;0.664566;0.140231;0.178721;-0.711861;-0.389523;-0.072698;-0.215223;0.892561;-0.389523;-0.072698;-0.215223;0.892561;-0.258415;-0.488985;0.362517;0.750131;0.457603;-0.481483;0.537473;-0.519516;0.495833;-0.439234;0.572516;-0.483165;0.403393;-0.538125;0.539925;-0.506139;0.647196;-0.001617;0.758646;-0.074774;0.245032;0.593593;0.656229;0.396195;0.219673;0.633793;0.617504;0.410780;0.305271;0.540771;0.663529;0.417260;-0.076621;0.854190;0.090739;0.506217;0.532760;-0.497325;0.615804;-0.299366;0.532760;-0.497325;0.615804;-0.299366;0.588402;0.083778;0.787101;0.165034;0.299366;0.615804;0.497325;0.532760;0.588402;0.083778;0.787101;0.165034;0.532760;-0.497325;0.615804;-0.299366
1033544;1;0.462656;-0.540967;0.626016;-0.318449;0.468596;-0.529029;0.636135;-0.309641;0.444692;-0.559435;0.586751;-0.380796;0.473797;-0.510579;0.629724;-0.343908;0.758743;-0.596938;0.030116;0.258975;0.709399;-0.107899;-0.136481;0.682996;0.434072;-0.147963;-0.091523;0.883918;0.575680;0.156779;-0.298256;0.745021;0.670061;0.195224;-0.274634;0.661424;0.670061;0.195224;-0.274634;0.661424;0.541505;0.168559;0.299177;0.767368;0.651320;0.737967;-0.045849;-0.170545;0.309203;0.684732;-0.551818;-0.361984;-0.385879;-0.535207;0.697792;0.278813;0.661467;0.008784;0.310746;-0.682511;0.504293;-0.056326;0.305724;-0.805636;0.504293;-0.056326;0.305724;-0.805636;-0.247649;-0.389912;0.248965;0.851267;0.461585;-0.481057;0.528521;-0.525536;0.500384;-0.439349;0.563668;-0.488739;-0.408716;0.535760;-0.528615;0.516216;0.658020;-0.007930;0.748893;-0.078135;0.241172;0.591325;0.666164;0.385221;0.213444;0.636945;0.622700;0.401233;0.297563;0.545133;0.667958;0.410023;-0.076997;0.860343;0.090813;0.495615;0.534509;-0.493117;0.620437;-0.293587;0.534509;-0.493117;0.620437;-0.293587;0.585552;0.090029;0.787402;0.170358;0.293587;0.620437;0.493117;0.534509;0.585552;0.090029;0.787402;0.170358;0.534509;-0.493117;0.620437;-0.293587
1066888;1;0.485055;-0.521276;0.621916;-0.325904;0.490313;-0.511049;0.630347;-0.317938;0.452022;-0.549765;0.590568;-0.380347;0.481067;-0.500635;0.632754;-0.342873;0.766291;-0.592138;0.034613;0.246925;0.716136;-0.096468;-0.129232;0.679075;0.426424;-0.136256;-0.086263;0.890031;0.560378;0.164592;-0.279859;0.761948;0.673258;0.206566;-0.250484;0.664313;0.673258;0.206566;-0.250484;0.664313;0.535651;0.155082;0.320783;0.765589;0.642734;0.742456;-0.054791;-0.180690;0.302154;0.689313;-0.542126;-0.373697;-0.384961;-0.534375;0.695339;0.287666;0.652912;-0.001945;0.275207;-0.705665;0.544548;-0.041534;0.272062;-0.792290;0.544548;-0.041534;0.272062;-0.792290;-0.256743;-0.407271;0.250747;0.839845;-0.451759;0.492054;-0.505991;0.545684;0.514476;-0.427276;0.561767;-0.486999;0.423566;-0.524430;0.530063;-0.514391;0.667229;0.001196;0.741884;-0.066425;0.258004;0.582227;0.663018;0.393513;0.224293;0.635651;0.611997;0.413643;0.301309;0.543778;0.669201;0.407048;-0.072231;0.860261;0.092622;0.496140;0.540702;-0.489781;0.618561;-0.291784;0.540702;-0.489781;0.618561;-0.291784;0.588656;0.091061;0.783717;0.176011;0.291784;0.618561;0.489782;0.540701;0.588656;0.091061;0.783717;0.176011;0.540702;-0.489781;0.618561;-0.291784
1100211;1;0.486755;-0.520306;0.626187;-0.316609;0.492321;-0.509062;0.635361;-0.307883;0.459691;-0.535904;0.602535;-0.372077;0.488049;-0.485859;0.643571;-0.334015;0.781512;-0.577029;0.033185;0.234892;0.724860;-0.093958;-0.144706;0.666941;0.406384;-0.143058;-0.096450;0.897265;0.558443;0.171149;-0.259879;0.768969;0.655745;0.204190;-0.234810;0.687873;0.655745;0.204190;-0.234810;0.687873;0.529275;0.153422;0.341000;0.761610;0.625564;0.755285;-0.053469;-0.188028;0.299057;0.691644;-0.534658;-0.382536;-0.386891;-0.532032;0.693667;0.293402;0.657559;-0.030169;0.274796;-0.700852;0.604304;-0.050271;0.271837;-0.747257;0.604304;-0.050271;0.271837;-0.747257;-0.369784;-0.443224;0.115625;0.808358;-0.435125;0.509183;-0.501884;0.547276;0.514818;-0.425161;0.574803;-0.473077;0.431315;-0.517856;0.539682;-0.504515;0.665778;0.012709;0.744083;-0.054022;0.264883;0.572411;0.673093;0.386171;0.222100;0.641229;0.607899;0.412256;0.291490;0.555758;0.666427;0.402544;-0.076092;0.866753;0.082238;0.485990;0.527204;-0.495049;0.621206;-0.301806;0.527204;-0.495049;0.621206;-0.301806;0.586198;0.089206;0.789311;0.159380;0.301806;0.621206;0.495049;0.527204;0.586198;0.089206;0.789311;0.159380;0.527204;-0.495049;0.621206;-0.301806
1133555;1;0.501106;-0.508653;0.625210;-0.315084;0.507441;-0.495769;0.635474;-0.304777;0.459610;-0.528751;0.606243;-0.376364;0.488312;-0.478432;0.646693;-0.338294;0.784471;-0.577468;0.046901;0.221213;0.726233;-0.079969;-0.134374;0.669429;0.406514;-0.126159;-0.092387;0.900164;0.552416;0.185032;-0.242563;0.775734;0.653938;0.216660;-0.214784;0.692309;0.653938;0.216660;-0.214784;0.692309;0.531821;0.149028;0.361108;0.751371;0.620507;0.761212;-0.049308;-0.181924;0.299406;0.692639;-0.529476;-0.387637;-0.392434;-0.525178;0.695904;0.293090;0.674411;-0.033102;0.296319;-0.675476;0.586077;-0.069348;0.289986;-0.753401;0.586077;-0.069348;0.289986;-0.753401;-0.374368;-0.439941;0.092938;0.810964;-0.423389;0.520263;-0.483243;0.562623;0.523214;-0.418264;0.573813;-0.471212;0.441821;-0.509644;0.543283;-0.499901;0.669960;0.021134;0.740826;-0.043392;0.277122;0.559026;0.680848;0.383587;0.222784;0.646014;0.598944;0.417492;0.287072;0.563318;0.662592;0.401540;-0.078569;0.869397;0.074205;0.482151;0.522301;-0.493066;0.637281;-0.279214;0.522301;-0.493066;0.637281;-0.279214;0.566756;0.101975;0.799277;0.171889;0.279214;0.637281;0.493066;0.522301;0.566756;0.101975;0.799277;0.171889;0.522301;-0.493066;0.637281;-0.279214
1166888;1;0.496875;-0.510822;0.631276;-0.306051;0.503509;-0.496764;0.642397;-0.295009;0.462074;-0.523038;0.610965;-0.373685;0.490553;-0.472358;0.650942;-0.335426;0.789854;-0.571590;0.046456;0.217387;0.733118;-0.073811;-0.137428;0.661970;0.398572;-0.123530;-0.095263;0.903773;0.550489;0.192502;-0.219188;0.782216;0.651717;0.220513;-0.190983;0.700118;0.651717;0.220513;-0.190983;0.700118;0.519494;0.149845;0.383304;0.748833;0.613983;0.765519;-0.050075;-0.185738;0.307599;0.686631;-0.521812;-0.402036;-0.409608;-0.509004;0.696179;0.297441;0.698045;-0.022696;0.298525;-0.650462;0.578209;-0.072770;0.290408;-0.758974;0.578209;-0.072770;0.290408;-0.758974;-0.374617;-0.458308;0.066435;0.803245;-0.416912;0.525535;-0.477336;0.567581;0.526977;-0.413439;0.577162;-0.467170;0.441489;-0.510721;0.542858;-0.499557;0.669485;0.020070;0.741286;-0.043375;0.293875;0.544561;0.684578;0.385283;0.226995;0.649231;0.586254;0.428112;0.289242;0.561841;0.664289;0.399242;-0.075397;0.869543;0.076432;0.482047;0.518764;-0.497531;0.637729;-0.276854;0.518764;-0.497531;0.637729;-0.276854;0.562587;0.099135;0.802750;0.171056;0.276854;0.637729;0.497531;0.518764;0.562587;0.099135;0.802750;0.171056;0.518764;-0.497531;0.637729;-0.276854
1200222;1;0.490932;-0.511439;0.637619;-0.301426;0.493124;-0.506761;0.641344;-0.297826;0.472504;-0.508249;0.627460;-0.353152;0.499303;-0.456294;0.666197;-0.314123;0.809021;-0.546394;0.050543;0.210675;0.745242;-0.062917;-0.149375;0.646795;0.383271;-0.122384;-0.106272;0.909303;0.540176;0.202971;-0.172421;0.798300;0.632342;0.222249;-0.146736;0.727474;0.632342;0.222249;-0.146736;0.727474;0.490888;0.144104;0.426087;0.746132;0.589720;0.782550;-0.044740;-0.194534;0.312753;0.686262;-0.511565;-0.411741;-0.424155;-0.495836;0.697712;0.295699;0.696913;-0.101026;0.425653;-0.568265;0.542625;-0.198894;0.389651;-0.717057;0.542625;-0.198894;0.389651;-0.717057;-0.398276;-0.356007;-0.047719;0.844013;-0.414503;0.527335;-0.477621;0.567435;0.527802;-0.411145;0.580667;-0.463908;0.446882;-0.504333;0.547348;-0.496342;0.671037;0.027800;0.739961;-0.037337;0.288436;0.535924;0.703083;0.367782;0.210565;0.663768;0.583909;0.417283;0.262797;0.588168;0.656231;0.392883;-0.089836;0.882423;0.052254;0.458834;0.518213;-0.502460;0.623417;-0.300566;0.518213;-0.502460;0.623417;-0.300566;0.578964;0.085529;0.796115;0.153900;0.300566;0.623417;0.502460;0.518213;0.578964;0.085529;0.796115;0.153900;0.518213;-0.502460;0.623417;-0.300566
1233533;1;0.495432;-0.503126;0.641205;-0.300445;0.502562;-0.487453;0.653199;-0.288360;0.473980;-0.502904;0.629100;-0.355900;0.500994;-0.450834;0.667403;-0.316744;0.811619;-0.544384;0.043616;0.207407;0.754210;-0.075599;-0.169789;0.629780;0.396244;-0.143115;-0.118581;0.899137;0.492771;0.172495;-0.205610;0.827736;0.615538;0.202381;-0.176272;0.741002;0.615538;0.202381;-0.176272;0.741002;0.477222;0.117012;0.402343;0.772456;0.583478;0.786593;-0.034710;-0.199047;0.305672;0.686981;-0.515966;-0.410366;-0.420240;-0.487394;0.707539;0.291949;0.694898;-0.115060;0.464173;-0.537048;0.517037;-0.240246;0.413494;-0.709913;0.517037;-0.240246;0.413494;-0.709913;-0.411790;-0.331677;-0.087065;0.844298;-0.407978;0.532117;-0.470547;0.573578;0.527515;-0.411501;0.579001;-0.465996;0.444868;-0.505264;0.534336;-0.511162;0.680005;0.017902;0.731335;-0.049214;0.297266;0.521350;0.713139;0.362298;0.205454;0.672259;0.573091;0.421216;0.275141;0.578581;0.658236;0.395306;-0.082731;0.877090;0.060387;0.469279;0.522787;-0.477243;0.627252;-0.324789;0.522787;-0.477243;0.627252;-0.324789;0.599327;0.106072;0.780996;0.140006;0.324789;0.627252;0.477243;0.522787;0.599327;0.106072;0.780996;0.140006;0.522787;-0.477243;0.627252;-0.324789
1266888;1;0.501477;-0.494632;0.645219;-0.295893;0.509976;-0.475411;0.659510;-0.280992;0.479298;-0.500216;0.628799;-0.353084;0.506070;-0.448180;0.666888;-0.313510;0.816773;-0.542610;0.043980;0.191110;0.757862;-0.069030;-0.174398;0.624872;0.392451;-0.140561;-0.124187;0.900446;0.502688;0.181808;-0.206121;0.819613;0.630632;0.213230;-0.173416;0.725785;0.630632;0.213230;-0.173416;0.725785;0.460261;0.117455;0.389367;0.789149;0.576852;0.793357;-0.021140;-0.193339;0.307796;0.684049;-0.506104;-0.425673;-0.436547;-0.465521;0.712288;0.292170;0.690124;-0.127380;0.517192;-0.489915;0.516418;-0.273240;0.457223;-0.670522;0.516418;-0.273240;0.457223;-0.670522;-0.419326;-0.299885;-0.140271;0.845316;-0.398771;0.539026;-0.462812;0.579861;0.531477;-0.405768;0.583190;-0.461275;0.440912;-0.509234;0.529152;-0.516019;0.680617;0.011397;0.730452;-0.055412;0.303549;0.513139;0.716978;0.361233;0.206530;0.672334;0.570373;0.424248;0.285913;0.576974;0.648358;0.406186;-0.082779;0.869083;0.054507;0.484636;0.505821;-0.476681;0.635589;-0.336076;0.505821;-0.476681;0.635589;-0.336076;0.595311;0.112365;0.786493;0.120028;0.336076;0.635589;0.476681;0.505821;0.595311;0.112365;0.786493;0.120028;0.505821;-0.476681;0.635589;-0.336076
1300211;1;0.494969;-0.500930;0.646969;-0.292413;0.503484;-0.481377;0.661647;-0.277495;0.485105;-0.486905;0.637305;-0.348481;0.511488;-0.434229;0.674299;-0.308457;0.823904;-0.528632;0.044570;0.199359;0.762156;-0.064804;-0.177151;0.619303;0.402690;-0.137482;-0.129154;0.895689;0.488981;0.175538;-0.224925;0.824313;0.645956;0.217496;-0.184663;0.708051;0.645956;0.217496;-0.184663;0.708051;0.464406;0.103182;0.371764;0.797166;0.566511;0.799868;-0.042106;-0.193660;0.296805;0.687128;-0.510886;-0.422798;-0.430102;-0.454636;0.725572;0.286117;0.640166;-0.227253;0.624458;-0.385481;0.503119;-0.396413;0.533338;-0.552521;0.503119;-0.396413;0.533338;-0.552521;-0.432185;-0.161334;-0.303981;0.833536;-0.401128;0.534863;-0.455926;0.587494;0.537905;-0.400709;0.577402;-0.465507;0.440167;-0.511555;0.525140;-0.518452;0.681797;0.006911;0.729235;-0.057637;0.306960;0.507687;0.721692;0.356637;0.205272;0.675899;0.567216;0.423427;0.282488;0.577461;0.653790;0.399121;-0.080215;0.873210;0.058005;0.477184;0.525783;-0.468274;0.636117;-0.315638;0.525783;-0.468274;0.636117;-0.315638;0.594974;0.118683;0.780922;0.148595;0.315638;0.636117;0.468274;0.525783;0.594974;0.118683;0.780922;0.148595;0.525783;-0.468274;0.636117;-0.315638
1333555;1;0.496702;-0.496870;0.650598;-0.288323;0.509921;-0.465191;0.673613;-0.264241;0.477452;-0.492447;0.633701;-0.357712;0.504601;-0.440042;0.671151;-0.318271;0.816739;-0.539120;0.046421;0.200331;0.771899;-0.055169;-0.176382;0.608291;0.410834;-0.129347;-0.131999;0.892783;0.461970;0.166219;-0.227226;0.841025;0.640848;0.213466;-0.183555;0.714181;0.640848;0.213466;-0.183555;0.714181;0.445880;0.085735;0.370141;0.810454;0.575873;0.791960;-0.041760;-0.198558;0.297955;0.685563;-0.502775;-0.434101;-0.444358;-0.433395;0.731401;0.282431;0.660935;-0.166578;0.625408;-0.379845;0.500361;-0.361955;0.536536;-0.575114;0.500361;-0.361955;0.536536;-0.575114;-0.423635;-0.209398;-0.261719;0.841540;-0.402051;0.533753;-0.456889;0.587125;0.538162;-0.400062;0.577585;-0.465540;0.438427;-0.513246;0.524817;-0.518582;0.680660;0.005476;0.730204;-0.058948;0.316992;0.501768;0.720206;0.359233;0.210795;0.674407;0.561809;0.430245;0.277193;0.581095;0.654121;0.397013;-0.082504;0.875992;0.055694;0.471942;0.553687;-0.435106;0.651930;-0.281248;0.553687;-0.435106;0.651930;-0.281248;0.590388;0.153317;0.768651;0.192644;0.281248;0.651930;0.435106;0.553687;0.590388;0.153317;0.768651;0.192644;0.553687;-0.435106;0.651930;-0.281248
1366877;1;0.509823;-0.487584;0.642381;-0.299481;0.520101;-0.464548;0.659232;-0.281253;0.490768;-0.470497;0.640762;-0.356657;0.517789;-0.417597;0.676429;-0.316152;0.827330;-0.523539;0.045699;0.198355;0.770438;-0.060066;-0.190018;0.605567;0.401583;-0.141364;-0.140467;0.893877;0.471469;0.155454;-0.228907;0.837348;0.645554;0.202381;-0.188697;0.711826;0.645554;0.202381;-0.188697;0.711826;0.439293;0.117171;0.376811;0.807035;0.560182;0.806713;-0.066528;-0.176024;0.285723;0.695017;-0.500542;-0.429851;-0.430752;-0.444741;0.731980;0.284364;0.651431;-0.164264;0.651057;-0.353241;-0.480134;0.388072;-0.547959;0.564458;-0.480134;0.388072;-0.547959;0.564458;-0.384621;-0.172820;-0.245886;0.872777;-0.395510;0.537937;-0.445429;0.596480;0.542634;-0.396823;0.574745;-0.466636;0.436219;-0.517892;0.523739;-0.516912;0.677931;0.001418;0.732729;-0.059297;0.313672;0.498095;0.727876;0.351722;0.201629;0.683464;0.557462;0.425980;0.280003;0.580869;0.653391;0.396574;-0.080202;0.875327;0.055322;0.473613;0.555934;-0.398413;0.688457;-0.241310;0.555934;-0.398413;0.688457;-0.241310;0.563737;0.205092;0.768533;0.222473;0.241310;0.688457;0.398413;0.555934;0.563737;0.205092;0.768533;0.222473;0.555934;-0.398413;0.688457;-0.241310
1400222;1;0.514456;-0.477076;0.647404;-0.297661;0.526786;-0.448782;0.667329;-0.275252;0.490252;-0.463838;0.643697;-0.360779;0.517606;-0.410724;0.678821;-0.320302;0.830835;-0.522934;0.046699;0.184588;0.773050;-0.055606;-0.192176;0.601972;0.405723;-0.138388;-0.144473;0.891833;0.472701;0.146788;-0.231959;0.837378;0.631910;0.190564;-0.197578;0.724802;0.631910;0.190564;-0.197578;0.724802;0.426363;0.090177;0.361341;0.824327;0.554671;0.810583;-0.059106;-0.178330;0.291824;0.687118;-0.494612;-0.445047;-0.447811;-0.426028;0.731623;0.287564;0.480079;-0.362808;0.683517;-0.413158;0.546322;-0.234502;0.737451;-0.320479;0.546322;-0.234502;0.737451;-0.320479;-0.200293;0.099623;-0.234292;0.946079;-0.385487;0.549274;-0.442472;0.594909;0.540218;-0.398980;0.581650;-0.458981;0.440762;-0.513517;0.526606;-0.514505;0.679451;0.006570;0.731671;-0.054416;0.326770;0.487423;0.726406;0.357735;0.208108;0.678395;0.552277;0.437563;0.282413;0.569977;0.663298;0.394213;-0.076742;0.874573;0.070006;0.473638;0.583083;-0.358263;0.699622;-0.205406;0.583083;-0.358263;0.699622;-0.205406;0.557546;0.241377;0.748037;0.267058;0.205406;0.699622;0.358263;0.583083;0.557546;0.241377;0.748037;0.267058;0.583083;-0.358263;0.699622;-0.205406
1433544;1;0.506065;-0.484325;0.648395;-0.298180;0.517821;-0.457441;0.667634;-0.277264;0.498809;-0.447497;0.653399;-0.352145;0.525442;-0.393657;0.687180;-0.311010;0.841314;-0.504464;0.040867;0.189834;0.772091;-0.062942;-0.205392;0.598104;0.408598;-0.150684;-0.153108;0.887074;0.480382;0.147418;-0.243100;0.829701;0.635233;0.192657;-0.209077;0.718087;0.635233;0.192657;-0.209077;0.718087;0.367444;0.159955;0.350205;0.846614;0.538961;0.820469;-0.077345;-0.174265;0.279343;0.693790;-0.506045;-0.429583;-0.423503;-0.444712;0.734614;0.288478;0.520732;-0.392760;0.644022;-0.399765;0.568820;-0.304575;0.690116;-0.327747;0.568820;-0.304575;0.690116;-0.327747;-0.276420;0.084768;-0.102504;0.951787;-0.392862;0.542704;-0.443393;0.595428;0.536999;-0.405391;0.571664;-0.469564;0.440463;-0.513594;0.523484;-0.517860;0.681590;0.004300;0.729498;-0.056994;0.323756;0.486655;0.729788;0.354624;0.205896;0.678954;0.555363;0.433820;0.278587;0.577637;0.656196;0.397656;-0.081944;0.875008;0.059599;0.473386;0.578837;-0.312552;0.736361;-0.158216;0.578837;-0.312552;0.736361;-0.158216;0.521174;0.299678;0.741693;0.297424;0.158216;0.736361;0.312552;0.578836;0.521174;0.299678;0.741693;0.297424;0.578837;-0.312552;0.736361;-0.158216
1466888;1;0.497906;-0.480018;0.662469;-0.287762;0.511543;-0.446630;0.685422;-0.262758;0.504739;-0.427963;0.668956;-0.338502;0.530259;-0.372938;0.701122;-0.296935;0.858886;-0.481419;0.039718;0.170214;0.773121;-0.061145;-0.216523;0.593012;0.423260;-0.152097;-0.165793;0.877628;0.474518;0.152123;-0.264752;0.825589;0.634126;0.203308;-0.227818;0.710386;0.634126;0.203308;-0.227818;0.710386;0.267653;0.273945;0.315469;0.868214;0.514324;0.834277;-0.075737;-0.183621;0.274557;0.688223;-0.516132;-0.429623;-0.420277;-0.432672;0.743530;0.288660;0.526121;-0.354312;0.628547;-0.450097;0.596634;-0.239110;0.680761;-0.351309;0.596634;-0.239110;0.680761;-0.351309;-0.228382;0.038040;-0.184376;0.955196;-0.381225;0.555937;-0.451468;0.584617;0.522488;-0.416531;0.582589;-0.462708;-0.423863;0.527948;-0.524979;0.515760;0.668398;-0.004887;0.740750;-0.067153;0.320530;0.477577;0.744611;0.338726;0.199029;0.685974;0.558520;0.421761;0.270809;0.582096;0.662526;0.385858;-0.079150;0.882549;0.060937;0.459488;0.594872;-0.266959;0.738346;-0.172354;0.594872;-0.266959;0.738346;-0.172354;0.542510;0.333321;0.710858;0.298765;0.172354;0.738346;0.266959;0.594872;0.542510;0.333321;0.710858;0.298765;0.594872;-0.266959;0.738346;-0.172354
1500211;1;0.501063;-0.468375;0.670036;-0.283925;0.516238;-0.429949;0.695318;-0.255294;0.512714;-0.412840;0.671531;-0.340196;0.538344;-0.357658;0.702476;-0.297984;0.867161;-0.474109;0.038185;0.147631;0.775878;-0.057270;-0.231777;0.583963;0.424697;-0.156563;-0.180246;0.873288;0.484487;0.154490;-0.281546;0.813718;0.629000;0.204726;-0.247432;0.707972;0.629000;0.204726;-0.247432;0.707972;0.227386;0.306605;0.279659;0.880954;0.503500;0.843736;-0.087839;-0.163957;0.259582;0.690287;-0.515371;-0.436480;-0.411466;-0.429120;0.746966;0.297646;0.533484;-0.372588;0.582748;-0.486804;0.610450;-0.264844;0.638964;-0.385919;0.610450;-0.264844;0.638964;-0.385919;-0.236821;0.018296;-0.229784;0.943812;-0.374922;0.563019;-0.452176;0.581361;0.518953;-0.418821;0.588269;-0.457401;-0.423737;0.527547;-0.526727;0.514490;0.667419;-0.003367;0.741713;-0.066349;0.315155;0.474428;0.753392;0.328628;0.193808;0.690204;0.562385;0.412043;0.265768;0.585512;0.665703;0.378658;-0.077660;0.887162;0.060777;0.450798;0.587562;-0.271854;0.756252;-0.094598;0.587562;-0.271854;0.756252;-0.094598;0.482360;0.342521;0.726981;0.348578;0.094598;0.756252;0.271854;0.587562;0.482360;0.342521;0.726981;0.348578;0.587562;-0.271854;0.756252;-0.094598
1533555;1;0.502458;-0.459565;0.683657;-0.262582;0.518971;-0.412574;0.713000;-0.228216;0.523295;-0.394286;0.679144;-0.330854;0.548142;-0.338553;0.708576;-0.287823;0.879151;-0.454992;0.035910;0.137064;0.795751;-0.032022;-0.228526;0.559938;0.406397;-0.142566;-0.181452;0.884077;0.550269;-0.197866;-0.594139;0.552315;0.649297;-0.075498;-0.621652;0.431580;0.649297;-0.075498;-0.621652;0.431580;0.328952;0.386101;-0.244348;0.826444;0.481091;0.858038;-0.084822;-0.158515;0.234904;0.702509;-0.530244;-0.412483;-0.380632;-0.430829;0.767505;0.283623;0.454484;-0.466694;0.606780;-0.455476;0.527037;-0.353567;0.678952;-0.369116;0.527037;-0.353567;0.678952;-0.369116;-0.230340;0.120530;-0.394371;0.881412;-0.368567;0.564115;-0.440545;0.593172;0.522842;-0.414593;0.583470;-0.462937;-0.419522;0.531447;-0.524350;0.516354;0.665749;-0.007833;0.742785;-0.070617;0.333469;0.457825;0.756721;0.326448;0.202905;0.687601;0.556245;0.420269;0.273187;0.590363;0.652420;0.388830;-0.079631;0.881324;0.047942;0.463280;0.586233;-0.208889;0.775706;-0.104768;0.586233;-0.208889;0.775706;-0.104768;0.488612;0.400800;0.696214;0.340447;0.104768;0.775706;0.208889;0.586233;0.488612;0.400800;0.696214;0.340447;0.586233;-0.208889;0.775706;-0.104768
1566877;1;0.506448;-0.442168;0.693001;-0.260284;0.525616;-0.385416;0.726098;-0.219010;0.531489;-0.367527;0.693196;-0.319252;0.555379;-0.310754;0.720437;-0.275602;0.894514;-0.428550;0.039756;0.120866;0.804755;-0.010687;-0.248568;0.538952;0.400882;-0.139851;-0.205772;0.881699;0.584815;-0.077454;-0.417279;0.691282;0.662037;-0.027855;-0.423491;0.617727;0.662037;-0.027855;-0.423491;0.617727;0.324174;0.344245;0.041181;0.880176;0.453708;0.869739;-0.099590;-0.166687;0.222933;0.704885;-0.549374;-0.389391;-0.347148;-0.462599;0.764642;0.284276;0.582900;-0.171380;0.225251;-0.761655;0.663554;-0.145420;0.242821;-0.692522;0.663554;-0.145420;0.242821;-0.692522;-0.384084;-0.312133;0.214818;0.841965;-0.357636;0.578834;-0.436978;0.588300;0.516704;-0.422379;0.589591;-0.454968;-0.422504;0.529728;-0.522722;0.517340;0.668546;-0.007752;0.740402;-0.069215;0.338316;0.443316;0.765446;0.321100;0.199841;0.689565;0.553992;0.421493;0.270184;0.585998;0.660580;0.383719;-0.078112;0.883938;0.056801;0.457521;0.580653;-0.167476;0.790472;-0.099743;0.580653;-0.167476;0.790472;-0.099743;0.481112;0.440525;0.677371;0.340055;0.099743;0.790472;0.167476;0.580653;0.481112;0.440525;0.677371;0.340055;0.580653;-0.167476;0.790472;-0.099743
1600222;1;0.518152;-0.427709;0.691295;-0.265885;0.545130;-0.345951;0.735624;-0.204962;0.538705;-0.325022;0.708633;-0.319370;0.562581;-0.267148;0.732415;-0.275141;0.909676;-0.400793;0.035114;0.103061;0.809570;-0.001291;-0.259376;0.526611;0.408662;-0.138250;-0.219465;0.875053;0.549806;0.007654;-0.497109;0.671221;0.652937;0.089500;-0.489045;0.571400;0.652937;0.089500;-0.489045;0.571400;0.367867;0.343320;0.020736;0.863930;0.425731;0.869044;-0.158390;-0.196030;0.219107;0.697570;-0.566528;-0.380045;-0.332962;-0.469627;0.766164;0.285620;0.690121;-0.199166;0.424095;-0.551552;-0.342766;0.377578;-0.277414;0.814241;-0.342766;0.377578;-0.277414;0.814241;-0.292393;-0.247203;0.165867;0.908782;-0.342836;0.592950;-0.426343;0.590852;0.520870;-0.416051;0.600236;-0.441941;-0.407929;0.544459;-0.503251;0.532819;0.669098;-0.032046;0.736968;-0.090332;0.340574;0.424042;0.782732;0.302537;0.188781;0.704978;0.543556;0.414627;0.274639;0.586266;0.661843;0.377927;-0.070866;0.885012;0.057467;0.456540;0.597302;-0.149412;0.783956;-0.079497;0.597302;-0.149412;0.783956;-0.079497;0.478569;0.448691;0.659990;0.366143;0.079497;0.783956;0.149412;0.597302;0.478569;0.448691;0.659990;0.366143;0.597302;-0.149412;0.783956;-0.079497
1633544;1;0.521160;-0.398401;0.708328;-0.260653;0.547487;-0.315017;0.749144;-0.199515;0.544869;-0.282782;0.727816;-0.305674;0.567627;-0.223505;0.748149;-0.260994;0.929212;-0.363435;0.035589;0.056678;0.818914;0.009058;-0.291141;0.494505;0.410372;-0.153015;-0.247854;0.864147;0.515048;-0.098271;-0.647544;0.552952;0.621308;0.042368;-0.653587;0.430123;0.621308;0.042368;-0.653587;0.430123;0.337214;0.361234;-0.204806;0.844897;0.384183;0.886189;-0.171606;-0.193967;0.176531;0.712641;-0.589568;-0.336734;-0.276596;-0.481712;0.789558;0.260860;0.704248;-0.190954;0.298979;-0.614966;-0.385472;0.297823;-0.192752;0.851798;-0.385472;0.297823;-0.192752;0.851798;-0.296546;-0.308030;0.295562;0.854296;-0.325119;0.617121;-0.424520;0.577271;0.509309;-0.425653;0.616362;-0.423701;-0.409107;0.540892;-0.498484;0.539983;0.674949;-0.032899;0.731038;-0.094578;0.325487;0.404522;0.806864;0.281761;0.170921;0.714821;0.551056;0.395164;0.272400;0.588674;0.663679;0.372547;-0.068669;0.887983;0.057061;0.451125;0.580377;-0.148984;0.790642;-0.125903;0.580377;-0.148984;0.790642;-0.125903;0.499415;0.453721;0.664416;0.321362;0.125903;0.790642;0.148984;0.580377;0.499415;0.453721;0.664416;0.321362;0.580377;-0.148984;0.790642;-0.125903
1666888;1;0.538675;-0.367558;0.711310;-0.262236;0.570234;-0.263734;0.755980;-0.183770;0.550273;-0.257091;0.730468;-0.312284;0.573543;-0.197684;0.748732;-0.267150;0.934647;-0.352100;0.040267;0.028966;0.818951;0.024913;-0.297418;0.490143;0.428638;-0.138390;-0.264436;0.852755;-0.495693;0.173940;0.732588;-0.432838;0.595945;0.035125;-0.752135;0.279124;0.595945;0.035125;-0.752135;0.279124;0.352805;0.390273;-0.345539;0.777057;0.368418;0.889336;-0.195854;-0.187059;0.171587;0.710705;-0.600566;-0.323693;-0.260425;-0.498917;0.785406;0.257678;0.677588;-0.013103;-0.015992;-0.735151;-0.495126;0.009176;0.018527;0.868575;-0.495126;0.009176;0.018527;0.868575;-0.319683;-0.473567;0.490052;0.658321;-0.308598;0.627924;-0.407326;0.586996;0.511436;-0.421835;0.618294;-0.422139;-0.405116;0.544569;-0.498082;0.539667;0.671907;-0.035805;0.733362;-0.097151;0.333910;0.389579;0.813827;0.272796;0.171163;0.720203;0.543464;0.395800;0.279950;0.578092;0.674682;0.363651;-0.056955;0.888213;0.072256;0.450125;0.580621;-0.068494;0.806373;-0.089168;0.580621;-0.068494;0.806373;-0.089168;0.473612;0.521759;0.618624;0.347509;0.089168;0.806373;0.068494;0.580621;0.473612;0.521759;0.618624;0.347509;0.580621;-0.068494;0.806373;-0.089168
1700222;1;0.542017;-0.354654;0.719929;-0.249280;0.577396;-0.222579;0.771062;-0.150121;0.551487;-0.215912;0.747110;-0.301778;0.573912;-0.155303;0.762019;-0.256581;0.947257;-0.317436;0.043891;0.003502;0.833314;0.056256;-0.318087;0.448601;0.411969;-0.140949;-0.290650;0.852020;-0.491120;0.168069;0.723419;-0.455212;0.592968;0.026712;-0.742206;0.311137;0.592968;0.026712;-0.742206;0.311137;0.337325;0.383303;-0.329164;0.794318;0.334384;0.884958;-0.236746;-0.221333;0.189081;0.702324;-0.606955;-0.320305;-0.267301;-0.516077;0.771568;0.258645;0.592214;0.340183;-0.408340;-0.605653;0.543779;0.370639;-0.380910;-0.649491;0.543779;0.370639;-0.380910;-0.649491;-0.249797;-0.593701;0.739271;0.196469;-0.302452;0.635099;-0.401389;0.586566;0.506545;-0.429372;0.616550;-0.422987;-0.409098;0.540993;-0.496249;0.541942;0.676315;-0.034554;0.729517;-0.095965;0.332477;0.383048;0.818611;0.269460;0.173822;0.713220;0.555091;0.391123;0.285881;0.574551;0.673160;0.367450;-0.055411;0.884668;0.073661;0.457019;0.570919;-0.040487;0.816906;-0.071254;0.570919;-0.040487;0.816906;-0.071254;0.454085;0.549011;0.606268;0.353317;0.071254;0.816906;0.040487;0.570919;0.454085;0.549011;0.606268;0.353317;0.570919;-0.040487;0.816906;-0.071254
1733555;1;0.543760;-0.322924;0.732030;-0.253332;0.581643;-0.179794;0.779629;-0.146775;0.545515;-0.170711;0.760036;-0.309218;0.568556;-0.109212;0.771278;-0.264475;0.953980;-0.292777;0.062773;-0.016232;0.863696;0.081124;-0.319789;0.381028;0.403853;-0.147889;-0.294915;0.853262;-0.494651;0.124248;0.702119;-0.496903;0.569573;-0.007197;-0.712991;0.408875;0.569573;-0.007197;-0.712991;0.408875;0.319866;0.409556;-0.283463;0.805977;0.310407;0.873606;-0.294133;-0.232262;0.192957;0.689085;-0.622725;-0.316454;-0.263214;-0.519644;0.769802;0.260948;0.637628;0.237032;-0.331712;-0.653615;0.571618;0.267919;-0.307305;-0.712065;0.571618;0.267919;-0.307305;-0.712065;-0.352442;-0.625370;0.625934;0.304800;-0.284075;0.645737;-0.400349;0.584846;0.496176;-0.428952;0.627127;-0.420144;-0.377993;0.567011;-0.495337;0.538759;0.652106;-0.053766;0.747343;-0.115522;0.329691;0.376796;0.827827;0.253043;0.170496;0.724130;0.550332;0.379080;0.295174;0.542972;0.712065;0.333191;-0.024395;0.889544;0.123339;0.439209;0.598658;-0.031317;0.789299;-0.132799;0.598658;-0.031317;0.789299;-0.132799;0.517218;0.535974;0.580263;0.329412;0.132799;0.789299;0.031317;0.598658;0.517218;0.535974;0.580263;0.329412;0.598658;-0.031317;0.789299;-0.132799
1766866;1;0.550210;-0.299150;0.740181;-0.244766;0.587780;-0.146673;0.784758;-0.130980;0.548402;-0.131789;0.767260;-0.305283;0.571118;-0.069836;0.775358;-0.260322;0.959845;-0.264203;0.069020;-0.064269;0.861158;0.104621;-0.333569;0.369044;0.418665;-0.135734;-0.322164;0.838156;-0.461009;0.131065;0.745748;-0.462766;0.551993;0.037227;-0.756262;0.349265;0.551993;0.037227;-0.756262;0.349265;0.308786;0.440111;-0.312247;0.783234;0.276210;0.880606;-0.307920;-0.231141;0.204419;0.692559;-0.613535;-0.319609;-0.276085;-0.522336;0.763694;0.260220;-0.422915;0.502943;-0.516660;0.548865;-0.300009;0.599083;-0.401234;0.624584;-0.300009;0.599083;-0.401234;0.624584;-0.375228;0.128755;-0.023675;0.917641;-0.271294;0.652084;-0.395690;0.587040;0.490167;-0.429546;0.630324;-0.421804;-0.373257;0.566519;-0.498257;0.539885;0.649550;-0.051382;0.749082;-0.119672;0.330228;0.364364;0.835146;0.246414;0.168302;0.725282;0.551498;0.376152;0.293362;0.545632;0.710895;0.332946;-0.025525;0.890599;0.120642;0.437753;0.618732;-0.024781;0.779458;-0.094879;0.618732;-0.024781;0.779458;-0.094879;0.504599;0.533637;0.568683;0.370421;0.094879;0.779458;0.024781;0.618732;0.504599;0.533637;0.568683;0.370421;0.618732;-0.024781;0.779458;-0.094879
1800222;1;0.551637;-0.270224;0.744713;-0.260919;0.594035;-0.108337;0.784781;-0.139657;0.550635;-0.084635;0.766542;-0.319455;0.574480;-0.022891;0.770860;-0.274269;0.958617;-0.246740;0.057503;-0.129868;0.871020;0.114672;-0.328844;0.346463;0.418058;-0.133830;-0.321524;0.839011;-0.473481;0.018401;0.703657;-0.529475;0.530529;0.061602;-0.701197;0.472299;0.530529;0.061602;-0.701197;0.472299;0.305909;0.394066;-0.226642;0.836519;0.244495;0.877005;-0.339161;-0.236756;0.199126;0.690281;-0.624555;-0.306255;-0.261473;-0.536418;0.760797;0.255099;-0.492878;0.448165;-0.428320;0.610542;-0.233392;0.574405;-0.233171;0.749145;-0.233392;0.574405;-0.233171;0.749145;-0.485293;0.047304;0.162780;0.857762;-0.256118;0.661366;-0.382092;0.592457;0.495682;-0.418177;0.639189;-0.413357;-0.370834;0.568106;-0.502742;0.535712;0.644914;-0.049340;0.753409;-0.118431;0.323089;0.338188;0.854694;0.225255;0.158321;0.734270;0.552877;0.360707;0.292582;0.553685;0.707136;0.328311;-0.022864;0.893647;0.112286;0.433895;0.619315;0.017313;0.781681;-0.071583;0.619315;0.017313;0.781681;-0.071583;0.488539;0.564974;0.540489;0.387305;0.071583;0.781681;-0.017313;0.619315;0.488539;0.564974;0.540489;0.387305;0.619315;0.017313;0.781681;-0.071583
1833555;1;0.546882;-0.289343;0.747092;-0.243010;0.594992;-0.047080;0.799781;-0.064175;0.503995;-0.041445;0.782381;-0.363527;0.531524;0.021430;0.783184;-0.321939;0.951890;-0.258582;0.079157;-0.144138;0.863578;0.173680;-0.323441;0.345621;0.388200;-0.096787;-0.354134;0.845294;-0.345320;0.311013;0.838148;0.285541;-0.252534;0.066246;0.891534;0.370143;-0.252534;0.066246;0.891534;0.370143;-0.491676;-0.216277;0.816927;-0.210022;0.228333;0.835662;-0.381861;-0.322048;0.296036;0.666690;-0.589883;-0.346302;-0.361879;-0.528671;0.716202;0.276777;0.733650;-0.123456;0.013805;-0.668076;-0.257480;0.111407;0.054960;0.958265;-0.257480;0.111407;0.054960;0.958265;0.568491;0.356297;-0.484024;-0.561776;-0.271132;0.650227;-0.324921;0.630967;0.554429;-0.394523;0.610542;-0.405215;-0.402917;0.563526;-0.460251;0.555216;0.681232;-0.075987;0.719832;-0.109503;0.419461;0.417383;0.728296;0.345584;0.147170;0.758481;0.359569;0.523218;0.287804;0.617416;0.574643;0.453599;-0.115299;0.846087;-0.026118;0.519769;0.639468;0.036419;0.763576;-0.081896;0.639468;0.036419;0.763576;-0.081896;0.510081;0.565681;0.514178;0.394263;0.081896;0.763576;-0.036419;0.639468;0.510081;0.565681;0.514178;0.394263;0.639468;0.036419;0.763576;-0.081896
1866888;1;0.537113;-0.240684;0.763526;-0.265721;0.589574;-0.020719;0.800295;-0.107243;0.482616;-0.016473;0.777826;-0.402241;0.513319;0.045957;0.776642;-0.362242;0.941579;-0.266842;0.112448;-0.171986;0.875787;0.222885;-0.304929;0.300562;0.398168;-0.061850;-0.372604;0.835945;-0.333797;0.347847;0.875845;0.021848;-0.315611;0.099383;0.937137;0.110847;-0.315611;0.099383;0.937137;0.110847;-0.463480;-0.250340;0.689058;-0.497711;0.239079;0.827549;-0.416262;-0.291084;0.265042;0.678913;-0.617448;-0.295952;-0.317764;-0.545169;0.738211;0.238455;-0.485393;0.495973;-0.419348;0.585279;-0.240434;0.614189;-0.211222;0.721352;-0.240434;0.614189;-0.211222;0.721352;-0.429844;0.068792;0.169471;0.884184;-0.276334;0.631775;-0.303646;0.657495;0.584318;-0.372661;0.593722;-0.408889;-0.406233;0.573603;-0.446219;0.553934;0.682666;-0.093007;0.716971;-0.106160;0.470554;0.488156;0.642240;0.357507;0.161809;0.775954;0.220523;0.568403;0.304322;0.669176;0.471266;0.487339;-0.127975;0.810244;-0.135890;0.555572;0.775384;-0.042140;0.606128;-0.172080;0.775384;-0.042140;0.606128;-0.172080;0.669959;0.398800;0.458395;0.426601;0.172080;0.606128;0.042140;0.775384;0.669959;0.398800;0.458395;0.426601;0.775384;-0.042140;0.606128;-0.172080
1900200;1;0.541686;-0.220742;0.773558;-0.243836;0.587005;-0.007258;0.804405;-0.091134;0.500203;-0.006939;0.769139;-0.397711;0.530486;0.054764;0.767218;-0.356318;0.941762;-0.258064;0.093863;-0.194105;0.880048;0.203046;-0.316800;0.289700;0.398397;-0.088829;-0.365649;0.836475;-0.355584;0.325917;0.875885;0.012788;-0.339135;0.079134;0.931200;0.107662;-0.339135;0.079134;0.931200;0.107662;0.515301;0.235748;-0.676914;0.469760;0.230084;0.835890;-0.422061;-0.264977;0.218112;0.694124;-0.631275;-0.268535;-0.269691;-0.545901;0.763092;0.216681;-0.460327;0.488070;-0.363793;0.646174;-0.294730;0.560170;-0.238258;0.736598;-0.294730;0.560170;-0.238258;0.736598;-0.464197;0.055999;0.166872;0.868066;-0.257612;0.643604;-0.293766;0.658112;0.584781;-0.364489;0.606396;-0.396816;-0.411855;0.561845;-0.453298;0.556081;0.688148;-0.079663;0.713675;-0.103797;0.502026;0.525387;0.586039;0.358464;0.164618;0.777109;0.124686;0.594521;0.303968;0.695979;0.402059;0.511435;-0.145592;0.780634;-0.203798;0.572608;0.733134;0.061864;0.676248;-0.037098;0.733134;0.061864;0.676248;-0.037098;0.544636;0.521924;0.434436;0.492171;0.037098;0.676248;-0.061864;0.733134;0.544636;0.521924;0.434436;0.492171;0.733134;0.061864;0.676248;-0.037098
1933555;1;0.532471;-0.212615;0.787529;-0.225979;0.574769;0.020363;0.815471;-0.065055;0.484816;0.016572;0.789083;-0.376864;0.513477;0.079798;0.785213;-0.336771;0.944376;-0.231720;0.099585;-0.211050;0.878474;0.199582;-0.325099;0.287683;0.409314;-0.092536;-0.370080;0.828818;-0.404992;0.346505;0.843485;-0.066709;-0.400913;0.009630;0.911833;0.087958;-0.400913;0.009630;0.911833;0.087958;0.516955;0.256903;-0.617263;0.534551;0.212510;0.826550;-0.442969;-0.274653;0.238380;0.684443;-0.633743;-0.270339;-0.286485;-0.547844;0.754956;0.218711;0.669701;-0.114323;-0.131259;-0.721943;0.507249;-0.084945;-0.151931;-0.844038;0.507249;-0.084945;-0.151931;-0.844038;-0.499585;-0.381981;0.564627;0.534511;-0.248859;0.649033;-0.286561;0.659325;0.584920;-0.362871;0.609697;-0.393018;-0.411963;0.557486;-0.450681;0.562479;0.692706;-0.078439;0.708720;-0.108267;0.507495;0.548640;0.564082;0.351075;0.157329;0.783602;0.071679;0.596723;0.282877;0.715836;0.372530;0.518440;-0.165704;0.773879;-0.238629;0.562770;0.791378;0.042507;0.591569;-0.148193;0.791378;0.042507;0.591569;-0.148193;0.664377;0.448359;0.388245;0.454801;0.148193;0.591569;-0.042507;0.791378;0.664377;0.448359;0.388245;0.454801;0.791378;0.042507;0.591569;-0.148193
1966877;1;0.513809;-0.180587;0.805324;-0.234183;0.559595;0.060207;0.823124;-0.075462;0.512245;0.036002;0.778035;-0.361900;0.539617;0.098279;0.772641;-0.319656;0.952392;-0.205433;0.079360;-0.210828;0.875870;0.194352;-0.332186;0.291087;0.404529;-0.101496;-0.371240;0.829600;-0.333338;0.472089;0.747926;0.326534;-0.095467;-0.023541;0.884142;0.456754;-0.095467;-0.023541;0.884142;0.456754;0.510666;0.152002;-0.833618;0.145591;0.189307;0.835068;-0.456530;-0.241669;0.199436;0.692248;-0.648412;-0.246128;-0.244551;-0.548892;0.773540;0.201366;0.634580;0.036386;-0.347592;-0.689321;0.506410;0.095694;-0.336135;-0.788293;0.506410;0.095694;-0.336135;-0.788293;-0.480473;-0.460904;0.670503;0.327320;-0.226378;0.663123;-0.319654;0.637842;0.541080;-0.376174;0.632810;-0.406542;-0.370971;0.572841;-0.472544;0.557617;0.660347;-0.074069;0.735235;-0.133734;0.508085;0.560730;0.564469;0.329858;0.137986;0.795407;0.018544;0.589867;0.271200;0.744778;0.315197;0.521926;-0.176806;0.754018;-0.299652;0.557141;0.809111;0.051921;0.574119;-0.114153;0.809111;0.051921;0.574119;-0.114153;0.652846;0.442677;0.369250;0.491410;0.114153;0.574119;-0.051921;0.809111;0.652846;0.442677;0.369250;0.491410;0.809111;0.051921;0.574119;-0.114153
2000222;1;0.525905;-0.184222;0.798061;-0.229313;0.569334;0.049536;0.817549;-0.070846;0.513882;0.050087;0.774971;-0.364469;0.541455;0.112073;0.768458;-0.322085;0.948460;-0.202818;0.064388;-0.234825;0.879190;0.200294;-0.334361;0.274061;0.398092;-0.108423;-0.374379;0.830426;-0.354417;0.438958;0.817272;0.117353;-0.239077;-0.058568;0.925844;0.286750;-0.239077;-0.058568;0.925844;0.286750;0.542434;0.236198;-0.727355;0.347751;0.174242;0.841147;-0.449892;-0.244354;0.193004;0.703749;-0.632325;-0.260100;-0.251677;-0.524186;0.787608;0.203866;0.598235;-0.077604;-0.248226;-0.757942;-0.442382;0.028742;0.258481;0.858289;-0.442382;0.028742;0.258481;0.858289;-0.422211;-0.365329;0.683816;0.469753;-0.218900;0.656302;-0.294061;0.659453;0.567587;-0.353683;0.626226;-0.400741;-0.387166;0.562284;-0.466246;0.562631;0.675303;-0.070973;0.723242;-0.125894;0.534620;0.563805;0.537170;0.328258;0.146992;0.778517;-0.017653;0.609912;0.273083;0.737787;0.296316;0.541565;-0.189348;0.735847;-0.308059;0.572518;0.802912;0.022803;0.580939;-0.131613;0.802912;0.022803;0.580939;-0.131613;0.660809;0.426910;0.394662;0.474680;0.131613;0.580939;-0.022803;0.802912;0.660809;0.426910;0.394662;0.474680;0.802912;0.022803;0.580939;-0.131613
2033555;1;0.528130;-0.182629;0.797957;-0.225809;0.570455;0.050802;0.817012;-0.067017;0.512520;0.064903;0.775868;-0.362133;0.539910;0.126913;0.768164;-0.319866;0.947238;-0.201055;0.038944;-0.246576;0.891271;0.184741;-0.331125;0.248722;0.400615;-0.127163;-0.357215;0.834107;-0.381807;0.370668;0.841254;0.095505;-0.306566;-0.016268;0.919151;0.246809;-0.306566;-0.016268;0.919151;0.246809;0.540915;0.215578;-0.718589;0.380220;0.162309;0.839030;-0.458011;-0.244767;0.190430;0.707163;-0.620065;-0.281381;-0.259134;-0.514188;0.787510;0.219747;0.590349;0.074590;-0.543603;-0.591963;-0.407321;-0.219470;0.502892;0.730084;-0.407321;-0.219470;0.502892;0.730084;-0.100705;-0.594820;0.780451;0.164144;-0.217877;0.654926;-0.288293;0.663693;0.575442;-0.346403;0.626173;-0.395952;-0.395951;0.554282;-0.466913;0.563903;0.682402;-0.064797;0.718035;-0.120639;0.540306;0.568032;0.526621;0.328755;0.148435;0.773956;-0.030921;0.614820;0.264270;0.734886;0.299159;0.548278;-0.200308;0.735780;-0.303934;0.571077;0.813976;0.126074;0.561886;-0.076374;0.813976;0.126074;0.561886;-0.076374;0.629573;0.486461;0.308166;0.521563;0.076374;0.561886;-0.126074;0.813976;0.629573;0.486461;0.308166;0.521563;0.813976;0.126074;0.561886;-0.076374
2066888;1;0.540570;-0.189590;0.790802;-0.215573;0.579430;0.041228;0.812166;-0.054299;0.531998;0.077229;0.769504;-0.344786;0.557934;0.138689;0.760832;-0.301013;0.954379;-0.178319;0.024557;-0.238245;0.890441;0.173476;-0.341898;0.245208;0.407012;-0.140844;-0.356583;0.829068;-0.425550;0.369967;0.821981;0.079873;-0.350398;-0.017507;0.901233;0.254349;-0.350398;-0.017507;0.901233;0.254349;0.525678;0.250623;-0.705465;0.403944;0.137754;0.841252;-0.460596;-0.247325;0.188404;0.698452;-0.636150;-0.268296;-0.251068;-0.511349;0.794382;0.210817;0.542877;-0.017593;-0.410046;-0.732692;-0.431374;-0.041808;0.408288;0.803411;-0.431374;-0.041808;0.408288;0.803411;0.521294;0.386243;-0.684405;-0.332655;-0.205743;0.629973;-0.244896;0.707693;0.617739;-0.317529;0.596712;-0.401881;-0.444349;0.519121;-0.466532;0.561619;0.714983;-0.039919;0.692800;-0.085047;0.566871;0.553665;0.508564;0.336861;0.146235;0.750017;-0.051279;0.643009;0.264764;0.718915;0.277425;0.579738;-0.222136;0.709268;-0.307988;0.593917;0.839787;0.227481;0.491679;0.035513;0.839787;0.227481;0.491679;0.035513;0.568708;0.508523;0.186817;0.618931;-0.035513;0.491679;-0.227481;0.839787;0.568708;0.508523;0.186817;0.618931;0.839787;0.227481;0.491679;0.035513
2100200;1;0.541704;-0.203585;0.791319;-0.197291;0.575379;0.028375;0.816595;-0.036140;0.549269;0.099723;0.772183;-0.303466;0.571836;0.161326;0.761699;-0.258441;0.967755;-0.124749;0.031397;-0.216571;0.883092;0.184627;-0.366328;0.227739;0.427101;-0.146115;-0.383320;0.805792;-0.372280;0.421432;0.801468;0.203597;-0.249838;0.039220;0.904664;0.342965;-0.249838;0.039220;0.904664;0.342965;0.536696;0.145322;-0.779655;0.288058;0.107861;0.838478;-0.486205;-0.221189;0.180274;0.692812;-0.652020;-0.249767;-0.238127;-0.503139;0.807446;0.195392;0.529178;-0.044625;-0.319651;-0.784731;-0.373450;-0.015807;0.322363;0.869694;-0.373450;-0.015807;0.322363;0.869694;-0.427220;-0.386996;0.680335;0.452616;-0.195074;0.626869;-0.253909;0.710290;0.606250;-0.316672;0.597665;-0.418302;-0.426593;0.524621;-0.471139;0.566409;0.705804;-0.040663;0.699997;-0.100956;0.552965;0.542581;0.532540;0.340935;0.119406;0.758978;-0.043771;0.638575;0.236085;0.726585;0.270752;0.585689;-0.246747;0.709919;-0.317983;0.577942;0.853036;0.337440;0.385806;0.098071;0.853036;0.337440;0.385806;0.098071;0.533840;0.511412;0.034200;0.672534;-0.098071;0.385806;-0.337440;0.853036;0.533840;0.511412;0.034200;0.672534;0.853036;0.337440;0.385806;0.098071
2133555;1;0.539077;-0.187254;0.798193;-0.192924;0.571290;0.038242;0.818971;-0.038096;0.548396;0.113808;0.771583;-0.301611;0.570817;0.175317;0.759971;-0.256662;0.964961;-0.105838;0.054188;-0.233905;0.880439;0.177652;-0.376811;0.226451;0.435278;-0.154213;-0.386995;0.798114;-0.342167;0.486504;0.745859;0.299883;-0.142417;0.040218;0.889592;0.432117;-0.142417;0.040218;0.889592;0.432117;0.560579;0.072276;-0.810508;0.153634;0.099164;0.837400;-0.497328;-0.203945;0.183475;0.688800;-0.657343;-0.244526;-0.235650;-0.515653;0.800404;0.194743;0.516499;-0.014115;-0.356880;-0.778246;-0.384526;-0.043501;0.354500;0.851221;-0.384526;-0.043501;0.354500;0.851221;-0.381164;-0.436307;0.686910;0.438754;-0.194600;0.635944;-0.260044;0.700059;0.594303;-0.326993;0.604296;-0.417978;-0.432900;0.508548;-0.478744;0.569896;0.712701;-0.023890;0.694025;-0.099080;0.530801;0.541592;0.552388;0.346117;0.090522;0.772427;-0.042216;0.627200;0.209730;0.744149;0.244157;0.585357;-0.265407;0.703550;-0.349127;0.559185;0.856955;0.370173;0.340964;0.111102;0.856955;0.370173;0.340964;0.111102;0.527398;0.502850;-0.020654;0.684520;-0.111102;0.340964;-0.370173;0.856955;0.527398;0.502850;-0.020654;0.684520;0.856955;0.370173;0.340964;0.111102
2166888;1;0.547119;-0.176050;0.789660;-0.214721;0.584716;0.042919;0.807907;-0.059587;0.551920;0.113552;0.759141;-0.325876;0.576276;0.174064;0.747590;-0.280566;0.963822;-0.123060;0.050414;-0.231003;0.884585;0.171223;-0.376205;0.216013;0.449890;-0.156155;-0.382705;0.791676;-0.331436;0.481223;0.746322;0.318714;-0.139279;0.066963;0.885487;0.438212;-0.139279;0.066963;0.885487;0.438212;0.538463;0.059855;-0.825800;0.156618;0.105221;0.835946;-0.495945;-0.210145;0.180858;0.683106;-0.662824;-0.247631;-0.231879;-0.516687;0.799377;0.200656;0.521498;-0.050875;-0.285204;-0.802565;-0.379023;0.002162;0.289698;0.878870;-0.379023;0.002162;0.289698;0.878870;-0.395113;-0.394563;0.662795;0.498907;-0.188779;0.626191;-0.253772;0.712634;0.601317;-0.318516;0.595914;-0.426441;-0.433244;0.507575;-0.476075;0.572730;0.714928;-0.025090;0.691433;-0.100841;0.546932;0.538283;0.538329;0.348308;0.093901;0.759223;-0.055674;0.641610;0.237100;0.735372;0.223484;0.594193;-0.252247;0.682911;-0.357699;0.584855;0.865547;0.364536;0.324919;0.111216;0.865547;0.364536;0.324919;0.111216;0.533393;0.487519;-0.028013;0.690676;-0.111216;0.324919;-0.364536;0.865547;0.533393;0.487519;-0.028013;0.690676;0.865547;0.364536;0.324919;0.111216
2200222;1;0.545158;-0.161987;0.793681;-0.215947;0.582158;0.045240;0.808778;-0.070165;0.551012;0.113862;0.754648;-0.337531;0.576305;0.174013;0.743087;-0.292257;0.955979;-0.116758;0.085171;-0.255379;0.892525;0.171558;-0.371984;0.188667;0.425647;-0.176303;-0.369759;0.806859;-0.351587;0.583407;0.684596;0.259521;-0.221639;0.268177;0.858555;0.376618;-0.221639;0.268177;0.858555;0.376618;0.567832;0.093109;-0.795560;0.189688;0.116168;0.835365;-0.505930;-0.180846;0.159934;0.685704;-0.676203;-0.216752;-0.201741;-0.529063;0.804694;0.178496;0.556241;-0.110996;-0.151857;-0.809454;-0.366687;0.075275;0.172378;0.911131;-0.366687;0.075275;0.172378;0.911131;-0.359949;-0.346337;0.631203;0.593355;-0.177370;0.630295;-0.255580;0.711300;0.589930;-0.322953;0.598619;-0.435132;-0.449782;0.480449;-0.497053;0.565511;0.721548;0.009033;0.687160;-0.084256;0.538953;0.540334;0.544132;0.348553;0.087633;0.764882;-0.054477;0.635852;0.230255;0.748727;0.184032;0.593736;-0.257003;0.664579;-0.395087;0.579819;0.862153;0.244751;0.443171;-0.019713;0.862153;0.244751;0.443171;-0.019713;0.623574;0.486434;0.140304;0.595695;0.019713;0.443171;-0.244751;0.862153;0.623574;0.486434;0.140304;0.595695;0.862153;0.244751;0.443171;-0.019713
2233533;1;0.556039;-0.169016;0.785612;-0.212293;0.592311;0.043751;0.802395;-0.058433;0.553783;0.107995;0.756042;-0.331757;0.578604;0.168276;0.744946;-0.286279;0.956545;-0.117911;0.081120;-0.254042;0.888968;0.161632;-0.384386;0.189365;0.418299;-0.194265;-0.368970;0.806937;-0.321410;0.557286;0.705920;0.296320;-0.220895;0.326909;0.837867;0.377247;-0.220895;0.326909;0.837867;0.377247;0.541763;0.106151;-0.819058;0.156105;0.119432;0.833140;-0.510153;-0.177081;0.158654;0.694164;-0.670626;-0.207908;-0.199146;-0.536107;0.802616;0.169521;0.526023;-0.163505;0.003122;-0.834599;-0.326322;0.160072;0.033476;0.931005;-0.326322;0.160072;0.033476;0.931005;-0.382870;-0.273022;0.518811;0.713936;-0.188927;0.623087;-0.250855;0.716339;0.598359;-0.325412;0.587642;-0.436750;-0.438246;0.501656;-0.475537;0.574583;0.719757;-0.021258;0.686852;-0.098651;0.543345;0.536612;0.539574;0.354519;0.088979;0.759247;-0.051086;0.642664;0.238443;0.738290;0.205010;0.596694;-0.253143;0.671988;-0.372865;0.587641;0.874916;0.349225;0.327737;0.071787;0.874916;0.349225;0.327737;0.071787;0.567898;0.478684;-0.015194;0.669420;-0.071787;0.327737;-0.349225;0.874916;0.567898;0.478684;-0.015194;0.669420;0.874916;0.349225;0.327737;0.071787
2266888;1;0.567694;-0.171324;0.768485;-0.240419;0.611696;0.044280;0.786105;-0.076851;0.561491;0.109941;0.741328;-0.350818;0.587816;0.169036;0.730124;-0.304660;0.956699;-0.138022;0.051389;-0.251070;0.887970;0.149333;-0.385385;0.201709;0.402983;-0.205117;-0.358817;0.816568;-0.327562;0.589035;0.645143;0.359905;-0.171686;0.309489;0.816938;0.455359;-0.171686;0.309489;0.816938;0.455359;0.523672;0.094701;-0.841699;0.091339;0.119725;0.826614;-0.515347;-0.191817;0.170814;0.694450;-0.652914;-0.249530;-0.219784;-0.540428;0.785172;0.207696;0.525928;-0.152438;-0.046236;-0.835479;-0.323005;0.138002;0.079565;0.932895;-0.323005;0.138002;0.079565;0.932895;-0.360420;-0.310691;0.536698;0.696796;-0.193238;0.608871;-0.246128;0.728941;0.615986;-0.309042;0.579523;-0.434980;-0.445574;0.488073;-0.459865;0.593104;0.737891;-0.022712;0.666058;-0.106617;0.562317;0.533165;0.517618;0.362776;0.102550;0.741067;-0.054655;0.661299;0.277027;0.719358;0.203472;0.603638;-0.230567;0.657654;-0.360755;0.619828;0.893686;0.328740;0.304140;0.027470;0.893686;0.328740;0.304140;0.027470;0.612507;0.447514;-0.017394;0.651356;-0.027470;0.304140;-0.328740;0.893686;0.612507;0.447514;-0.017394;0.651356;0.893686;0.328740;0.304140;0.027470
2300222;1;0.560421;-0.178100;0.773115;-0.237699;0.602885;0.028424;0.792855;-0.084280;0.562539;0.107826;0.743239;-0.345716;0.588451;0.167082;0.732198;-0.299491;0.959492;-0.132956;0.057619;-0.241617;0.884375;0.144448;-0.385493;0.220024;0.395508;-0.204380;-0.357350;0.821038;-0.326132;0.595352;0.666253;0.308708;-0.192170;0.313603;0.836654;0.405874;-0.192170;0.313603;0.836654;0.405874;0.546999;0.104958;-0.820006;0.131778;0.125218;0.821768;-0.528683;-0.171793;0.143096;0.712935;-0.650088;-0.220529;-0.184241;-0.568802;0.779330;0.187523;0.527044;-0.151526;-0.124628;-0.826881;-0.307615;0.116242;0.158051;0.931064;-0.307615;0.116242;0.158051;0.931064;-0.327865;-0.372944;0.549341;0.672043;-0.206164;0.612677;-0.256269;0.718644;0.609117;-0.319445;0.582281;-0.433452;-0.436242;0.498379;-0.454296;0.595757;0.733160;-0.033996;0.669398;-0.115012;0.542877;0.532562;0.536945;0.365174;0.097510;0.755646;-0.030089;0.646982;0.261823;0.726821;0.227420;0.592841;-0.233690;0.679708;-0.348991;0.601324;0.898036;0.347066;0.268343;0.032684;0.898036;0.347066;0.268343;0.032684;0.611897;0.435160;-0.055666;0.658119;-0.032684;0.268343;-0.347066;0.898036;0.611897;0.435160;-0.055666;0.658119;0.898036;0.347066;0.268343;0.032684
2333555;1;0.505102;-0.020393;0.815898;-0.280652;0.555906;0.166771;0.798933;-0.157678;0.567055;0.148713;0.749410;-0.307762;0.589909;0.208332;0.735071;-0.261296;0.961758;-0.081768;0.043783;-0.257718;0.889881;0.155993;-0.369860;0.216754;0.417942;-0.177808;-0.359882;0.814981;-0.346516;0.593117;0.670680;0.279869;-0.205700;0.275459;0.851893;0.395079;-0.205700;0.275459;0.851893;0.395079;0.540824;0.112637;-0.811847;0.189014;0.074266;0.830817;-0.527879;-0.159911;0.146394;0.726050;-0.640369;-0.203344;-0.180469;-0.599518;0.760130;0.173813;0.568964;-0.147553;-0.019873;-0.808773;-0.272359;0.132882;0.067150;0.950607;-0.272359;0.132882;0.067150;0.950607;-0.407409;-0.298392;0.536883;0.675823;-0.222747;0.619689;-0.480392;0.579303;0.543481;-0.164737;0.766605;-0.299676;0.473752;-0.216747;0.658098;-0.543587;0.722684;0.309788;0.615545;-0.053507;0.445359;0.585260;0.593047;0.327752;0.062830;0.832802;-0.025608;0.549398;0.228207;0.814038;0.152193;0.511958;-0.201272;0.688179;-0.464016;0.520181;0.883241;0.397881;0.244270;0.043672;0.883241;0.397881;0.244270;0.043672;0.593665;0.454070;-0.108619;0.655427;-0.043672;0.244270;-0.397881;0.883241;0.593665;0.454070;-0.108619;0.655427;0.883241;0.397881;0.244270;0.043672
2366866;1;0.483921;0.060976;0.814317;-0.314628;0.540354;0.235033;0.782042;-0.202948;0.561129;0.166082;0.744854;-0.320537;0.585026;0.225279;0.729137;-0.274506;0.946889;-0.088499;0.025568;-0.308083;0.897839;0.112576;-0.366406;0.216698;0.424187;-0.203191;-0.325024;0.820450;-0.340632;0.612201;0.581935;0.412955;-0.128003;0.299507;0.789768;0.519786;-0.128003;0.299507;0.789768;0.519786;0.507053;0.082199;-0.857242;0.035741;0.066754;0.832053;-0.527391;-0.158402;0.146613;0.726039;-0.632378;-0.226869;-0.181191;-0.614886;0.740912;0.200337;0.547786;-0.207247;0.015722;-0.810390;-0.155678;0.194603;0.072994;0.965695;-0.155678;0.194603;0.072994;0.965695;-0.378856;-0.246744;0.538411;0.711125;0.243631;-0.545866;0.575876;-0.557710;0.556536;-0.013040;0.793381;-0.246262;0.473652;-0.074795;0.728140;-0.489767;0.684391;0.460068;0.565405;-0.016245;0.459269;0.629952;0.551472;0.296836;0.079575;0.829922;-0.110330;0.541041;0.232525;0.831687;0.067676;0.499649;-0.189961;0.641158;-0.536518;0.514762;0.881486;0.402685;0.242704;0.043841;0.881486;0.402685;0.242704;0.043841;0.592305;0.456359;-0.113124;0.654305;-0.043841;0.242704;-0.402685;0.881486;0.592305;0.456359;-0.113124;0.654305;0.881486;0.402685;0.242704;0.043841
2400222;1;0.554839;-0.146090;0.781577;-0.244842;0.595236;0.030287;0.794537;-0.116141;0.547964;0.100540;0.737843;-0.381071;0.576759;0.159386;0.727404;-0.335901;0.929005;-0.172540;0.044737;-0.324312;0.892977;0.140719;-0.378492;0.198831;0.449882;-0.187060;-0.357864;0.796585;-0.319598;0.571120;0.681518;0.327433;-0.190494;0.307912;0.834167;0.416014;-0.190494;0.307912;0.834167;0.416014;0.530053;0.053449;-0.833518;0.146410;0.131718;0.847695;-0.471011;-0.205455;0.161718;0.750830;-0.595399;-0.235799;-0.195437;-0.652427;0.701844;0.208707;0.596844;-0.171546;0.079976;-0.779714;-0.206313;0.189270;0.001020;0.960006;-0.206313;0.189270;0.001020;0.960006;-0.313874;-0.279338;0.529015;0.737290;-0.205784;0.606077;-0.238551;0.730354;0.637687;-0.296425;0.580016;-0.411180;0.573045;-0.342179;0.488838;-0.561757;0.805757;0.101841;0.583405;0.004762;0.587747;0.593865;0.423885;0.349571;0.146083;0.715176;-0.144441;0.668071;0.262714;0.731551;0.043044;0.627664;-0.258362;0.553374;-0.483080;0.627423;0.898415;0.328266;0.290567;0.025759;0.898415;0.328266;0.290567;0.025759;0.617061;0.437581;-0.026658;0.653489;-0.025759;0.290567;-0.328266;0.898415;0.617061;0.437581;-0.026658;0.653489;0.898415;0.328266;0.290567;0.025759
2433555;1;0.567191;-0.148187;0.771966;-0.245772;0.609030;0.037125;0.785183;-0.105792;0.548634;0.105584;0.740167;-0.374173;0.576874;0.164600;0.729316;-0.328971;0.929354;-0.173689;0.018584;-0.325252;0.889141;0.147118;-0.385781;0.197378;0.442736;-0.190805;-0.366147;0.795936;-0.309851;0.535340;0.717737;0.319776;-0.221742;0.342491;0.827306;0.386128;-0.221742;0.342491;0.827306;0.386128;0.541875;0.042343;-0.827471;0.140961;0.117489;0.852062;-0.459196;-0.222095;0.154800;0.759187;-0.590395;-0.226065;0.176692;0.696148;-0.663558;-0.209400;0.721056;-0.159727;0.071334;-0.670431;-0.148261;0.169469;0.043378;0.973354;-0.148261;0.169469;0.043378;0.973354;-0.207062;-0.394018;0.572547;0.688524;-0.208291;0.601647;-0.245672;0.730946;0.634139;-0.296538;0.578315;-0.418909;0.519907;-0.402487;0.474909;-0.584947;0.784591;0.048936;0.616147;-0.048843;0.592099;0.573543;0.438243;0.358343;0.152878;0.713520;-0.109006;0.675008;0.280928;0.717732;0.133904;0.622905;-0.241647;0.607604;-0.408936;0.636549;0.902367;0.298156;0.311102;0.007172;0.902367;0.298156;0.311102;0.007172;0.632999;0.430811;0.009154;0.643142;-0.007172;0.311102;-0.298156;0.902367;0.632999;0.430811;0.009154;0.643142;0.902367;0.298156;0.311102;0.007172
2466888;1;0.564448;-0.155945;0.777383;-0.229685;0.605003;0.054199;0.791016;-0.072995;0.537362;0.088316;0.753942;-0.367443;0.565097;0.148493;0.744431;-0.323167;0.928069;-0.175868;0.046098;-0.325014;0.883879;0.155025;-0.391895;0.202838;0.440527;-0.187582;-0.377396;0.792667;-0.342663;0.474466;0.782637;0.211997;-0.293592;0.309135;0.861437;0.275980;-0.293592;0.309135;0.861437;0.275980;0.568561;0.100984;-0.778897;0.244662;0.138942;0.860139;-0.446209;-0.204339;0.154517;0.777864;-0.571287;-0.211383;0.172452;0.724790;-0.637277;-0.197024;0.766251;-0.391973;0.349898;-0.369847;0.640239;-0.470936;0.233005;-0.560377;0.640239;-0.470936;0.233005;-0.560377;0.512768;0.166833;0.047838;-0.840802;-0.214560;0.614004;-0.254324;0.715739;0.621474;-0.311124;0.587309;-0.414777;0.536230;-0.388931;0.491633;-0.565232;0.782288;0.070484;0.618471;-0.023474;0.569174;0.565336;0.470941;0.366948;0.132426;0.731571;-0.078591;0.664147;0.243189;0.730092;0.143064;0.622380;-0.268084;0.622671;-0.410984;0.609511;0.818586;0.031335;0.533826;-0.209679;0.818586;0.031335;0.533826;-0.209679;0.727093;0.399629;0.355315;0.430563;0.209679;0.533826;-0.031335;0.818586;0.727093;0.399629;0.355315;0.430563;0.818586;0.031335;0.533826;-0.209679
2500200;1;0.570044;-0.155558;0.777212;-0.216316;0.606661;0.051608;0.790945;-0.060864;0.535074;0.080447;0.760005;-0.360022;0.562222;0.141135;0.751107;-0.315953;0.927773;-0.172505;0.060822;-0.325238;0.884331;0.148655;-0.399879;0.189622;0.439897;-0.202923;-0.375265;0.790246;-0.470247;0.332237;0.815017;-0.065070;-0.473691;0.160596;0.865357;0.031348;-0.473691;0.160596;0.865357;0.031348;0.570467;0.269300;-0.596606;0.496091;0.142996;0.862731;-0.439526;-0.205096;0.169104;0.784797;-0.556811;-0.213214;0.181814;0.749311;-0.603719;-0.202484;0.844595;-0.301375;0.293047;-0.331595;0.837472;-0.307441;0.286677;-0.349195;0.837472;-0.307441;0.286677;-0.349195;0.640647;0.267795;0.157501;-0.702176;-0.209288;0.615818;-0.252951;0.716228;0.617533;-0.313665;0.587265;-0.418794;-0.492545;0.449112;-0.487676;0.563800;0.750514;0.024833;0.658258;-0.052991;0.566081;0.561149;0.481310;0.364698;0.127201;0.735604;-0.073592;0.661280;0.249537;0.726627;0.181116;0.613956;-0.257474;0.646999;-0.381589;0.607857;0.771618;0.021284;0.580215;-0.259813;0.771618;0.021284;0.580215;-0.259813;0.729332;0.425324;0.395224;0.361900;0.259813;0.580215;-0.021284;0.771618;0.729332;0.425324;0.395224;0.361900;0.771618;0.021284;0.580215;-0.259813
2533555;1;0.533872;-0.182247;0.775942;-0.282276;0.576271;-0.038243;0.796139;-0.180586;0.577671;0.134682;0.759980;-0.265683;0.597116;0.195194;0.746732;-0.218502;0.956977;-0.025893;0.138213;-0.253814;0.890135;0.172211;-0.401181;0.130603;0.438435;-0.213361;-0.380893;0.785603;-0.498584;0.254020;0.819298;-0.125056;-0.491452;0.296032;0.805072;-0.150662;-0.491452;0.296032;0.805072;-0.150662;0.486190;0.256922;-0.579015;0.601957;0.062094;0.888269;-0.449945;-0.068345;0.184889;0.768153;-0.568423;-0.229461;0.192920;0.747486;-0.595339;-0.222752;0.845033;-0.257602;0.280399;-0.375415;0.825164;-0.271326;0.267141;-0.417280;0.825164;-0.271326;0.267141;-0.417280;0.644651;0.322479;0.109991;-0.684350;-0.181130;0.611327;-0.243451;0.730892;0.610165;-0.309744;0.580602;-0.441201;-0.445489;0.518068;-0.505558;0.526836;0.691429;-0.011523;0.719879;-0.059730;0.380649;0.253791;0.866849;0.198164;0.120060;0.801772;0.415851;0.412086;0.326851;0.589919;0.649105;0.351890;-0.015529;0.878745;0.045527;0.474861;0.758421;-0.112722;0.554797;-0.322942;0.758421;-0.112722;0.554797;-0.322942;0.764639;0.312594;0.472008;0.307930;0.322942;0.554797;0.112722;0.758421;0.764639;0.312594;0.472008;0.307930;0.758421;-0.112722;0.554797;-0.322942
2566888;1;0.535407;-0.185050;0.766730;-0.302027;0.582907;-0.036536;0.787898;-0.195194;0.566290;0.123923;0.767689;-0.273152;0.586371;0.185087;0.755279;-0.226860;0.959612;-0.036316;0.150895;-0.234642;0.898800;0.148129;-0.399926;0.101367;0.449640;-0.234965;-0.355913;0.784819;0.565739;-0.068263;-0.725582;0.385759;0.551805;-0.093769;-0.722729;0.405440;0.551805;-0.093769;-0.722729;0.405440;0.259672;0.068770;-0.326557;0.906202;0.078747;0.879228;-0.463483;-0.077074;0.184896;0.787858;-0.538963;-0.233692;0.205032;0.736566;-0.607183;-0.216243;0.710335;-0.514105;0.359656;-0.319011;0.660957;-0.557819;0.287217;-0.411680;0.660957;-0.557819;0.287217;-0.411680;0.623577;-0.010303;0.200675;-0.755497;-0.172198;0.614698;-0.235546;0.732812;0.611691;-0.308138;0.581754;-0.438687;0.453310;-0.514551;0.516880;-0.512428;0.686854;-0.000960;0.725459;-0.044056;0.376523;0.234841;0.875318;0.192092;0.115875;0.800847;0.424155;0.406583;0.322975;0.603509;0.633637;0.360512;-0.024474;0.877520;0.025026;0.478260;0.792825;-0.054852;0.546454;-0.264212;0.792825;-0.054852;0.546454;-0.264212;0.747438;0.347615;0.425187;0.373785;0.264212;0.546454;0.054852;0.792825;0.747438;0.347615;0.425187;0.373785;0.792825;-0.054852;0.546454;-0.264212
2600222;1;0.542788;-0.188946;0.760223;-0.302888;0.592804;-0.031395;0.782722;-0.186933;0.555633;0.099173;0.781858;-0.264830;0.575081;0.161554;0.771387;-0.219419;0.961669;-0.052158;0.158585;-0.217540;0.897149;0.153588;-0.400339;0.106126;0.452770;-0.228406;-0.362893;0.781754;0.538865;-0.063408;-0.710808;0.447613;0.562920;-0.023785;-0.713234;0.416956;0.562920;-0.023785;-0.713234;0.416956;0.227125;0.081280;-0.283554;0.928119;0.091924;0.888798;-0.438001;-0.098706;0.241413;0.772355;-0.513925;-0.284726;0.271385;0.710864;-0.596090;-0.256319;0.644588;-0.432344;0.330247;-0.537142;0.593911;-0.460174;0.290214;-0.592693;0.593911;-0.460174;0.290214;-0.592693;-0.497366;-0.076896;-0.217704;0.836253;-0.167841;0.619371;-0.228933;0.731983;0.610430;-0.312613;0.581684;-0.437369;0.452530;-0.521066;0.521253;-0.501999;0.678993;-0.002461;0.733197;-0.037199;0.365378;0.223801;0.886008;0.177206;0.112939;0.808105;0.426610;0.390148;0.307697;0.636972;0.606760;0.362535;-0.036995;0.882295;-0.017549;0.468912;0.793542;-0.052450;0.557840;-0.237393;0.793542;-0.052450;0.557840;-0.237393;0.728981;0.357364;0.431540;0.393256;0.237393;0.557840;0.052450;0.793542;0.728981;0.357364;0.431540;0.393256;0.793542;-0.052450;0.557840;-0.237393
2633533;1;0.536983;-0.199708;0.761543;-0.303014;0.586698;-0.043526;0.786089;-0.189616;0.560619;0.089464;0.782023;-0.257183;0.579438;0.151889;0.772330;-0.211397;0.967824;-0.057919;0.141327;-0.199972;0.893941;0.178656;-0.385155;0.143552;0.426764;-0.198475;-0.375326;0.798505;0.512222;-0.126111;-0.715322;0.458300;0.577840;-0.012209;-0.726251;0.372171;0.577840;-0.012209;-0.726251;0.372171;0.386394;0.334122;-0.297944;0.806406;0.092342;0.895902;-0.424711;-0.091940;0.214499;0.780786;-0.514532;-0.282171;0.259475;0.681608;-0.640141;-0.241460;0.576595;-0.294190;0.299750;-0.700814;0.690424;-0.237144;0.346642;-0.588996;0.690424;-0.237144;0.346642;-0.588996;-0.424587;-0.224609;-0.021439;0.876822;-0.163704;0.625377;-0.223975;0.729342;0.613004;-0.310372;0.587353;-0.427683;-0.442040;0.535673;-0.507973;0.509527;0.676864;-0.022255;0.734083;-0.049820;0.372928;0.192917;0.891439;0.170423;0.109192;0.806921;0.425074;0.395307;0.155735;0.701240;0.601621;0.349374;-0.135903;0.923617;-0.065883;0.352309;0.805588;-0.036442;0.554442;-0.205652;0.805588;-0.036442;0.554442;-0.205652;0.715055;0.366282;0.417818;0.424219;0.205652;0.554442;0.036442;0.805588;0.715055;0.366282;0.417818;0.424219;0.805588;-0.036442;0.554442;-0.205652
2666888;1;0.533078;-0.217871;0.758664;-0.304612;0.582817;-0.063425;0.786776;-0.193094;0.566480;0.084477;0.781078;-0.248759;0.584605;0.146842;0.771788;-0.202530;0.968266;-0.044896;0.165431;-0.181872;0.897343;0.195154;-0.363633;0.156403;0.422169;-0.169695;-0.376189;0.807130;-0.494602;0.253332;0.737064;-0.384615;0.584931;-0.028538;-0.778862;0.224533;0.584931;-0.028538;-0.778862;0.224533;0.420934;0.363726;-0.378421;0.739808;0.090127;0.898787;-0.422897;-0.072226;0.160541;0.788479;-0.536044;-0.255313;-0.209501;-0.661749;0.686389;0.216951;0.597034;-0.185401;-0.157365;-0.764469;0.564934;-0.178740;-0.164892;-0.788487;0.564934;-0.178740;-0.164892;-0.788487;-0.330158;-0.473291;0.405314;0.709022;-0.159066;0.616469;-0.219853;0.739141;0.619839;-0.301730;0.580846;-0.432871;-0.450973;0.528833;-0.515557;0.501159;0.677306;-0.011989;0.734640;-0.037647;0.371547;0.176277;0.898933;0.150993;0.110478;0.816186;0.415838;0.385634;0.147787;0.719567;0.586739;0.340764;-0.135621;0.926080;-0.089358;0.340586;0.820907;-0.009279;0.553312;-0.140965;0.820907;-0.009279;0.553312;-0.140965;0.680147;0.384689;0.397811;0.480792;0.140965;0.553312;0.009279;0.820907;0.680147;0.384689;0.397811;0.480792;0.820907;-0.009279;0.553312;-0.140965
2700211;1;0.533250;-0.219413;0.758650;-0.303236;0.582439;-0.066063;0.786974;-0.192543;0.567204;0.079501;0.781047;-0.248846;0.585333;0.141880;0.772156;-0.202558;0.968961;-0.051287;0.158868;-0.182332;0.896565;0.182653;-0.373953;0.151554;0.426286;-0.185147;-0.372724;0.803167;-0.490023;0.260058;0.729620;-0.399878;0.590917;-0.017407;-0.774385;0.225483;0.590917;-0.017407;-0.774385;0.225483;0.415158;0.372145;-0.366747;0.744747;0.093526;0.900006;-0.420143;-0.068715;0.164398;0.786017;-0.539107;-0.253996;-0.217600;-0.643666;0.702961;0.210215;0.564940;-0.222102;-0.121377;-0.785354;-0.258995;0.166526;0.190606;0.932126;-0.258995;0.166526;0.190606;0.932126;-0.084588;-0.437351;0.673210;0.590218;-0.156300;0.616309;-0.218347;0.740310;0.619755;-0.301109;0.580430;-0.433979;-0.450149;0.531211;-0.518955;0.495850;0.673002;-0.011263;0.738751;-0.034465;0.379125;0.171298;0.887645;0.197504;0.061345;0.820397;0.379649;0.423146;0.128496;0.728750;0.543042;0.396885;-0.189057;0.901979;-0.126534;0.366989;0.820659;-0.047821;0.555609;-0.124620;0.820659;-0.047821;0.555609;-0.124620;0.668413;0.359061;0.426689;0.492174;0.124620;0.555609;0.047821;0.820659;0.668413;0.359061;0.426689;0.492174;0.820659;-0.047821;0.555609;-0.124620
2733555;1;0.527573;-0.217786;0.762895;-0.303690;0.576338;-0.066162;0.790609;-0.195947;0.558061;0.081329;0.784796;-0.257000;0.576873;0.144002;0.775746;-0.211420;0.972168;-0.063755;0.138303;-0.178037;0.897591;0.185691;-0.370459;0.150365;0.430543;-0.179275;-0.373606;0.801818;-0.497549;0.225862;0.725525;-0.418384;0.591725;-0.022453;-0.759537;0.269185;0.591725;-0.022453;-0.759537;0.269185;0.412418;0.358250;-0.346027;0.762780;0.099708;0.895137;-0.426132;-0.084852;0.153944;0.782132;-0.547848;-0.253836;-0.223806;-0.578637;0.759637;0.195043;-0.344695;0.308620;-0.213593;0.860417;-0.127296;0.350982;-0.132966;0.918111;-0.127296;0.350982;-0.132966;0.918111;-0.224094;-0.039562;0.447074;0.865067;-0.163506;0.614958;-0.227466;0.737124;0.621637;-0.295547;0.585336;-0.428486;0.455797;-0.527433;0.529048;-0.483913;0.668621;-0.001399;0.743274;-0.022072;0.497714;0.310353;0.774327;0.237443;0.135815;0.793745;0.256506;0.534535;0.166911;0.724856;0.470952;0.474266;-0.216557;0.848927;-0.174810;0.449296;0.814767;-0.022754;0.560796;-0.145414;0.814767;-0.022754;0.560796;-0.145414;0.678950;0.380453;0.412632;0.473304;0.145414;0.560796;0.022754;0.814767;0.678950;0.380453;0.412632;0.473304;0.814767;-0.022754;0.560796;-0.145414
2766877;1;0.514665;-0.205675;0.760278;-0.338815;0.570486;-0.054715;0.785704;-0.232854;0.562452;0.099926;0.768905;-0.287138;0.583667;0.161265;0.758415;-0.241108;0.975895;-0.070134;0.121683;-0.167041;0.897738;0.175387;-0.371872;0.158165;0.440109;-0.179523;-0.369893;0.798282;0.523567;-0.158201;-0.702921;0.454699;0.612661;0.004480;-0.720490;0.324840;0.612661;0.004480;-0.720490;0.324840;0.367461;0.341164;-0.316568;0.805211;0.103352;0.878782;-0.455342;-0.098612;0.136273;0.767137;-0.576549;-0.246011;-0.205328;-0.552641;0.784535;0.192178;-0.377903;0.346794;-0.200082;0.834800;-0.089148;0.392734;-0.077835;0.912006;-0.089148;0.392734;-0.077835;0.912006;-0.246197;-0.082611;0.380787;0.887448;-0.183106;0.603933;-0.232522;0.740048;0.630742;-0.293952;0.576580;-0.428150;0.474433;-0.510318;0.524486;-0.489288;0.685544;0.007580;0.727880;-0.012801;0.548834;0.398358;0.693035;0.244529;0.195422;0.778547;0.181063;0.568236;0.228526;0.740672;0.374722;0.508688;-0.197517;0.792788;-0.254379;0.517460;0.826384;0.042355;0.538750;-0.158255;0.826384;0.042355;0.538750;-0.158255;0.696244;0.410904;0.351004;0.472438;0.158255;0.538750;-0.042355;0.826384;0.696244;0.410904;0.351004;0.472438;0.826384;0.042355;0.538750;-0.158255
2800222;1;0.523557;-0.175295;0.766449;-0.328200;0.571339;-0.043756;0.785021;-0.235371;0.553109;0.090518;0.765536;-0.315961;0.576665;0.151618;0.755812;-0.270588;0.973492;-0.112343;0.094330;-0.175483;0.897824;0.179690;-0.370155;0.156872;0.438110;-0.176912;-0.371491;0.799222;0.531868;-0.217324;-0.708002;0.410633;0.614500;-0.042074;-0.739410;0.271832;0.614500;-0.042074;-0.739410;0.271832;0.413752;0.347206;-0.354523;0.763263;0.127686;0.854544;-0.482745;-0.142859;0.149811;0.743422;-0.585634;-0.286204;-0.232773;-0.519569;0.791007;0.223992;-0.457570;0.328441;-0.121915;0.817247;-0.114629;0.350155;0.011308;0.929582;-0.114629;0.350155;0.011308;0.929582;-0.276298;-0.104265;0.554869;0.777759;-0.194657;0.598575;-0.241735;0.738499;0.632759;-0.291374;0.576090;-0.427596;-0.466150;0.517557;-0.511216;0.503485;0.689649;-0.006997;0.723544;-0.028628;0.578038;0.454124;0.626164;0.259927;0.235243;0.761634;0.134774;0.588567;0.263599;0.734570;0.347666;0.519664;-0.180433;0.769594;-0.269389;0.550089;0.836228;0.113960;0.519537;-0.133483;0.836228;0.113960;0.519537;-0.133483;0.685689;0.447950;0.286786;0.496915;0.133483;0.519537;-0.113960;0.836228;0.685689;0.447950;0.286786;0.496915;0.836228;0.113960;0.519537;-0.133483
2833544;1;0.522071;-0.168620;0.766490;-0.333919;0.568448;-0.044839;0.783537;-0.246833;0.552700;0.104008;0.764257;-0.315622;0.576231;0.164961;0.753454;-0.270282;0.972061;-0.102018;0.095512;-0.188594;0.895633;0.181535;-0.376394;0.152358;0.440396;-0.180572;-0.376857;0.794622;0.543424;-0.229810;-0.709612;0.385135;0.611664;-0.077136;-0.741897;0.263639;0.611664;-0.077136;-0.741897;0.263639;0.444157;0.333236;-0.368337;0.745659;0.118145;0.853626;-0.488573;-0.136603;0.151499;0.723809;-0.606613;-0.291838;-0.232227;-0.507958;0.796151;0.232792;-0.480083;0.244586;0.092014;0.837396;-0.245431;0.212182;0.152537;0.933528;-0.245431;0.212182;0.152537;0.933528;-0.391484;-0.204214;0.608889;0.659007;-0.196948;0.599108;-0.247481;0.735550;0.630753;-0.290431;0.579549;-0.426524;-0.457508;0.526461;-0.509642;0.503775;0.683753;-0.014459;0.728736;-0.034882;0.593982;0.481299;0.588064;0.264040;0.260228;0.752007;0.109081;0.595708;0.289957;0.731221;0.330335;0.521651;-0.163177;0.755130;-0.279436;0.570147;0.829346;0.088629;0.528735;-0.157386;0.829346;0.088629;0.528735;-0.157386;0.697725;0.436542;0.311202;0.475147;0.157386;0.528735;-0.088629;0.829346;0.697725;0.436542;0.311202;0.475147;0.829346;0.088629;0.528735;-0.157386
2866888;1;0.502295;-0.199668;0.776910;-0.322866;0.555525;-0.044655;0.800914;-0.218941;0.548023;0.140410;0.774606;-0.282740;0.568932;0.202076;0.760851;-0.237881;0.969882;-0.046224;0.116316;-0.208956;0.896081;0.171517;-0.386607;0.134743;0.454545;-0.194751;-0.375440;0.783904;0.512798;-0.235712;-0.687372;0.457162;0.617833;-0.039810;-0.725573;0.300402;0.617833;-0.039810;-0.725573;0.300402;0.415861;0.341907;-0.309303;0.783895;0.078534;0.860900;-0.492063;-0.102751;0.163589;0.711719;-0.623721;-0.278686;-0.233872;-0.512926;0.795286;0.223005;0.566581;-0.246160;-0.121106;-0.776997;-0.245678;0.185362;0.202242;0.929721;-0.245678;0.185362;0.202242;0.929721;-0.430619;-0.241673;0.638230;0.590614;-0.204377;0.605525;-0.252566;0.726484;0.622337;-0.303185;0.581876;-0.426846;-0.457097;0.527278;-0.516179;0.496587;0.678425;-0.010404;0.733980;-0.030096;0.588939;0.489895;0.587520;0.260717;0.265374;0.756777;0.111406;0.586902;0.285094;0.739072;0.329895;0.513482;-0.160911;0.760340;-0.285291;0.560892;0.793523;-0.011804;0.554246;-0.250985;0.793523;-0.011804;0.554246;-0.250985;0.738579;0.383564;0.400258;0.383633;0.250985;0.554246;0.011804;0.793523;0.738579;0.383564;0.400258;0.383633;0.793523;-0.011804;0.554246;-0.250985
2900211;1;0.503202;-0.182517;0.795111;-0.285084;0.546313;-0.036353;0.814980;-0.189809;0.547911;0.110795;0.768952;-0.310209;0.571024;0.172103;0.757591;-0.265271;0.969148;-0.087186;0.114835;-0.199908;0.900179;0.167670;-0.379676;0.131951;0.461906;-0.190511;-0.368745;0.783821;0.513496;-0.232436;-0.637261;0.525541;0.643555;-0.038180;-0.677253;0.354554;0.643555;-0.038180;-0.677253;0.354554;0.387944;0.345577;-0.247323;0.817868;0.115896;0.846319;-0.505500;-0.121584;0.163910;0.708078;-0.622170;-0.290970;-0.234929;-0.518645;0.787069;0.237358;0.617559;-0.173988;-0.213873;-0.736619;-0.317759;0.087285;0.261524;0.907202;-0.317759;0.087285;0.261524;0.907202;-0.472830;-0.304977;0.671758;0.481832;-0.211398;0.603494;-0.255525;0.725130;0.619131;-0.310230;0.577325;-0.432585;-0.449628;0.533664;-0.507314;0.505638;0.679495;-0.021248;0.732185;-0.041720;0.570403;0.516878;0.575084;0.277050;0.254376;0.766420;0.102170;0.580909;0.265544;0.750308;0.325206;0.510651;-0.172863;0.764922;-0.296464;0.545089;0.832121;0.117959;0.525803;-0.131118;0.832121;0.117959;0.525803;-0.131118;0.681113;0.455208;0.288389;0.495684;0.131118;0.525802;-0.117959;0.832121;0.681113;0.455208;0.288389;0.495684;0.832121;0.117959;0.525803;-0.131118
2933555;1;0.496908;-0.195498;0.797996;-0.279400;0.540760;-0.041151;0.820563;-0.180448;0.554243;0.132529;0.769524;-0.288241;0.575573;0.193812;0.756418;-0.242866;0.974185;-0.054159;0.110766;-0.189105;0.899011;0.170549;-0.383073;0.126285;0.438206;-0.204208;-0.366239;0.795075;0.515314;-0.350720;-0.719603;0.305970;0.564110;-0.207420;-0.773182;0.202351;0.564110;-0.207420;-0.773182;0.202351;0.469758;0.304483;-0.450132;0.695700;0.086908;0.846040;-0.514030;-0.111516;0.203137;0.699615;-0.608724;-0.314211;-0.268437;-0.545257;0.750134;0.260643;0.650003;-0.152389;-0.289079;-0.686081;-0.259081;0.001443;0.326783;0.908894;-0.259081;0.001443;0.326783;0.908894;0.599631;0.344929;-0.606422;-0.392069;-0.204631;0.608580;-0.251173;0.724340;0.618118;-0.310561;0.580568;-0.429445;-0.449984;0.533945;-0.510040;0.502272;0.677387;-0.019512;0.734328;-0.039091;0.565272;0.522070;0.571351;0.285426;0.244962;0.767963;0.095861;0.583984;0.263668;0.751337;0.313295;0.517512;-0.179080;0.757285;-0.305608;0.548683;0.828591;0.061409;0.543875;-0.117748;0.828591;0.061409;0.543875;-0.117748;0.669163;0.428001;0.341155;0.502642;0.117748;0.543875;-0.061409;0.828591;0.669163;0.428001;0.341155;0.502642;0.828591;0.061409;0.543875;-0.117748
2966888;1;0.482961;-0.212922;0.802252;-0.278935;0.531927;-0.034032;0.829329;-0.167661;0.556664;0.162622;0.768337;-0.270807;0.576588;0.223714;0.752822;-0.225294;0.972521;-0.004989;0.135446;-0.189295;0.901668;0.158879;-0.382709;0.123637;0.427953;-0.217116;-0.352944;0.803211;0.536220;-0.364072;-0.752697;0.115617;0.542456;-0.315771;-0.774202;0.081495;0.542456;-0.315771;-0.774202;0.081495;-0.475215;-0.338768;0.593554;-0.554166;0.055634;0.850102;-0.516450;-0.086663;0.179167;0.727911;-0.605069;-0.268210;-0.232933;-0.579824;0.748176;0.223113;0.582715;-0.210561;-0.195999;-0.760061;-0.102224;0.077854;0.276930;0.952260;-0.102224;0.077854;0.276930;0.952260;-0.381815;-0.281427;0.712999;0.516381;-0.191836;0.621295;-0.244818;0.719205;0.611400;-0.315637;0.588530;-0.424495;-0.446014;0.535324;-0.512445;0.501897;0.674321;-0.018809;0.737024;-0.041627;0.559651;0.515656;0.587197;0.275844;0.229696;0.776365;0.088956;0.580159;0.254798;0.757288;0.306784;0.517182;-0.185196;0.756886;-0.314386;0.542205;0.825197;0.037040;0.543086;-0.150786;0.825197;0.037040;0.543086;-0.150786;0.690124;0.410211;0.357828;0.476880;0.150786;0.543086;-0.037040;0.825197;0.690124;0.410211;0.357828;0.476880;0.825197;0.037040;0.543086;-0.150786
3000222;1;0.489601;-0.206022;0.806847;-0.258541;0.531392;-0.040622;0.831744;-0.155481;0.550203;0.149466;0.780513;-0.256390;0.568992;0.211577;0.766013;-0.211442;0.968019;-0.010480;0.142481;-0.206225;0.894822;0.177065;-0.384547;0.141652;0.446216;-0.190707;-0.377967;0.788456;0.588096;-0.320488;-0.705472;0.231817;0.623017;-0.169848;-0.756013;0.106983;0.623017;-0.169848;-0.756013;0.106983;0.449024;0.251542;-0.518603;0.682755;0.055290;0.870933;-0.478854;-0.095487;0.236051;0.742383;-0.563467;-0.275051;-0.277232;-0.642047;0.675576;0.233486;0.559695;-0.164428;0.022996;-0.811897;-0.086054;0.154355;0.061155;0.982359;-0.086054;0.154355;0.061155;0.982359;-0.328940;-0.273299;0.557132;0.711835;-0.196766;0.622560;-0.249679;0.715096;0.607584;-0.320355;0.589358;-0.425289;0.459484;-0.521206;0.532160;-0.483760;0.671117;0.005227;0.741080;-0.019402;0.543067;0.529940;0.580450;0.295499;0.223104;0.779588;0.099804;0.576633;0.228913;0.766449;0.299810;0.519874;-0.205537;0.758382;-0.325671;0.525879;0.811729;0.002718;0.557253;-0.174807;0.811729;0.002718;0.557253;-0.174807;0.697587;0.395959;0.392115;0.450372;0.174807;0.557253;-0.002718;0.811729;0.697587;0.395959;0.392115;0.450372;0.811729;0.002718;0.557253;-0.174807
3033533;1;0.475127;-0.211387;0.810739;-0.268834;0.520950;-0.036609;0.837044;-0.163181;0.547617;0.185660;0.776704;-0.249756;0.565882;0.247349;0.759313;-0.205036;0.963697;0.032972;0.161576;-0.209984;0.897449;0.180570;-0.378911;0.135667;0.426464;-0.196398;-0.370954;0.801217;0.566226;-0.337875;-0.706375;0.257415;0.607619;-0.182222;-0.761525;0.132943;0.607619;-0.182222;-0.761525;0.132943;0.499803;0.260765;-0.476984;0.674303;0.030489;0.860721;-0.503418;-0.069284;0.204160;0.745200;-0.586191;-0.243672;-0.232865;-0.666559;0.674272;0.216406;0.682303;-0.185360;0.123982;-0.696227;-0.013731;0.219724;0.038098;0.974721;-0.013731;0.219724;0.038098;0.974721;-0.355011;-0.398258;0.228395;0.814367;-0.191946;0.632776;-0.244144;0.709327;0.608284;-0.320240;0.597920;-0.412223;-0.449629;0.531456;-0.512563;0.502660;0.677409;-0.015971;0.734364;-0.039636;0.549673;0.518833;0.592775;0.278009;0.215175;0.783323;0.083250;0.577213;0.236750;0.763654;0.305102;0.517393;-0.198192;0.760147;-0.319988;0.529626;0.815277;-0.025261;0.551139;-0.175869;0.815277;-0.025261;0.551139;-0.175869;0.700846;0.371853;0.407576;0.452130;0.175869;0.551139;0.025261;0.815277;0.700846;0.371853;0.407576;0.452130;0.815277;-0.025261;0.551139;-0.175869
3066888;1;0.479673;-0.221905;0.808303;-0.259458;0.524892;-0.039263;0.837290;-0.147962;0.540883;0.191144;0.784881;-0.234248;0.557926;0.253470;0.767025;-0.190118;0.960635;0.039734;0.159352;-0.224074;0.896886;0.180859;-0.377951;0.141560;0.431467;-0.190784;-0.373039;0.798924;0.543474;-0.299923;-0.738037;0.264546;0.540727;-0.307491;-0.734916;0.270116;0.540727;-0.307491;-0.734916;0.270116;0.515917;0.232413;-0.456470;0.686622;0.017966;0.869708;-0.487800;-0.073051;0.262350;0.724011;-0.584244;-0.256200;0.262600;0.723440;-0.584952;-0.255944;0.740656;-0.430136;0.445397;-0.260834;-0.348046;0.618913;-0.018472;0.703896;-0.348046;0.618913;-0.018472;0.703896;0.510473;-0.051425;0.495430;-0.700944;-0.191044;0.634136;-0.242512;0.708916;0.607151;-0.322598;0.597430;-0.412765;-0.442544;0.538389;-0.504478;0.509700;0.677340;-0.026644;0.733515;-0.049563;0.555799;0.512038;0.591923;0.280235;0.217475;0.777855;0.086316;0.583262;0.236052;0.754927;0.324914;0.518455;-0.199317;0.767905;-0.299769;0.529842;0.813636;-0.030653;0.557522;-0.161943;0.813636;-0.030653;0.557522;-0.161943;0.689838;0.372553;0.415903;0.460817;0.161943;0.557522;0.030653;0.813636;0.689838;0.372553;0.415903;0.460817;0.813636;-0.030653;0.557522;-0.161943
3100211;1;0.461903;-0.217447;0.817426;-0.266791;0.509904;-0.028945;0.845358;-0.156622;0.544002;0.196580;0.779046;-0.241880;0.561647;0.258421;0.760772;-0.197476;0.963385;0.050069;0.167640;-0.203175;0.900693;0.157609;-0.385342;0.124186;0.445267;-0.211815;-0.358418;0.792722;0.509539;-0.276661;-0.790891;0.195754;-0.471700;0.399516;0.736503;-0.274680;-0.471700;0.399516;0.736503;-0.274680;0.504780;0.231168;-0.520089;0.649050;0.019890;0.864636;-0.498301;-0.060864;0.239883;0.750375;-0.570097;-0.233203;0.239636;0.750980;-0.569299;-0.233458;-0.486087;0.742080;-0.456492;0.068208;-0.464384;0.815081;-0.307750;0.158998;-0.464384;0.815081;-0.307750;0.158998;0.558732;-0.414880;0.425747;-0.578302;-0.197362;0.635812;-0.253233;0.701900;0.601672;-0.325320;0.602164;-0.411771;-0.445754;0.535912;-0.521311;0.492277;0.667395;-0.012941;0.743768;-0.035019;0.531946;0.524201;0.603279;0.279825;0.205823;0.793608;0.094201;0.564756;0.224710;0.772960;0.305459;0.508658;-0.200626;0.766920;-0.326275;0.514906;0.819721;-0.015610;0.551696;-0.153120;0.819721;-0.015610;0.551696;-0.153120;0.687902;0.379070;0.401146;0.471358;0.153120;0.551696;0.015610;0.819721;0.687902;0.379070;0.401146;0.471358;0.819721;-0.015610;0.551696;-0.153120
3133555;1;0.478715;-0.223319;0.812292;-0.247271;0.521703;-0.037171;0.841610;-0.134673;0.531878;0.184453;0.795310;-0.224866;0.548198;0.247638;0.777956;-0.181489;0.964353;0.037808;0.159049;-0.208082;0.894434;0.176890;-0.389701;0.129736;0.447235;-0.198764;-0.379012;0.785381;0.561590;-0.197942;-0.688311;0.414322;-0.480478;0.315266;0.643087;-0.506150;-0.480478;0.315266;0.643087;-0.506150;0.464069;0.243057;-0.310412;0.793226;0.017962;0.872629;-0.479899;-0.088847;0.234106;0.760192;-0.554111;-0.245486;0.237751;0.751820;-0.565418;-0.241958;-0.478778;0.713735;-0.496910;0.120146;-0.449945;0.790432;-0.362703;0.203010;-0.449945;0.790432;-0.362703;0.203010;0.520074;-0.380983;0.437601;-0.626802;-0.191946;0.636217;-0.247303;0.705143;0.605423;-0.320980;0.602456;-0.409246;-0.445714;0.536336;-0.516099;0.497318;0.670900;-0.016935;0.740349;-0.038601;0.545716;0.516584;0.595900;0.283262;0.208838;0.783772;0.087252;0.578338;0.218033;0.761532;0.325633;0.516231;-0.210569;0.773016;-0.303845;0.515544;0.792481;-0.037701;0.572246;-0.207574;0.792481;-0.037701;0.572246;-0.207574;0.707146;0.377981;0.431298;0.413592;0.207574;0.572246;0.037701;0.792481;0.707146;0.377981;0.431298;0.413592;0.792481;-0.037701;0.572246;-0.207574
3166888;1;0.486738;-0.209071;0.809909;-0.251840;0.526521;-0.047024;0.835136;-0.152027;0.545282;0.150714;0.793621;-0.223872;0.561479;0.213871;0.778979;-0.179423;0.970205;0.015332;0.155234;-0.185389;0.892128;0.192869;-0.383458;0.140959;0.430439;-0.187207;-0.386254;0.794030;0.554624;-0.226401;-0.694987;0.397652;-0.476815;0.344083;0.644881;-0.488245;-0.476815;0.344083;0.644881;-0.488245;0.449219;0.296109;-0.349553;0.767030;0.032075;0.883539;-0.451966;-0.118565;0.227854;0.772752;-0.533104;-0.258335;0.250380;0.721128;-0.601099;-0.236568;0.500899;-0.655823;0.505466;-0.251994;-0.463256;0.716802;-0.414482;0.315902;-0.463256;0.716802;-0.414482;0.315902;-0.482205;0.283538;-0.403547;0.724041;-0.182513;0.634484;-0.236969;0.712716;0.610999;-0.315227;0.599507;-0.409761;-0.450724;0.531162;-0.514008;0.500511;0.676675;-0.014730;0.735186;-0.037347;0.549896;0.516548;0.593866;0.279493;0.211417;0.782805;0.081662;0.579526;0.229272;0.763188;0.307565;0.519982;-0.205313;0.761531;-0.317870;0.526190;0.807061;-0.030608;0.567294;-0.160916;0.807061;-0.030608;0.567294;-0.160916;0.684463;0.379495;0.422780;0.456893;0.160916;0.567294;0.030608;0.807061;0.684463;0.379495;0.422780;0.456893;0.807061;-0.030608;0.567294;-0.160916
3200222;1;0.484785;-0.224116;0.806556;-0.253425;0.526521;-0.053562;0.835399;-0.148378;0.551553;0.148269;0.791962;-0.215873;0.567088;0.211302;0.777521;-0.170947;0.969957;0.030218;0.173890;-0.167432;0.892763;0.201977;-0.375495;0.145541;0.432421;-0.172789;-0.389789;0.794494;0.572854;-0.194421;-0.657434;0.449244;-0.485796;0.306019;0.613491;-0.542203;-0.485796;0.306019;0.613491;-0.542203;0.393576;0.286335;-0.306067;0.818189;0.025189;0.891572;-0.436220;-0.119070;0.238515;0.779811;-0.508495;-0.276476;0.283415;0.678244;-0.637696;-0.230227;0.769711;-0.004666;0.032080;-0.637569;0.752657;-0.005509;0.031946;-0.657614;0.752657;-0.005509;0.031946;-0.657614;-0.319505;-0.598155;0.176871;0.713333;-0.179754;0.628335;-0.232683;0.720238;0.615458;-0.311355;0.593343;-0.414985;-0.460628;0.520020;-0.517763;0.499322;0.682834;-0.004136;0.729962;-0.029583;0.549703;0.516019;0.593240;0.282166;0.213093;0.781465;0.086466;0.580023;0.242047;0.763163;0.290303;0.524137;-0.199240;0.749427;-0.330144;0.538208;0.817369;-0.025809;0.560780;-0.129493;0.817369;-0.025809;0.560780;-0.129493;0.669532;0.378281;0.414781;0.486401;0.129493;0.560780;0.025809;0.817369;0.669532;0.378281;0.414781;0.486401;0.817369;-0.025809;0.560780;-0.129493
3233533;1;0.478262;-0.228046;0.806617;-0.261971;0.520885;-0.062681;0.835887;-0.161378;0.567625;0.137999;0.780862;-0.221388;0.583551;0.200175;0.767280;-0.175155;0.976596;0.028810;0.169644;-0.129043;0.891999;0.210185;-0.367356;0.158777;0.409365;-0.167203;-0.388808;0.808265;0.522939;-0.183748;-0.717556;0.421763;-0.453540;0.289602;0.681748;-0.495632;-0.453540;0.289602;0.681748;-0.495632;0.413888;0.291386;-0.333920;0.795165;0.033486;0.888804;-0.445495;-0.102177;0.251364;0.770973;-0.487613;-0.323497;-0.324148;-0.624874;0.664604;0.250523;-0.489900;0.352970;-0.438259;0.665837;0.598121;-0.271468;0.492914;-0.570607;0.598121;-0.271468;0.492914;-0.570607;-0.240841;-0.060504;0.106636;0.962790;-0.170293;0.629077;-0.229228;0.722991;0.617059;-0.304581;0.596295;-0.413402;-0.450703;0.530264;-0.512999;0.502512;0.678064;-0.014813;0.733830;-0.038780;0.547980;0.515583;0.596550;0.279323;0.210277;0.783910;0.084478;0.578042;0.259843;0.761386;0.282862;0.522267;-0.185311;0.742992;-0.334255;0.549451;0.836248;0.039523;0.544757;-0.048649;0.836248;0.039523;0.544757;-0.048649;0.625717;0.413148;0.357254;0.556917;0.048649;0.544757;-0.039523;0.836248;0.625717;0.413148;0.357254;0.556917;0.836248;0.039523;0.544757;-0.048649
3266888;1;0.478254;-0.228093;0.806374;-0.262694;0.520958;-0.063093;0.835634;-0.162286;0.567606;0.137970;0.780293;-0.223450;0.583697;0.200100;0.766716;-0.177213;0.976185;0.027733;0.170582;-0.131134;0.893195;0.207742;-0.366437;0.157387;0.411446;-0.167817;-0.386355;0.808257;0.526061;-0.188195;-0.713512;0.422779;-0.456814;0.292927;0.677282;-0.496794;-0.456814;0.292927;0.677282;-0.496794;0.423192;0.286748;-0.329197;0.793923;0.035072;0.887544;-0.448100;-0.101201;0.251534;0.767758;-0.492619;-0.323427;-0.326190;-0.615411;0.673347;0.247940;-0.470578;0.346159;-0.437874;0.683372;0.571671;-0.273411;0.486627;-0.601359;0.571671;-0.273411;0.486627;-0.601359;-0.210569;-0.060309;0.108299;0.969688;-0.169806;0.629006;-0.228806;0.723302;0.616664;-0.305174;0.595753;-0.414333;-0.451024;0.529533;-0.513414;0.502572;0.678332;-0.014001;0.733607;-0.038602;0.547651;0.515425;0.596801;0.279721;0.210385;0.783875;0.085611;0.577883;0.259954;0.761208;0.283528;0.522110;-0.185120;0.743334;-0.333659;0.549416;0.836179;0.041104;0.544541;-0.050904;0.836179;0.041104;0.544541;-0.050904;0.627262;0.414114;0.355983;0.555273;0.050904;0.544541;-0.041104;0.836179;0.627262;0.414114;0.355983;0.555273;0.836179;0.041104;0.544541;-0.050904
3300222;1;0.496500;-0.217921;0.803008;-0.247338;0.531629;-0.076627;0.828517;-0.158300;0.562407;0.132119;0.789583;-0.206884;0.577187;0.195013;0.776445;-0.161116;0.978549;0.006756;0.124778;-0.163788;0.892884;0.201342;-0.377163;0.141310;0.430092;-0.177317;-0.389036;0.795129;0.547908;-0.177308;-0.712369;0.401110;-0.472247;0.295137;0.672162;-0.487929;-0.472247;0.295137;0.672162;-0.487929;0.460569;0.222030;-0.323652;0.796133;0.027925;0.901648;-0.418644;-0.104825;0.220861;0.779109;-0.497117;-0.311583;-0.311675;-0.570218;0.727315;0.220731;-0.408126;0.274440;-0.249074;0.834313;0.547387;-0.226791;0.293123;-0.750342;0.547387;-0.226791;0.293123;-0.750342;-0.236389;-0.217252;0.091649;0.942614;-0.174010;0.617887;-0.236443;0.729405;0.624927;-0.290360;0.594502;-0.414398;0.469938;-0.508833;0.530037;-0.489191;0.682303;0.012528;0.730789;-0.015928;0.552845;0.530144;0.568680;0.299855;0.218376;0.773476;0.078385;0.589832;0.240952;0.757780;0.291151;0.531924;-0.205475;0.746230;-0.325713;0.542984;0.807436;-0.045556;0.564417;-0.165545;0.807436;-0.045556;0.564417;-0.165545;0.688001;0.366890;0.431316;0.453885;0.165545;0.564417;0.045556;0.807436;0.688001;0.366890;0.431316;0.453885;0.807436;-0.045556;0.564417;-0.165545
3333555;1;0.495787;-0.220029;0.802293;-0.249216;0.531435;-0.077866;0.828265;-0.159656;0.567501;0.131774;0.788566;-0.196830;0.581458;0.194588;0.775459;-0.150686;0.983159;0.009845;0.106788;-0.147978;0.893136;0.204325;-0.376140;0.138125;0.436833;-0.172688;-0.391675;0.791168;0.513022;-0.242872;-0.745245;0.349902;-0.456960;0.348207;0.702231;-0.420489;-0.456960;0.348207;0.702231;-0.420489;0.471650;0.227032;-0.390076;0.757524;0.021365;0.905667;-0.414928;-0.084529;0.149012;0.775220;-0.550206;-0.272221;-0.233808;-0.537690;0.783952;0.204064;0.006888;-0.461643;0.639925;-0.614275;0.112761;-0.344320;0.709974;-0.603876;0.112761;-0.344320;0.709974;-0.603876;-0.016085;0.239567;-0.181444;0.953639;-0.182333;0.609271;-0.252435;0.729260;0.623386;-0.284009;0.595252;-0.420005;-0.450680;0.532269;-0.530357;0.481973;0.663649;-0.003920;0.747639;-0.024289;0.553943;0.532751;0.564812;0.300517;0.218999;0.772860;0.074064;0.590966;0.238493;0.754985;0.305162;0.529145;-0.205195;0.754091;-0.313799;0.539233;0.781651;-0.044452;0.600140;-0.163944;0.781651;-0.044452;0.600140;-0.163944;0.668637;0.392931;0.455795;0.436785;0.163944;0.600140;0.044452;0.781651;0.668637;0.392931;0.455795;0.436785;0.781651;-0.044452;0.600140;-0.163944
3366866;1;0.478016;-0.230426;0.808613;-0.254066;0.516471;-0.078388;0.837142;-0.162194;0.561692;0.142715;0.790231;-0.199172;0.575855;0.205627;0.776241;-0.153487;0.983602;0.015466;0.106068;-0.145046;0.896622;0.185247;-0.379435;0.133346;0.442219;-0.187213;-0.378468;0.791300;0.573631;-0.188228;-0.689432;0.400251;-0.495190;0.305379;0.646134;-0.494005;-0.495190;0.305379;0.646134;-0.494005;0.454726;0.207662;-0.315512;0.806569;0.017761;0.901444;-0.424957;-0.080587;0.131850;0.760469;-0.592780;-0.230032;-0.204553;-0.502310;0.823034;0.168693;-0.083996;0.439079;-0.612360;0.652050;0.156943;-0.367273;0.657940;-0.638431;0.156943;-0.367273;0.657940;-0.638431;-0.074168;0.210152;-0.107744;0.968879;-0.194188;0.612003;-0.265044;0.719371;0.619670;-0.286337;0.602376;-0.413719;-0.443290;0.540535;-0.527708;0.482535;0.658825;-0.011683;0.751613;-0.029851;0.541052;0.533531;0.578579;0.296402;0.205670;0.783384;0.075360;0.581661;0.231996;0.760055;0.311735;0.520880;-0.203980;0.762258;-0.312711;0.528741;0.757553;0.000202;0.632711;-0.160593;0.757553;0.000202;0.632711;-0.160593;0.649227;0.447537;0.447252;0.422115;0.160593;0.632711;-0.000202;0.757553;0.649227;0.447537;0.447252;0.422115;0.757553;0.000202;0.632711;-0.160593
3400222;1;0.492128;-0.201776;0.800112;-0.277341;0.532366;-0.061718;0.822851;-0.188930;0.557055;0.134574;0.780867;-0.248647;0.575201;0.196761;0.767560;-0.203174;0.978689;-0.031597;0.096656;-0.178401;0.896456;0.160870;-0.389191;0.137905;0.459891;-0.199845;-0.370690;0.781762;0.500147;-0.269554;-0.785366;0.245753;-0.450228;0.401053;0.727059;-0.328384;-0.450228;0.401053;0.727059;-0.328384;0.499180;0.177279;-0.477969;0.700669;0.056148;0.883325;-0.453491;-0.104547;0.130493;0.744500;-0.604211;-0.252231;-0.212199;-0.478598;0.830840;0.188733;-0.182255;0.360026;-0.399431;0.823176;-0.322576;0.285110;-0.455935;0.778961;-0.322576;0.285110;-0.455935;0.778961;-0.190558;0.074684;0.179389;0.962252;-0.197441;0.612331;-0.264907;0.718256;0.622298;-0.285332;0.603125;-0.409355;-0.441216;0.545009;-0.519455;0.488324;0.661419;-0.020705;0.748896;-0.035369;0.554250;0.535766;0.562891;0.298186;0.210853;0.774939;0.057649;0.593032;0.241152;0.752519;0.308961;0.529249;-0.203354;0.755027;-0.309376;0.541173;0.764019;0.024397;0.632341;-0.125796;0.764019;0.024397;0.632341;-0.125796;0.629194;0.464384;0.429882;0.451291;0.125796;0.632341;-0.024397;0.764019;0.629194;0.464384;0.429882;0.451291;0.764019;0.024397;0.632341;-0.125796
3433555;1;0.500157;-0.194765;0.798246;-0.273336;0.540553;-0.050795;0.820092;-0.180752;0.553798;0.132811;0.780184;-0.258807;0.572769;0.194949;0.767021;-0.213563;0.977391;-0.046854;0.083995;-0.188301;0.894034;0.147639;-0.398495;0.141799;0.468546;-0.209174;-0.369921;0.774512;0.530887;-0.253239;-0.770946;0.244278;-0.480029;0.384067;0.714829;-0.333293;-0.480029;0.384067;0.714829;-0.333293;0.483513;0.150711;-0.471783;0.721749;0.064627;0.874645;-0.465931;-0.117165;0.150162;0.729580;-0.611073;-0.267871;-0.236483;-0.460869;0.832644;0.195907;-0.146185;0.393670;-0.521360;0.742858;-0.253004;0.313391;-0.573217;0.713581;-0.253004;0.313391;-0.573217;0.713581;-0.149135;0.149293;0.050537;0.976174;-0.201702;0.611845;-0.267925;0.716365;0.620865;-0.287992;0.602700;-0.410292;-0.442973;0.541044;-0.519941;0.490621;0.664270;-0.017552;0.746430;-0.035778;0.557485;0.537263;0.556780;0.300924;0.217323;0.771392;0.059762;0.595108;0.241737;0.749691;0.315569;0.529096;-0.202792;0.757675;-0.302696;0.541461;0.774097;0.049817;0.625718;-0.082271;0.774097;0.049817;0.625718;-0.082271;0.605544;0.477676;0.407223;0.489195;0.082271;0.625718;-0.049817;0.774097;0.605544;0.477676;0.407223;0.489195;0.774097;0.049817;0.625718;-0.082271
3466888;1;0.504086;-0.181933;0.800238;-0.269103;0.542273;-0.044260;0.819464;-0.180164;0.558339;0.142093;0.772200;-0.267907;0.578025;0.203561;0.758318;-0.222269;0.975000;-0.051913;0.067441;-0.205258;0.890178;0.164584;-0.395489;0.155188;0.487339;-0.180210;-0.388618;0.760921;0.548515;-0.214384;-0.714885;0.376976;-0.473849;0.336510;0.666170;-0.467383;-0.473849;0.336510;0.666170;-0.467383;0.467123;0.093594;-0.317267;0.819986;0.059955;0.867105;-0.476175;-0.133387;0.163259;0.717757;-0.616803;-0.278793;-0.250442;-0.456755;0.828852;0.204103;-0.390468;0.235344;-0.025859;0.889651;-0.253831;0.236573;0.009425;0.937824;-0.253831;0.236573;0.009425;0.937824;-0.375370;-0.146279;0.507522;0.761657;-0.211791;0.607518;-0.273097;0.715181;0.621938;-0.289892;0.599725;-0.411686;-0.435872;0.547442;-0.506100;0.504168;0.668751;-0.031928;0.741095;-0.050312;0.558114;0.542202;0.548295;0.306427;0.217466;0.769165;0.054407;0.598442;0.247513;0.745519;0.318809;0.530377;-0.199562;0.757023;-0.297477;0.546442;0.737851;0.106399;0.662653;-0.071742;0.737851;0.106399;0.662653;-0.071742;0.572468;0.543802;0.393331;0.471010;0.071742;0.662653;-0.106399;0.737851;0.572468;0.543802;0.393331;0.471010;0.737851;0.106399;0.662653;-0.071742
3500211;1;0.504465;-0.181497;0.800148;-0.268957;0.542753;-0.043247;0.819333;-0.179560;0.559167;0.143845;0.771602;-0.266966;0.578775;0.205259;0.757581;-0.221265;0.975210;-0.050524;0.065274;-0.205308;0.888912;0.163858;-0.398540;0.155407;0.486430;-0.182893;-0.390171;0.760067;0.550543;-0.215896;-0.710847;0.380773;-0.475144;0.337339;0.661904;-0.471512;-0.475144;0.337339;0.661904;-0.471512;0.470739;0.105253;-0.315147;0.817318;0.057995;0.867185;-0.476731;-0.131736;0.160600;0.718443;-0.617399;-0.277246;-0.247002;-0.458847;0.828735;0.204078;-0.399490;0.213504;-0.019038;0.891325;-0.274184;0.214106;0.010261;0.937484;-0.274184;0.214106;0.010261;0.937484;-0.380635;-0.153349;0.523030;0.747021;-0.212014;0.607034;-0.272921;0.715593;0.622396;-0.289602;0.599295;-0.411825;-0.435330;0.548536;-0.505268;0.504282;0.668448;-0.033293;0.741277;-0.050767;0.557723;0.543457;0.546617;0.307911;0.215385;0.769072;0.051282;0.599590;0.245627;0.745844;0.316209;0.532350;-0.202303;0.755423;-0.299535;0.546524;0.748121;0.110439;0.650008;-0.074881;0.748121;0.110439;0.650008;-0.074881;0.581950;0.537717;0.381533;0.476053;0.074881;0.650008;-0.110439;0.748121;0.581950;0.537717;0.381533;0.476053;0.748121;0.110439;0.650008;-0.074881
3533555;1;0.508825;-0.170902;0.801532;-0.263508;0.543391;-0.045176;0.818303;-0.181838;0.563495;0.143364;0.770268;-0.261931;0.582685;0.204672;0.756290;-0.215899;0.973465;-0.040852;0.077983;-0.211222;0.889197;0.138168;-0.414740;0.135014;0.491723;-0.217240;-0.379350;0.753066;0.619901;-0.108510;-0.643562;0.435633;0.522846;-0.232151;-0.609962;0.548347;0.522846;-0.232151;-0.609962;0.548347;0.377162;0.149540;-0.235922;0.883022;0.054474;0.877675;-0.462647;-0.112594;0.152747;0.710075;-0.624324;-0.287542;-0.231302;-0.492446;0.807146;0.229155;-0.488513;0.321574;-0.040085;0.810148;-0.251217;0.320431;0.048374;0.912071;-0.251217;0.320431;0.048374;0.912071;-0.355068;-0.139961;0.567015;0.729953;-0.210946;0.600753;-0.272595;0.721312;0.622491;-0.288918;0.593115;-0.421006;-0.438886;0.543378;-0.511768;0.500212;0.668108;-0.025022;0.742255;-0.045420;0.555056;0.553972;0.535539;0.313409;0.222536;0.768705;0.052419;0.597346;0.246513;0.749723;0.308235;0.531166;-0.200889;0.752561;-0.307936;0.546325;0.772402;0.088722;0.623637;-0.081245;0.772402;0.088722;0.623637;-0.081245;0.603620;0.503714;0.378242;0.488722;0.081245;0.623637;-0.088722;0.772402;0.603620;0.503714;0.378242;0.488722;0.772402;0.088722;0.623637;-0.081245
3566866;1;0.505221;-0.182256;0.796642;-0.277300;0.545216;-0.043267;0.816079;-0.186770;0.565272;0.162744;0.767837;-0.253787;0.583804;0.223795;0.752313;-0.207639;0.970106;-0.012117;0.097864;-0.221744;0.889410;0.163188;-0.403932;0.138414;0.480689;-0.196950;-0.388590;0.761017;0.551822;-0.225251;-0.716033;0.363389;-0.480303;0.346217;0.666014;-0.453727;-0.480303;0.346217;0.666014;-0.453727;0.449366;0.209367;-0.370866;0.785299;0.037485;0.874936;-0.473475;-0.094360;0.161548;0.723376;-0.610846;-0.278382;-0.231105;-0.530206;0.784403;0.224019;0.600540;-0.020012;-0.450875;-0.660047;-0.282868;-0.163759;0.420562;0.846343;-0.282868;-0.163759;0.420562;0.846343;0.564341;0.375104;-0.700677;-0.223311;-0.202775;0.603226;-0.266530;0.723853;0.623705;-0.286467;0.594058;-0.419551;-0.438028;0.544798;-0.510700;0.500512;0.667711;-0.026787;0.742501;-0.046228;0.566174;0.544053;0.537971;0.306659;0.223968;0.763701;0.046183;0.603711;0.255768;0.745557;0.299824;0.537432;-0.198748;0.743744;-0.310986;0.557343;0.754328;0.043734;0.643146;-0.124255;0.754328;0.043734;0.643146;-0.124255;0.621252;0.485698;0.423849;0.445529;0.124255;0.643146;-0.043734;0.754328;0.621252;0.485698;0.423849;0.445529;0.754328;0.043734;0.643146;-0.124255
3600222;1;0.500095;-0.186150;0.798596;-0.278385;0.544736;-0.027057;0.819558;-0.175660;0.567115;0.183897;0.760634;-0.256902;0.585891;0.244302;0.743437;-0.210596;0.966491;0.004090;0.100138;-0.236330;0.882675;0.183723;-0.401247;0.161653;0.479507;-0.170443;-0.407066;0.758498;0.537753;-0.223162;-0.711283;0.393824;-0.459885;0.345085;0.660788;-0.482474;-0.459885;0.345085;0.660788;-0.482474;0.438413;0.227959;-0.349735;0.795936;0.021337;0.866134;-0.487278;-0.109166;0.214216;0.735637;-0.561809;-0.311963;-0.291572;-0.553312;0.742049;0.241236;0.503944;-0.121269;-0.302391;-0.799934;-0.113789;-0.019578;0.325212;0.938566;-0.113789;-0.019578;0.325212;0.938566;-0.353814;-0.397065;0.662627;0.527333;-0.203353;0.609638;-0.259651;0.720813;0.623296;-0.294208;0.593774;-0.415183;-0.435352;0.548741;-0.498276;0.510953;0.673138;-0.038393;0.736435;-0.055455;0.565567;0.534945;0.550418;0.301674;0.214900;0.766116;0.046412;0.603929;0.256953;0.744912;0.297927;0.538814;-0.198885;0.741961;-0.311878;0.559169;0.726432;0.024554;0.680867;-0.090070;0.726432;0.024554;0.680867;-0.090070;0.577354;0.498808;0.464084;0.449976;0.090070;0.680867;-0.024554;0.726432;0.577354;0.498808;0.464084;0.449976;0.726432;0.024554;0.680867;-0.090070
3633544;1;0.498187;-0.204925;0.799923;-0.264461;0.542054;-0.035356;0.824997;-0.155907;0.560941;0.191271;0.771696;-0.230750;0.577639;0.252540;0.753872;-0.185023;0.967397;0.025158;0.102912;-0.230041;0.877823;0.192249;-0.404862;0.168978;0.468964;-0.168342;-0.415372;0.761052;0.525553;-0.229643;-0.718587;0.393309;-0.447851;0.352912;0.666750;-0.479924;-0.447851;0.352912;0.666750;-0.479924;0.459684;0.205766;-0.342690;0.793041;-0.001987;0.867599;-0.475812;-0.144468;0.267508;0.748223;-0.527314;-0.300901;-0.324333;-0.621929;0.671642;0.238559;-0.412249;0.129585;-0.107992;0.895319;0.031008;0.164174;-0.038750;0.985182;0.031008;0.164174;-0.038750;0.985182;-0.368809;-0.173279;0.484292;0.774219;-0.206870;0.614974;-0.262719;0.714136;0.619035;-0.300048;0.597691;-0.411742;-0.428962;0.555260;-0.494089;0.513375;0.670322;-0.046003;0.738074;-0.061634;0.557148;0.526904;0.563672;0.306974;0.202667;0.769345;0.058509;0.603002;0.255603;0.740835;0.311418;0.537447;-0.198808;0.748556;-0.299429;0.557209;0.722237;0.013350;0.682678;-0.110213;0.722237;0.013350;0.682678;-0.110213;0.588631;0.492166;0.473286;0.432766;0.110213;0.682678;-0.013350;0.722237;0.588631;0.492166;0.473286;0.432766;0.722237;0.013350;0.682678;-0.110213
3666888;1;0.507261;-0.204867;0.804140;-0.232538;0.543494;-0.040074;0.828858;-0.126502;0.563846;0.167339;0.780729;-0.211039;0.578954;0.229409;0.764795;-0.165142;0.979248;0.015916;0.083816;-0.183834;0.884674;0.173166;-0.410555;0.137151;0.444820;-0.212784;-0.391490;0.776913;-0.474616;0.199974;0.809389;-0.282204;-0.433036;0.305462;0.775754;-0.342606;-0.433036;0.305462;0.775754;-0.342606;0.471214;0.297622;-0.450514;0.697435;0.007027;0.876231;-0.466197;-0.121781;0.247171;0.759345;-0.525300;-0.293875;0.284898;0.680713;-0.623839;-0.257467;0.678947;-0.085998;0.076769;-0.725081;-0.101549;0.114923;-0.009053;0.988129;-0.101549;0.114923;-0.009053;0.988129;-0.119092;-0.498883;0.372120;0.773602;-0.203772;0.609475;-0.257647;0.721551;0.630107;-0.286691;0.596405;-0.406293;-0.420647;0.561853;-0.471680;0.533756;0.678724;-0.066588;0.726775;-0.081836;0.559922;0.520578;0.566340;0.307805;0.195921;0.767299;0.054358;0.608204;0.245989;0.728905;0.347077;0.536400;-0.204700;0.765153;-0.265676;0.549596;0.823465;-0.041133;0.549834;-0.133778;0.823465;-0.041133;0.549834;-0.133778;0.676873;0.359706;0.417877;0.487682;0.133778;0.549834;0.041133;0.823465;0.676873;0.359706;0.417877;0.487682;0.823465;-0.041133;0.549834;-0.133778
3700211;1;0.508091;-0.195696;0.803823;-0.239616;0.544464;-0.038802;0.826391;-0.138317;0.564748;0.151150;0.782338;-0.214851;0.580159;0.213402;0.767697;-0.168870;0.978765;0.001988;0.087163;-0.185518;0.883453;0.190364;-0.398996;0.155159;0.438682;-0.188602;-0.399832;0.782382;0.532129;-0.090908;-0.671143;0.508076;0.516584;-0.111082;-0.668101;0.523873;0.516584;-0.111082;-0.668101;0.523873;0.300609;0.325954;-0.267419;0.855497;0.018415;0.884626;-0.446896;-0.131839;0.245619;0.784720;-0.489222;-0.290771;0.282312;0.712214;-0.589809;-0.255296;0.815107;-0.100138;0.197536;-0.535307;-0.360141;0.195390;-0.104264;0.906229;-0.360141;0.195390;-0.104264;0.906229;-0.028300;-0.447790;0.543746;0.709242;-0.211636;0.605074;-0.262920;0.721089;0.631441;-0.286184;0.594465;-0.407422;-0.435461;0.548369;-0.484909;0.523955;0.682324;-0.047601;0.726637;-0.064549;0.548005;0.530131;0.561688;0.321183;0.189901;0.770044;0.059408;0.606169;0.231144;0.738588;0.327656;0.541942;-0.219263;0.758312;-0.286199;0.543117;0.823882;-0.043889;0.546737;-0.142723;0.823882;-0.043889;0.546737;-0.142723;0.683493;0.355568;0.417636;0.481653;0.142723;0.546737;0.043889;0.823882;0.683493;0.355568;0.417636;0.481653;0.823882;-0.043889;0.546737;-0.142723
3733555;1;0.488849;-0.217090;0.802400;-0.264673;0.530470;-0.059497;0.829117;-0.166214;0.569665;0.147155;0.778022;-0.220247;0.585493;0.209074;0.763715;-0.173854;0.971887;0.024729;0.155830;-0.174760;0.890680;0.196716;-0.381485;0.149867;0.422880;-0.183110;-0.388199;0.798088;0.572160;-0.009095;-0.541611;0.615798;0.512752;-0.059150;-0.538448;0.666078;0.512752;-0.059150;-0.538448;0.666078;0.123007;0.166432;-0.071901;0.975705;0.023820;0.899388;-0.426424;-0.093256;0.240430;0.793468;-0.485290;-0.277660;0.277156;0.717170;-0.592254;-0.241012;0.739972;-0.353407;0.390990;-0.417938;-0.381277;0.511372;-0.127546;0.759512;-0.381277;0.511372;-0.127546;0.759512;0.536786;0.185844;-0.134206;-0.811980;-0.193028;0.610869;-0.250155;0.725949;0.631133;-0.283791;0.596029;-0.407287;-0.427922;0.556790;-0.481629;0.524309;0.677247;-0.055918;0.730275;-0.070067;0.552547;0.521120;0.575127;0.303900;0.187752;0.774244;0.053311;0.602040;0.251489;0.742654;0.307836;0.538939;-0.202803;0.747314;-0.303230;0.555378;0.822745;-0.031664;0.542710;-0.165993;0.822745;-0.031664;0.542710;-0.165993;0.699143;0.361364;0.406144;0.464394;0.165993;0.542710;0.031664;0.822745;0.699143;0.361364;0.406144;0.464394;0.822745;-0.031664;0.542710;-0.165993
3766877;1;0.489252;-0.214768;0.801407;-0.268802;0.530242;-0.064193;0.827199;-0.174543;0.569640;0.140867;0.780002;-0.217400;0.585240;0.202964;0.766194;-0.171018;0.973958;0.020650;0.152519;-0.166483;0.888166;0.202370;-0.377190;0.167136;0.428994;-0.165804;-0.394632;0.795448;0.508474;-0.059957;-0.669720;0.537899;0.551333;-0.004207;-0.672385;0.493875;0.551333;-0.004207;-0.672385;0.493875;0.029277;-0.058466;-0.132583;0.989013;0.026388;0.898495;-0.426685;-0.099748;0.255916;0.789481;-0.462036;-0.312648;0.303593;0.703308;-0.584906;-0.266596;0.604218;-0.629940;0.390814;-0.292164;-0.384452;0.740578;-0.033224;0.550124;-0.384452;0.740578;-0.033224;0.550124;0.591078;-0.137582;0.043725;-0.793590;-0.185909;0.617189;-0.255242;0.720672;0.623977;-0.282576;0.605204;-0.405625;-0.421898;0.562269;-0.493255;0.512401;0.664649;-0.051588;0.742455;-0.065890;0.549255;0.523337;0.576631;0.303206;0.193866;0.776108;0.063254;0.596717;0.259951;0.743041;0.312187;0.531841;-0.191780;0.750658;-0.300478;0.556279;0.825610;-0.035536;0.543323;-0.148006;0.825610;-0.035536;0.543323;-0.148006;0.688450;0.359060;0.409316;0.479138;0.148006;0.543323;0.035536;0.825610;0.688450;0.359060;0.409316;0.479138;0.825610;-0.035536;0.543323;-0.148006
3800222;1;0.492274;-0.220459;0.800094;-0.262514;0.530098;-0.079518;0.826093;-0.173905;0.565664;0.128905;0.788328;-0.204810;0.580267;0.191709;0.775451;-0.158787;0.974755;0.020242;0.160033;-0.154379;0.884383;0.202771;-0.379127;0.181696;0.442236;-0.153532;-0.401599;0.787130;0.531676;-0.054633;-0.703256;0.468794;0.572236;0.009770;-0.705307;0.418321;0.572236;0.009770;-0.705307;0.418321;0.160437;0.189179;-0.324833;0.912664;0.026129;0.903590;-0.410357;-0.120205;0.275972;0.787325;-0.458668;-0.305913;0.318967;0.709113;-0.572203;-0.260775;0.596825;-0.583206;0.472823;-0.283036;-0.361982;0.744136;-0.099757;0.552521;-0.361982;0.744136;-0.099757;0.552521;0.575376;-0.144711;0.196920;-0.780528;-0.199935;0.612258;-0.256925;0.720524;0.628841;-0.285881;0.599327;-0.404522;-0.431810;0.553079;-0.487974;0.519158;0.676385;-0.048777;0.732165;-0.063713;0.545390;0.525601;0.573836;0.311458;0.200170;0.774142;0.078810;0.595337;0.271594;0.739154;0.316005;0.529177;-0.181606;0.750625;-0.295090;0.562586;0.823578;-0.037642;0.551110;-0.128764;0.823578;-0.037642;0.551110;-0.128764;0.673408;0.363076;0.416310;0.491308;0.128764;0.551110;0.037642;0.823578;0.673408;0.363076;0.416310;0.491308;0.823578;-0.037642;0.551110;-0.128764
3833544;1;0.489883;-0.211801;0.798042;-0.279794;0.531348;-0.068612;0.822814;-0.189577;0.572691;0.110950;0.778404;-0.231952;0.589448;0.173016;0.767000;-0.185278;0.979860;-0.005319;0.155445;-0.125231;0.885680;0.218746;-0.363080;0.189455;0.431019;-0.134086;-0.402117;0.796584;0.501335;-0.240838;-0.755047;0.347223;0.566733;-0.064329;-0.789912;0.225199;0.566733;-0.064329;-0.789912;0.225199;0.407478;0.316784;-0.419971;0.746481;0.055337;0.894784;-0.425837;-0.122320;0.288858;0.786587;-0.440906;-0.321626;0.343517;0.691124;-0.579194;-0.262446;0.555456;-0.605367;0.432760;-0.371103;-0.394211;0.717175;-0.198520;0.539302;-0.394211;0.717175;-0.198520;0.539302;0.533239;-0.158076;0.149733;-0.817465;-0.197841;0.609615;-0.255315;0.723908;0.633241;-0.279513;0.598948;-0.402665;-0.440906;0.543174;-0.492709;0.517495;0.681645;-0.038370;0.728514;-0.056181;0.548769;0.527117;0.572113;0.306083;0.205353;0.774244;0.075321;0.593888;0.282015;0.743487;0.293059;0.530858;-0.175504;0.737593;-0.314467;0.571196;0.838474;0.066063;0.540365;-0.024535;0.838474;0.066063;0.540365;-0.024535;0.610240;0.428810;0.335382;0.575542;0.024535;0.540365;-0.066063;0.838474;0.610240;0.428810;0.335382;0.575542;0.838474;0.066063;0.540365;-0.024535
3866888;1;0.490619;-0.210578;0.802787;-0.265486;0.526947;-0.078653;0.826210;-0.183078;0.565709;0.107521;0.788344;-0.216625;0.581259;0.170395;0.777182;-0.170561;0.979840;-0.010608;0.139557;-0.142563;0.887344;0.221491;-0.360824;0.182671;0.440089;-0.129149;-0.403203;0.791877;0.514745;-0.228117;-0.802563;0.197215;0.522688;-0.193677;-0.811563;0.175079;0.522688;-0.193677;-0.811563;0.175079;0.476703;0.258342;-0.523500;0.657238;0.049125;0.908273;-0.400468;-0.110686;0.248603;0.794408;-0.456059;-0.314838;0.316069;0.663862;-0.631159;-0.247036;0.703684;-0.467992;0.389461;-0.366242;-0.332592;0.608458;-0.021782;0.720199;-0.332592;0.608458;-0.021782;0.720199;0.530018;0.099401;-0.121840;-0.833280;-0.197553;0.608593;-0.262627;0.722229;0.630567;-0.275834;0.602763;-0.403705;-0.432062;0.552741;-0.495269;0.512355;0.671796;-0.043368;0.737128;-0.058741;0.550561;0.533680;0.565005;0.304693;0.212425;0.773843;0.071925;0.592342;0.270478;0.743170;0.315747;0.524255;-0.178950;0.753270;-0.298116;0.558290;0.819804;-0.051918;0.555061;-0.130893;0.819804;-0.051918;0.555061;-0.130893;0.672244;0.355776;0.429199;0.487134;0.130893;0.555061;0.051918;0.819804;0.672244;0.355776;0.429199;0.487134;0.819804;-0.051918;0.555061;-0.130893
3900211;1;0.489939;-0.204864;0.803945;-0.267700;0.526267;-0.074444;0.826290;-0.186403;0.563743;0.105265;0.787468;-0.225850;0.580039;0.168075;0.776490;-0.179914;0.980214;-0.022497;0.130508;-0.147111;0.891980;0.209164;-0.362308;0.171331;0.431257;-0.148438;-0.391130;0.799375;0.579237;-0.094919;-0.648416;0.484801;0.622938;-0.032485;-0.654521;0.427195;0.622938;-0.032485;-0.654521;0.427195;0.377818;0.303600;-0.248641;0.838605;0.055411;0.906654;-0.398770;-0.126060;0.244574;0.796462;-0.459938;-0.307066;-0.321651;-0.633220;0.667029;0.225047;0.573508;-0.442486;0.483994;-0.490963;-0.243350;0.627339;-0.191025;0.714658;-0.243350;0.627339;-0.191025;0.714658;-0.267273;-0.049019;0.612900;0.741967;-0.199606;0.608699;-0.265138;0.720656;0.628163;-0.278533;0.602727;-0.405648;-0.428038;0.557059;-0.494784;0.511525;0.668372;-0.046786;0.739847;-0.060968;0.551151;0.538291;0.560846;0.303196;0.214761;0.774459;0.066943;0.591278;0.270243;0.744980;0.314234;0.522715;-0.178046;0.753481;-0.300470;0.557030;0.817456;-0.043042;0.557639;-0.137668;0.817456;-0.043042;0.557639;-0.137668;0.675374;0.363875;0.424745;0.480683;0.137668;0.557639;0.043042;0.817456;0.675374;0.363875;0.424745;0.480683;0.817456;-0.043042;0.557639;-0.137668
3933555;1;0.483941;-0.216010;0.806107;-0.263311;0.521694;-0.075670;0.831109;-0.177109;0.558901;0.110441;0.789896;-0.226927;0.575299;0.173430;0.778496;-0.181376;0.981694;-0.018250;0.132395;-0.135705;0.893594;0.200317;-0.368163;0.160682;0.425400;-0.165893;-0.384903;0.802100;0.540436;-0.342075;-0.761105;0.107854;0.546859;-0.285700;-0.784010;0.068184;0.546859;-0.285700;-0.784010;0.068184;-0.442230;-0.295225;0.616152;-0.581061;0.056565;0.901087;-0.414970;-0.112435;0.168983;0.802794;-0.514226;-0.250077;-0.232896;-0.624265;0.720555;0.191972;-0.480472;0.429557;-0.402099;0.650341;0.597809;-0.343126;0.477982;-0.544446;0.597809;-0.343126;0.477982;-0.544446;-0.312746;-0.013504;0.094912;0.944986;-0.203016;0.608295;-0.261985;0.721197;0.628979;-0.283419;0.598649;-0.407036;-0.433035;0.554510;-0.494879;0.509994;0.670828;-0.044884;0.738104;-0.056371;0.550687;0.535514;0.566856;0.297731;0.213571;0.776863;0.067421;0.588495;0.260030;0.748466;0.317567;0.520897;-0.184017;0.758254;-0.300525;0.548519;0.817198;-0.012998;0.560925;-0.131838;0.817198;-0.012998;0.560925;-0.131838;0.671070;0.387443;0.405825;0.484622;0.131838;0.560925;0.012998;0.817198;0.671070;0.387443;0.405825;0.484622;0.817198;-0.012998;0.560925;-0.131838
3966877;1;0.478224;-0.225606;0.805915;-0.266280;0.517822;-0.079320;0.833129;-0.177383;0.556255;0.110634;0.789985;-0.232946;0.573144;0.173629;0.778569;-0.187588;0.981099;-0.015031;0.147311;-0.124574;0.893965;0.215065;-0.360446;0.157009;0.412189;-0.158638;-0.388598;0.808657;0.567899;-0.302345;-0.675530;0.360190;0.620194;-0.184961;-0.716619;0.260011;0.620194;-0.184961;-0.716619;0.260011;0.460677;0.327746;-0.401784;0.720367;0.063031;0.892286;-0.433108;-0.110771;0.208674;0.773165;-0.526775;-0.284920;-0.283783;-0.582161;0.732369;0.210218;-0.354488;0.339280;-0.350510;0.797728;-0.487420;0.273375;-0.404023;0.724191;-0.487420;0.273375;-0.404023;0.724191;-0.353140;-0.047788;0.154437;0.921498;-0.198921;0.614438;-0.258634;0.718335;0.625901;-0.287451;0.601537;-0.404689;-0.447211;0.541384;-0.513808;0.492856;0.668829;-0.022108;0.742293;-0.034350;0.544937;0.532060;0.576353;0.296264;0.210247;0.780598;0.076806;0.583579;0.256999;0.755803;0.299289;0.522628;-0.187494;0.750586;-0.318648;0.547659;0.819987;0.024268;0.561478;-0.108509;0.819987;0.024268;0.561478;-0.108509;0.656546;0.414185;0.379865;0.503091;0.108509;0.561478;-0.024268;0.819987;0.656546;0.414185;0.379865;0.503091;0.819987;0.024268;0.561478;-0.108509
4000222;1;0.477212;-0.228474;0.797502;-0.289930;0.522699;-0.076624;0.826038;-0.196408;0.559745;0.115060;0.783539;-0.243955;0.577506;0.177524;0.771788;-0.198281;0.980977;-0.019417;0.142238;-0.130676;0.893422;0.215813;-0.358217;0.164018;0.422875;-0.148402;-0.390988;0.803916;0.541510;-0.283514;-0.640992;0.464237;0.561820;-0.254430;-0.653082;0.439440;0.561820;-0.254430;-0.653082;0.439440;0.420570;0.353267;-0.315192;0.773936;0.067782;0.886628;-0.448055;-0.092428;0.166404;0.756915;-0.564197;-0.284730;-0.248695;-0.536834;0.776561;0.216593;-0.146184;0.446558;-0.506810;0.722744;-0.268859;0.352277;-0.576343;0.686618;-0.268859;0.352277;-0.576343;0.686618;-0.154532;0.087043;-0.105925;0.978429;-0.193484;0.613369;-0.260212;0.720161;0.626916;-0.279869;0.604694;-0.403726;-0.448087;0.540890;-0.521948;0.483970;0.663218;-0.015980;0.747752;-0.027464;0.554135;0.528610;0.573208;0.291443;0.215727;0.776505;0.070673;0.587799;0.264302;0.753716;0.291652;0.526304;-0.184921;0.743772;-0.322616;0.555452;0.826415;0.049903;0.552277;-0.097661;0.826415;0.049903;0.552277;-0.097661;0.653421;0.425806;0.355232;0.515306;0.097661;0.552277;-0.049903;0.826415;0.653421;0.425806;0.355232;0.515306;0.826415;0.049903;0.552277;-0.097661
4033555;1;0.480657;-0.215499;0.790204;-0.313219;0.531487;-0.061157;0.816775;-0.216008;0.555095;0.107667;0.779588;-0.269294;0.574903;0.169838;0.768443;-0.223912;0.983821;-0.055603;0.113334;-0.127119;0.895216;0.206289;-0.361498;0.159225;0.428249;-0.156627;-0.385622;0.802101;0.564650;-0.256897;-0.613136;0.489120;0.572561;-0.246851;-0.617249;0.479835;0.572561;-0.246851;-0.617249;0.479835;0.409228;0.343151;-0.284884;0.796003;0.089785;0.869059;-0.470391;-0.124128;0.165298;0.743009;-0.578812;-0.292561;-0.250860;-0.516491;0.787605;0.223572;-0.284648;0.385099;-0.262231;0.837800;-0.413901;0.338643;-0.319980;0.782061;-0.413901;0.338643;-0.319980;0.782061;-0.233870;-0.006969;0.279294;0.931263;-0.200866;0.608955;-0.266466;0.719599;0.631009;-0.273918;0.605680;-0.399935;-0.450465;0.538350;-0.518844;0.487915;0.667663;-0.016373;0.743734;-0.028585;0.561049;0.528746;0.566867;0.290368;0.222614;0.772236;0.067233;0.591248;0.274558;0.750184;0.288260;0.527967;-0.178810;0.738924;-0.322572;0.563884;0.832761;0.114354;0.538824;-0.055682;0.832761;0.114354;0.538824;-0.055682;0.628224;0.461866;0.300146;0.549478;0.055682;0.538824;-0.114354;0.832761;0.628224;0.461866;0.300146;0.549478;0.832761;0.114354;0.538824;-0.055682
4066888;1;0.488622;-0.202836;0.788730;-0.313068;0.537373;-0.056148;0.812456;-0.219074;0.543277;0.107657;0.782461;-0.284631;0.564353;0.170058;0.771308;-0.240147;0.979400;-0.061897;0.132759;-0.138996;0.894819;0.217834;-0.356613;0.157082;0.448052;-0.136569;-0.394935;0.790332;0.528053;-0.286274;-0.609704;0.517174;0.571385;-0.231686;-0.632466;0.468858;0.571385;-0.231686;-0.632466;0.468858;0.393694;0.357793;-0.272764;0.801617;0.103372;0.856434;-0.486999;-0.136628;0.149687;0.726530;-0.607683;-0.283672;-0.232797;-0.493114;0.808679;0.220639;-0.400622;0.147920;0.128587;0.895035;-0.405603;0.148634;0.127761;0.892788;-0.405603;0.148634;0.127761;0.892788;-0.393064;-0.209023;0.619152;0.646886;-0.205879;0.606836;-0.264584;0.720666;0.630403;-0.281160;0.599377;-0.405325;-0.450283;0.538019;-0.512775;0.494815;0.672372;-0.020443;0.739169;-0.033585;0.570163;0.524419;0.564329;0.285362;0.233796;0.767199;0.069613;0.593211;0.282073;0.746386;0.292349;0.527139;-0.172859;0.739135;-0.317029;0.568587;0.827332;0.118640;0.547346;-0.043117;0.827332;0.118640;0.547346;-0.043117;0.615500;0.470923;0.303141;0.554523;0.043117;0.547346;-0.118640;0.827332;0.615500;0.470923;0.303141;0.554523;0.827332;0.118640;0.547346;-0.043117
4100200;1;0.483947;-0.222346;0.801676;-0.271427;0.525569;-0.071309;0.828878;-0.177916;0.549173;0.143146;0.789245;-0.234544;0.566213;0.205977;0.775224;-0.189749;0.977070;-0.007125;0.123436;-0.173339;0.892356;0.201363;-0.373587;0.153579;0.430484;-0.169387;-0.389131;0.796598;0.554726;-0.210835;-0.569918;0.568349;0.597698;-0.165370;-0.584732;0.522971;0.597698;-0.165370;-0.584732;0.522971;0.379750;0.381401;-0.200321;0.818654;0.046464;0.875588;-0.470415;-0.099485;0.151315;0.704599;-0.631633;-0.285805;-0.233649;-0.469733;0.821444;0.223582;0.504039;-0.196322;-0.118172;-0.832729;-0.309168;0.165630;0.158346;0.922989;-0.309168;0.165630;0.158346;0.922989;-0.406612;-0.250457;0.608447;0.633822;-0.203411;0.614683;-0.262605;0.715421;0.622855;-0.291679;0.601472;-0.406455;-0.441414;0.546475;-0.510143;0.496259;0.667120;-0.028339;0.743291;-0.040816;0.564798;0.518000;0.578846;0.278597;0.231741;0.772484;0.081297;0.585624;0.266532;0.745752;0.330181;0.513610;-0.174206;0.765207;-0.289715;0.547883;0.764583;0.042812;0.631579;-0.121190;0.764583;0.042812;0.631579;-0.121190;0.626336;0.476867;0.416321;0.454947;0.121190;0.631579;-0.042812;0.764583;0.626336;0.476867;0.416321;0.454947;0.764583;0.042812;0.631579;-0.121190
4133555;1;0.493788;-0.201388;0.803650;-0.264127;0.533093;-0.054274;0.826720;-0.171467;0.554860;0.145175;0.780835;-0.247694;0.572936;0.207325;0.766678;-0.202400;0.976588;-0.024626;0.096206;-0.190825;0.884979;0.184509;-0.389674;0.175847;0.436460;-0.178760;-0.392345;0.789692;0.541107;-0.234201;-0.616405;0.521917;0.584382;-0.179793;-0.634413;0.472961;0.584382;-0.179793;-0.634413;0.472961;0.397726;0.382135;-0.253967;0.794536;0.048974;0.873946;-0.469493;-0.115737;0.148084;0.707495;-0.626213;-0.292198;-0.234125;-0.468748;0.820345;0.229117;0.573315;-0.137650;-0.168315;-0.789957;-0.323069;0.083682;0.200686;0.921059;-0.323069;0.083682;0.200686;0.921059;-0.448263;-0.313196;0.627818;0.553907;-0.215778;0.614511;-0.269156;0.709486;0.620132;-0.299557;0.600319;-0.406594;-0.435238;0.552422;-0.500062;0.505307;0.669100;-0.039723;0.740319;-0.051522;0.557498;0.528105;0.570935;0.290404;0.224856;0.773867;0.077141;0.587043;0.255624;0.745558;0.337066;0.514962;-0.182873;0.769878;-0.284640;0.541133;0.695608;0.052269;0.708388;-0.107624;0.695608;0.052269;0.708388;-0.107624;0.567971;0.537866;0.463947;0.415767;0.107624;0.708389;-0.052269;0.695608;0.567971;0.537866;0.463947;0.415767;0.695608;0.052269;0.708388;-0.107624
4166877;1;0.493133;-0.198850;0.802923;-0.269432;0.533731;-0.050349;0.825646;-0.175798;0.558904;0.150902;0.775360;-0.252334;0.577339;0.212595;0.760761;-0.206701;0.972755;-0.015031;0.113608;-0.201531;0.886328;0.180505;-0.391062;0.170035;0.441665;-0.182456;-0.390156;0.787032;0.535910;-0.265604;-0.629727;0.495681;0.590348;-0.189912;-0.656532;0.429404;0.590348;-0.189912;-0.656532;0.429404;0.386849;0.405928;-0.301171;0.771276;0.046130;0.878450;-0.464079;-0.104061;0.137116;0.706371;-0.637899;-0.274451;-0.214638;-0.476849;0.823706;0.219214;0.542465;-0.332844;0.039210;-0.770331;-0.312635;0.330969;0.052744;0.888784;-0.312635;0.330969;0.052744;0.888784;-0.364396;-0.206747;0.514429;0.748221;-0.212241;0.613643;-0.265470;0.712686;0.620060;-0.300388;0.597367;-0.410422;-0.433724;0.554748;-0.499917;0.504204;0.667257;-0.041477;0.741865;-0.051797;0.559333;0.531152;0.566423;0.290154;0.222903;0.773567;0.067156;0.589405;0.256249;0.748011;0.323510;0.519766;-0.185879;0.762096;-0.295974;0.545031;0.695424;0.054618;0.709738;-0.098354;0.695424;0.054618;0.709738;-0.098354;0.561286;0.540481;0.463240;0.422192;0.098354;0.709738;-0.054618;0.695424;0.561286;0.540481;0.463240;0.422192;0.695424;0.054618;0.709738;-0.098354
4200222;1;0.511443;-0.198586;0.789895;-0.273963;0.554592;-0.042929;0.813343;-0.170463;0.552522;0.152697;0.780829;-0.248413;0.570664;0.214822;0.766069;-0.203304;0.975787;-0.027236;0.080925;-0.201370;0.883632;0.159407;-0.402047;0.179283;0.445455;-0.198335;-0.384338;0.783912;0.578978;-0.146157;-0.641035;0.482179;0.525917;-0.211773;-0.622447;0.539559;0.525917;-0.211773;-0.622447;0.539559;0.375625;0.372952;-0.280861;0.800581;0.042732;0.868466;-0.474331;-0.137664;0.176523;0.700289;-0.613844;-0.318796;-0.259716;-0.497359;0.787301;0.255615;0.635508;-0.094099;-0.278295;-0.714022;-0.350671;-0.007519;0.293677;0.889229;-0.350671;-0.007519;0.293677;0.889229;-0.455226;-0.360319;0.703645;0.409664;-0.207354;0.608361;-0.262229;0.719818;0.623652;-0.294488;0.593458;-0.414901;-0.435236;0.552631;-0.500745;0.504403;0.668465;-0.039386;0.740955;-0.050885;0.576330;0.522697;0.553887;0.296380;0.231158;0.758929;0.063158;0.605479;0.263129;0.734398;0.329852;0.531620;-0.189260;0.756975;-0.281864;0.558321;0.725959;0.030694;0.677661;-0.113213;0.725959;0.030694;0.677661;-0.113213;0.593384;0.500882;0.457475;0.433277;0.113213;0.677661;-0.030694;0.725959;0.593384;0.500882;0.457475;0.433277;0.725959;0.030694;0.677661;-0.113213
4233544;1;0.504753;-0.216247;0.795552;-0.256045;0.547570;-0.042627;0.823316;-0.143186;0.552379;0.165906;0.779812;-0.243405;0.570120;0.227908;0.763996;-0.198323;0.972926;-0.004456;0.103577;-0.206558;0.886172;0.156822;-0.399707;0.174185;0.442119;-0.202551;-0.378592;0.787510;0.579675;-0.145413;-0.605052;0.526065;0.598222;-0.123555;-0.609891;0.504874;0.598222;-0.123555;-0.609891;0.504874;0.377597;0.387292;-0.230192;0.808973;0.033446;0.864400;-0.488017;-0.116334;0.202440;0.701128;-0.600276;-0.327270;-0.276369;-0.532927;0.753592;0.267784;0.575995;-0.159102;-0.239216;-0.765305;-0.271840;0.065354;0.279762;0.918458;-0.271840;0.065354;0.279762;0.918458;-0.452186;-0.334072;0.650055;0.511226;-0.211183;0.609017;-0.247695;0.723289;0.631343;-0.300818;0.584647;-0.411220;-0.452950;0.535557;-0.488759;0.518777;0.691045;-0.035707;0.720290;-0.048618;0.569371;0.513214;0.567708;0.300226;0.218973;0.761666;0.074188;0.605320;0.252116;0.734176;0.334427;0.534398;-0.199014;0.760005;-0.278403;0.552520;0.734253;0.042215;0.662756;-0.140872;0.734253;0.042215;0.662756;-0.140872;0.618807;0.498489;0.438789;0.419584;0.140872;0.662756;-0.042215;0.734253;0.618807;0.498489;0.438789;0.419584;0.734253;0.042215;0.662756;-0.140872
4266888;1;0.493666;-0.231704;0.798412;-0.255234;0.538091;-0.048190;0.829956;-0.138957;0.548261;0.167178;0.784537;-0.236566;0.565466;0.229554;0.768603;-0.191837;0.970195;0.012811;0.134393;-0.201236;0.889202;0.171067;-0.393769;0.158118;0.443839;-0.194911;-0.382528;0.786568;0.594626;-0.132582;-0.584361;0.536063;0.564541;-0.164218;-0.576270;0.567660;0.564541;-0.164218;-0.576270;0.567660;0.359434;0.384268;-0.220013;0.821425;0.032022;0.868018;-0.486605;-0.093460;0.190764;0.733004;-0.588084;-0.283673;-0.247265;-0.589510;0.731858;0.236054;0.507126;-0.202076;-0.169100;-0.820605;-0.077718;0.102881;0.242580;0.961525;-0.077718;0.102881;0.242580;0.961525;-0.196442;-0.372463;0.666451;0.615244;-0.201548;0.615515;-0.243200;0.722062;0.627501;-0.302613;0.588627;-0.410106;-0.454418;0.534908;-0.498731;0.508571;0.684931;-0.028173;0.726942;-0.040385;0.559898;0.505797;0.584890;0.297636;0.202824;0.769293;0.077916;0.600816;0.233265;0.741239;0.330496;0.535653;-0.213327;0.762178;-0.286084;0.540123;0.809453;0.024169;0.559974;-0.175017;0.809453;0.024169;0.559974;-0.175017;0.696125;0.413051;0.378871;0.448614;0.175017;0.559974;-0.024169;0.809453;0.696125;0.413051;0.378871;0.448614;0.809453;0.024169;0.559974;-0.175017
4300211;1;0.487499;-0.230759;0.800143;-0.262423;0.533988;-0.045127;0.831530;-0.146211;0.552707;0.179909;0.777819;-0.239050;0.570097;0.241706;0.760887;-0.193957;0.968974;0.025178;0.136982;-0.204186;0.892303;0.162427;-0.391070;0.156449;0.444037;-0.199778;-0.373373;0.789628;0.539062;-0.248335;-0.736368;0.324814;0.509581;-0.309876;-0.712660;0.369350;0.509581;-0.309876;-0.712660;0.369350;0.431128;0.405635;-0.428036;0.682916;0.021830;0.860764;-0.496995;-0.107723;0.316472;0.701080;-0.522669;-0.367627;0.348669;0.650513;-0.584405;-0.337245;-0.318771;0.298631;-0.000208;0.899558;-0.074615;0.288471;0.077233;0.951447;-0.074615;0.288471;0.077233;0.951447;-0.168262;-0.260486;0.283676;0.907394;-0.202387;0.614212;-0.243587;0.722806;0.627905;-0.302405;0.587531;-0.411210;-0.449671;0.538052;-0.491695;0.516267;0.686972;-0.035412;0.724154;-0.049149;0.551198;0.506196;0.589719;0.303608;0.195008;0.772539;0.084521;0.598341;0.246591;0.741212;0.320197;0.535977;-0.204137;0.754962;-0.293431;0.549780;0.816436;0.020361;0.550424;-0.173356;0.816436;0.020361;0.550424;-0.173356;0.699888;0.403606;0.374811;0.454726;0.173356;0.550424;-0.020361;0.816436;0.699888;0.403606;0.374811;0.454726;0.816436;0.020361;0.550424;-0.173356
4333555;1;0.483568;-0.228499;0.802001;-0.265980;0.531149;-0.041444;0.832886;-0.149881;0.551806;0.182884;0.774533;-0.249324;0.570023;0.244407;0.757372;-0.204270;0.967070;0.026200;0.147007;-0.206105;0.902858;0.152100;-0.378709;0.135251;0.704514;-0.064485;-0.402984;0.580608;-0.039257;0.246711;0.966364;-0.061098;-0.028030;0.411052;0.908715;-0.066995;-0.028030;0.411052;0.908715;-0.066995;0.170799;0.062228;-0.681053;0.709311;0.029280;0.856088;-0.508848;-0.085612;0.321263;0.695261;-0.546945;-0.338013;0.339150;0.664525;-0.583904;-0.320063;0.571405;-0.184767;0.115535;-0.791207;-0.020037;0.217684;0.010046;0.975762;-0.020037;0.217684;0.010046;0.975762;-0.394804;-0.331920;0.284015;0.808266;-0.198289;0.615903;-0.239581;0.723841;0.627734;-0.303140;0.587276;-0.411295;-0.435730;0.552624;-0.478168;0.525453;0.683561;-0.055375;0.724847;-0.065379;0.542447;0.503729;0.599476;0.304362;0.182841;0.778204;0.086435;0.594556;0.241349;0.738036;0.341338;0.529662;-0.203311;0.767547;-0.276190;0.541530;0.809045;0.012169;0.548467;-0.210909;0.809045;0.012169;0.548467;-0.210909;0.721216;0.396429;0.379220;0.422946;0.210909;0.548467;-0.012169;0.809045;0.721216;0.396429;0.379220;0.422946;0.809045;0.012169;0.548467;-0.210909
4366877;1;0.477147;-0.218609;0.808132;-0.267327;0.524368;-0.034929;0.836449;-0.155469;0.540762;0.176854;0.779531;-0.261975;0.560029;0.238798;0.762838;-0.217766;0.961344;0.010169;0.156251;-0.226494;0.888109;0.228086;-0.357993;0.176297;0.575178;-0.050492;-0.421465;0.699276;-0.226293;0.261383;0.900137;-0.264997;-0.176493;0.414686;0.840597;-0.300470;-0.176493;0.414686;0.840597;-0.300470;0.483906;-0.052639;-0.536635;0.689265;0.043197;0.860908;-0.497730;-0.096106;0.244162;0.734840;-0.580753;-0.251239;0.247257;0.727585;-0.589818;-0.248193;0.698821;-0.424079;0.524854;-0.237349;-0.361390;0.666201;-0.107191;0.643493;-0.361390;0.666201;-0.107191;0.643493;-0.495211;-0.012038;-0.191535;0.847311;-0.202259;0.622445;-0.245703;0.715041;0.621195;-0.309413;0.593398;-0.407749;-0.447973;0.543471;-0.501570;0.502382;0.676042;-0.032247;0.735041;-0.040514;0.530777;0.513485;0.598742;0.310026;0.178427;0.783624;0.089738;0.588255;0.211270;0.752988;0.325952;0.531159;-0.225845;0.767208;-0.297512;0.521413;0.794711;-0.060255;0.557153;-0.233202;0.794711;-0.060255;0.557153;-0.233202;0.726845;0.351360;0.436574;0.397047;0.233202;0.557153;0.060255;0.794711;0.726845;0.351360;0.436574;0.397047;0.794711;-0.060255;0.557153;-0.233202
4400222;1;0.487404;-0.207007;0.801790;-0.276983;0.534092;-0.036991;0.827255;-0.170373;0.547194;0.162884;0.775747;-0.268820;0.566989;0.224569;0.760187;-0.224073;0.962716;-0.012817;0.137255;-0.232756;0.899799;0.180200;-0.368306;0.149131;0.489156;-0.154166;-0.379940;0.769809;-0.275799;0.335581;0.886377;0.160176;-0.299433;0.484468;0.814597;0.109826;-0.299433;0.484468;0.814597;0.109826;0.565733;0.059623;-0.773978;0.278118;0.054005;0.866394;-0.486933;-0.096653;0.231189;0.750626;-0.570827;-0.239311;0.235803;0.739373;-0.585329;-0.234766;0.680396;-0.564755;0.421484;-0.201159;0.655221;-0.606275;0.359203;-0.272193;0.655221;-0.606275;0.359203;-0.272193;0.583803;-0.166655;0.431918;-0.666969;-0.197891;0.618030;-0.242068;0.721305;0.625239;-0.303836;0.590163;-0.410449;-0.448103;0.543536;-0.499598;0.504156;0.677377;-0.033690;0.733681;-0.041673;0.548231;0.518802;0.579778;0.306829;0.193015;0.774671;0.071723;0.597902;0.220759;0.749635;0.315469;0.538324;-0.224184;0.757514;-0.302603;0.533240;0.796855;-0.072826;0.552384;-0.233647;0.796855;-0.072826;0.552384;-0.233647;0.728675;0.339099;0.442090;0.398248;0.233647;0.552384;0.072826;0.796855;0.728675;0.339099;0.442090;0.398248;0.796855;-0.072826;0.552384;-0.233647
4433544;1;0.528003;-0.242127;0.779196;-0.235458;0.559545;-0.110639;0.808413;-0.145385;0.540300;0.138141;0.799267;-0.223975;0.556521;0.201792;0.785615;-0.179925;0.962367;-0.006619;0.148190;-0.227698;0.895488;0.170152;-0.388177;0.135897;0.459997;-0.193596;-0.377033;0.780237;-0.456801;0.227927;0.674608;-0.533185;0.590553;-0.024828;-0.711639;0.379738;0.590553;-0.024828;-0.711639;0.379738;0.384685;0.377771;-0.235683;0.808554;0.048799;0.876745;-0.474091;-0.064608;0.108065;0.784288;-0.592365;-0.149392;0.110277;0.775384;-0.603973;-0.147767;0.611645;-0.627945;0.437722;-0.199939;0.612391;-0.626297;0.440077;-0.197641;0.612391;-0.626297;0.440077;-0.197641;0.579499;-0.230074;0.411564;-0.664728;-0.174404;0.603243;-0.205560;0.750618;0.649015;-0.288257;0.568435;-0.415416;-0.461949;0.533967;-0.476324;0.524021;0.701069;-0.043329;0.710291;-0.045951;0.698378;0.217157;0.490386;0.473954;0.229522;0.481807;0.235454;0.812245;0.381998;0.205532;0.733945;0.522647;-0.094675;0.666525;0.376934;0.636162;0.785225;-0.085394;0.569315;-0.228057;0.785225;-0.085394;0.569315;-0.228057;0.716499;0.342184;0.462949;0.393977;0.228057;0.569315;0.085394;0.785225;0.716499;0.342184;0.462949;0.393977;0.785225;-0.085394;0.569315;-0.228057
4466888;1;0.498403;-0.232652;0.783610;-0.288831;0.546904;-0.067632;0.814615;-0.180901;0.551439;0.150285;0.786746;-0.233153;0.568360;0.212893;0.772161;-0.188181;0.969692;0.009562;0.151471;-0.191473;0.896477;0.176118;-0.386621;0.125836;0.465141;-0.190232;-0.379875;0.776627;0.475415;-0.160495;-0.609162;0.614120;0.531370;-0.102157;-0.621611;0.566400;0.531370;-0.102157;-0.621611;0.566400;0.367793;0.336510;-0.130271;0.857040;0.040553;0.873473;-0.476239;-0.092716;0.163119;0.788389;-0.561390;-0.191509;0.175110;0.750612;-0.610981;-0.180610;0.565659;-0.610774;0.482134;-0.273006;0.530482;-0.662201;0.408640;-0.336290;0.530482;-0.662201;0.408640;-0.336290;0.534535;-0.206263;0.333601;-0.748624;-0.187589;0.603979;-0.222758;0.741889;0.642687;-0.290482;0.574529;-0.415319;-0.460965;0.536417;-0.490809;0.508797;0.689709;-0.034801;0.722359;-0.035893;0.329464;0.254479;0.890961;0.181336;0.106907;0.807339;0.454659;0.360638;0.374801;0.498861;0.729057;0.281314;0.068924;0.870309;0.165921;0.458565;0.802917;-0.053632;0.558801;-0.200471;0.802917;-0.053632;0.558801;-0.200471;0.709503;0.357209;0.433055;0.425994;0.200471;0.558801;0.053632;0.802917;0.709503;0.357209;0.433055;0.425994;0.802917;-0.053632;0.558801;-0.200471
4500211;1;0.502769;-0.250490;0.770424;-0.301536;0.557056;-0.073686;0.806765;-0.182729;0.552331;0.147512;0.792298;-0.213152;0.567646;0.210574;0.777917;-0.168172;0.971344;0.020995;0.153318;-0.180397;0.891948;0.180576;-0.393734;0.129596;0.457130;-0.194085;-0.387253;0.776787;-0.486651;0.145982;0.609209;-0.608871;0.525042;-0.106243;-0.617380;0.576094;0.525042;-0.106243;-0.617380;0.576094;0.361309;0.332755;-0.134811;0.860555;0.027314;0.880322;-0.459568;-0.114386;0.231221;0.771240;-0.539102;-0.247173;0.255960;0.710195;-0.617305;-0.221455;0.503776;-0.610451;0.495243;-0.358179;-0.453219;0.669378;-0.412129;0.420328;-0.453219;0.669378;-0.412129;0.420328;-0.476661;0.195969;-0.361249;0.777103;-0.187172;0.599260;-0.223901;0.745468;0.646932;-0.283344;0.573596;-0.414949;-0.455983;0.541328;-0.483467;0.515077;0.690591;-0.043504;0.720605;-0.043810;0.339553;0.231004;0.895899;0.169426;0.103520;0.817827;0.432544;0.365169;0.327497;0.575992;0.682127;0.309326;0.015098;0.891938;0.078598;0.445017;0.810436;-0.072761;0.556540;-0.167814;0.810436;-0.072761;0.556540;-0.167814;0.691727;0.342083;0.444984;0.454402;0.167814;0.556540;0.072761;0.810436;0.691727;0.342083;0.444984;0.454402;0.810436;-0.072761;0.556540;-0.167814
4533555;1;0.501814;-0.251980;0.769785;-0.303511;0.556999;-0.073366;0.806648;-0.183545;0.550120;0.148590;0.793218;-0.214696;0.565566;0.211722;0.778747;-0.169889;0.972089;0.022559;0.156158;-0.173632;0.894059;0.196670;-0.377487;0.139582;0.453126;-0.170117;-0.390174;0.783263;-0.484302;0.146966;0.612527;-0.607176;0.473013;-0.158247;-0.609710;0.616012;0.473013;-0.158247;-0.609710;0.616012;0.373334;0.326936;-0.132090;0.858071;0.027733;0.878027;-0.461259;-0.124659;0.251671;0.767637;-0.525616;-0.266689;0.286348;0.686986;-0.627367;-0.229054;0.619028;-0.409512;0.367519;-0.560388;0.597373;-0.423129;0.351755;-0.583417;0.597373;-0.423129;0.351755;-0.583417;-0.374103;-0.079230;-0.149502;0.911822;-0.186455;0.597817;-0.222490;0.747227;0.646970;-0.284141;0.571141;-0.417721;-0.452931;0.545551;-0.481297;0.515346;0.688624;-0.048043;0.722054;-0.046127;0.341661;0.221155;0.897806;0.168235;0.100359;0.819080;0.428962;0.367461;0.326693;0.597431;0.657077;0.323415;0.004413;0.889575;0.045778;0.454469;0.806509;-0.035078;0.563874;-0.174239;0.806509;-0.035078;0.563874;-0.174239;0.693494;0.373915;0.423523;0.447082;0.174239;0.563874;0.035078;0.806509;0.693494;0.373915;0.423523;0.447082;0.806509;-0.035078;0.563874;-0.174239
4566877;1;0.501377;-0.251637;0.769722;-0.304677;0.556791;-0.073235;0.806492;-0.184910;0.549107;0.150841;0.792753;-0.217420;0.564774;0.213928;0.778104;-0.172685;0.972145;0.022389;0.155477;-0.173951;0.893804;0.198670;-0.376229;0.141760;0.453083;-0.166978;-0.391327;0.783389;-0.487594;0.139538;0.617709;-0.601013;0.504116;-0.122310;-0.621350;0.587224;0.504116;-0.122310;-0.621350;0.587224;0.372136;0.319655;-0.137854;0.860425;0.028614;0.873916;-0.468114;-0.127754;0.239269;0.760896;-0.538599;-0.271476;0.278348;0.668520;-0.649717;-0.231238;0.572871;-0.411556;0.421991;-0.569530;0.595687;-0.393951;0.438472;-0.545621;0.595687;-0.393951;0.438472;-0.545621;-0.297717;-0.056565;0.020853;0.952749;-0.185193;0.597657;-0.222917;0.747541;0.646769;-0.283043;0.571685;-0.418034;-0.457454;0.540663;-0.487503;0.510647;0.688526;-0.040165;0.723012;-0.039650;0.354421;0.216653;0.890890;0.183745;0.083649;0.825315;0.399264;0.390442;0.231400;0.669575;0.608303;0.357896;-0.088026;0.906193;-0.039117;0.411748;0.801735;-0.041229;0.567132;-0.184071;0.801735;-0.041229;0.567132;-0.184071;0.697070;0.371869;0.430176;0.436755;0.184071;0.567132;0.041229;0.801735;0.697070;0.371869;0.430176;0.436755;0.801735;-0.041229;0.567132;-0.184071
4600222;1;0.502163;-0.252500;0.768829;-0.304922;0.557097;-0.076507;0.805606;-0.186516;0.551793;0.145134;0.791251;-0.219962;0.567655;0.208120;0.777063;-0.175004;0.973742;0.015547;0.150591;-0.170020;0.892990;0.197786;-0.373495;0.154761;0.445156;-0.164090;-0.389477;0.789442;-0.490366;0.139314;0.609453;-0.607206;0.523796;-0.104757;-0.616334;0.578616;0.523796;-0.104757;-0.616334;0.578616;0.365467;0.332895;-0.133311;0.858977;0.033589;0.875024;-0.466446;-0.125034;0.226304;0.762404;-0.544059;-0.267446;-0.272361;-0.647102;0.677140;0.220364;0.566342;-0.306689;0.394453;-0.655443;0.667841;-0.236514;0.440128;-0.551668;0.667841;-0.236514;0.440128;-0.551668;-0.167894;-0.143822;0.313787;0.923398;-0.185588;0.597730;-0.224881;0.746796;0.647017;-0.281106;0.573484;-0.416491;-0.465266;0.534700;-0.498947;0.498674;0.685651;-0.027790;0.726944;-0.025721;0.481547;0.299806;0.792159;0.225198;0.132391;0.802041;0.272128;0.514927;0.212468;0.713440;0.485417;0.458510;-0.173012;0.851133;-0.156754;0.470178;0.805452;-0.066510;0.560640;-0.180299;0.805452;-0.066510;0.560640;-0.180299;0.697031;0.349402;0.443462;0.442050;0.180299;0.560640;0.066510;0.805452;0.697031;0.349402;0.443462;0.442050;0.805452;-0.066510;0.560640;-0.180299
4633544;1;0.500940;-0.244699;0.765726;-0.320694;0.560609;-0.064697;0.801267;-0.198752;0.554426;0.130807;0.787585;-0.234970;0.571483;0.193545;0.774559;-0.189752;0.975228;-0.016195;0.125025;-0.181760;0.890030;0.188088;-0.376807;0.174602;0.446820;-0.163607;-0.388063;0.789298;-0.496522;0.195681;0.744678;-0.400785;0.570329;-0.033023;-0.769251;0.286161;0.570329;-0.033023;-0.769251;0.286161;0.427858;0.295751;-0.354051;0.777250;0.051207;0.893300;-0.436736;-0.093035;0.216646;0.763983;-0.532603;-0.292794;-0.285492;-0.598697;0.713371;0.226182;-0.413545;0.275615;-0.221141;0.839115;0.553440;-0.232863;0.265785;-0.754213;0.553440;-0.232863;0.265785;-0.754213;-0.211298;-0.209042;0.191905;0.935322;-0.198496;0.592125;-0.234675;0.744926;0.648833;-0.279117;0.572563;-0.416270;-0.463450;0.536464;-0.494333;0.503046;0.687433;-0.032317;0.724905;-0.030076;0.548657;0.378231;0.705520;0.241159;0.181084;0.779616;0.181507;0.571369;0.230716;0.721791;0.416821;0.502043;-0.191031;0.809012;-0.211231;0.514187;0.812266;-0.026157;0.560026;-0.160971;0.812266;-0.026157;0.560026;-0.160971;0.688182;0.377502;0.414494;0.460535;0.160971;0.560026;0.026157;0.812266;0.688182;0.377502;0.414494;0.460535;0.812266;-0.026157;0.560026;-0.160971
4666888;1;0.493005;-0.234673;0.788599;-0.282819;0.540727;-0.067022;0.820041;-0.175085;0.554080;0.124399;0.786249;-0.243585;0.571829;0.187051;0.773740;-0.198367;0.970821;-0.021277;0.142856;-0.191429;0.890465;0.186887;-0.380273;0.165947;0.433280;-0.177018;-0.384966;0.795446;0.520884;-0.166070;-0.737677;0.396147;0.580540;-0.038515;-0.755158;0.302036;0.580540;-0.038515;-0.755158;0.302036;0.415332;0.310945;-0.357729;0.776429;0.062489;0.892533;-0.439009;-0.082169;0.162915;0.764573;-0.570476;-0.251879;-0.231173;-0.557409;0.774152;0.191163;-0.382246;0.324978;-0.248535;0.828558;0.521607;-0.276364;0.301667;-0.748696;0.521607;-0.276364;0.301667;-0.748696;-0.146630;-0.171420;0.096598;0.969424;-0.195929;0.605375;-0.232524;0.735572;0.643463;-0.286326;0.581906;-0.406643;-0.461453;0.540757;-0.496953;0.497675;0.682258;-0.033504;0.729819;-0.027666;0.560935;0.427745;0.665350;0.244327;0.200075;0.779226;0.135636;0.578256;0.234174;0.733860;0.388093;0.505960;-0.191503;0.797380;-0.240124;0.519473;0.809679;-0.044845;0.560013;-0.169691;0.809679;-0.044845;0.560013;-0.169691;0.692519;0.364278;0.427699;0.452539;0.169691;0.560013;0.044845;0.809679;0.692519;0.364278;0.427699;0.452539;0.809679;-0.044845;0.560013;-0.169691
4700211;1;0.482781;-0.230381;0.799226;-0.274017;0.527031;-0.069710;0.828841;-0.174360;0.557137;0.137274;0.780307;-0.248749;0.575291;0.199407;0.766785;-0.203270;0.971398;-0.016484;0.133126;-0.195937;0.896793;0.169041;-0.380852;0.148791;0.439200;-0.194044;-0.368741;0.795914;0.523883;-0.166544;-0.769521;0.325032;0.561963;-0.064256;-0.784711;0.253570;0.561963;-0.064256;-0.784711;0.253570;0.381386;0.285190;-0.439909;0.761374;0.057336;0.884448;-0.457038;-0.074699;0.169593;0.745306;-0.588878;-0.262642;-0.241971;-0.528780;0.789081;0.197971;-0.379456;0.307250;-0.217780;0.845093;0.521062;-0.264548;0.268040;-0.765939;0.521062;-0.264548;0.268040;-0.765939;-0.262339;-0.084217;0.382529;0.881906;-0.205814;0.602028;-0.247214;0.730813;0.633895;-0.293441;0.580943;-0.417822;-0.442252;0.558038;-0.496175;0.496807;0.668092;-0.046384;0.741526;-0.040511;0.559293;0.473709;0.627567;0.262585;0.208439;0.778963;0.106776;0.581695;0.241120;0.742090;0.360562;0.511037;-0.190295;0.783885;-0.265473;0.528049;0.803406;-0.033819;0.553477;-0.216928;0.803406;-0.033819;0.553477;-0.216928;0.721485;0.367454;0.415281;0.414703;0.216928;0.553477;0.033819;0.803406;0.721485;0.367454;0.415281;0.414703;0.803406;-0.033819;0.553477;-0.216928
4733555;1;0.480892;-0.197671;0.787301;-0.331401;0.534935;-0.045050;0.810485;-0.234370;0.546721;0.138778;0.768626;-0.301748;0.569158;0.199970;0.755021;-0.256933;0.966141;-0.053254;0.131127;-0.215733;0.902990;0.147593;-0.379068;0.138319;0.471687;-0.196783;-0.356024;0.782327;0.514833;-0.151650;-0.760499;0.365499;0.556166;-0.056218;-0.773432;0.298868;0.556166;-0.056218;-0.773432;0.298868;0.312413;0.197094;-0.413024;0.832444;0.092062;0.861020;-0.491599;-0.092196;0.163736;0.738055;-0.598279;-0.265570;-0.235511;-0.525949;0.791227;0.204625;-0.413694;0.297115;-0.181944;0.841116;0.553928;-0.260866;0.230932;-0.756163;0.553928;-0.260866;0.230932;-0.756163;-0.322284;-0.103498;0.404347;0.849661;-0.215601;0.598414;-0.250853;0.729719;0.636214;-0.294440;0.578257;-0.417320;-0.460683;0.541262;-0.510834;0.483586;0.671840;-0.024025;0.740081;-0.018269;0.569593;0.504710;0.589224;0.271379;0.227482;0.771533;0.081265;0.588544;0.256878;0.753595;0.297699;0.526767;-0.190492;0.747915;-0.318205;0.550529;0.817059;0.059386;0.543574;-0.182801;0.817059;0.059386;0.543574;-0.182801;0.707008;0.426357;0.342372;0.448488;0.182801;0.543574;-0.059386;0.817059;0.707008;0.426357;0.342372;0.448488;0.817059;0.059386;0.543574;-0.182801
4766877;1;0.475722;-0.217225;0.799314;-0.295972;0.521052;-0.070503;0.825299;-0.205952;0.548108;0.142969;0.773063;-0.285502;0.569238;0.204503;0.759108;-0.240628;0.967588;-0.031737;0.145228;-0.204147;0.901428;0.142664;-0.386540;0.132894;0.466422;-0.209525;-0.354775;0.782741;-0.499282;0.260562;0.740921;-0.365870;0.586936;-0.022753;-0.785072;0.196595;0.586936;-0.022753;-0.785072;0.196595;0.332980;0.313458;-0.437098;0.774476;0.081895;0.859686;-0.498675;-0.074537;0.171287;0.711990;-0.625872;-0.268356;-0.237901;-0.514611;0.796129;0.211559;-0.420978;0.126391;0.079353;0.894710;-0.455894;0.129419;0.074313;0.877433;-0.455894;0.129419;0.074313;0.877433;-0.352284;-0.279962;0.552010;0.701999;-0.211865;0.602045;-0.248724;0.728554;0.632374;-0.298913;0.578811;-0.419204;-0.457662;0.543316;-0.512520;0.482365;0.668852;-0.024301;0.742742;-0.019530;0.567622;0.516596;0.578546;0.276077;0.236416;0.771116;0.083188;0.585292;0.266212;0.752310;0.304565;0.520001;-0.179066;0.751849;-0.312492;0.552275;0.812669;0.050774;0.548792;-0.189258;0.812669;0.050774;0.548792;-0.189258;0.708470;0.423957;0.352151;0.440818;0.189258;0.548792;-0.050774;0.812669;0.708470;0.423957;0.352151;0.440818;0.812669;0.050774;0.548792;-0.189258
4800222;1;0.482349;-0.199845;0.800077;-0.295428;0.526441;-0.057401;0.822658;-0.206877;0.533816;0.130208;0.775907;-0.309926;0.556951;0.192011;0.762966;-0.266120;0.961504;-0.052638;0.167850;-0.211107;0.901596;0.136926;-0.386975;0.136478;0.474894;-0.208468;-0.353609;0.778446;0.509418;-0.236686;-0.761169;0.324184;0.568278;-0.063348;-0.794598;0.204111;0.568278;-0.063348;-0.794598;0.204111;0.410638;0.311213;-0.439694;0.735658;0.110704;0.848642;-0.509988;-0.086395;0.168906;0.697628;-0.642047;-0.269373;-0.230704;-0.515626;0.795637;0.218785;0.532117;-0.041588;-0.276807;-0.799062;-0.402784;-0.001513;0.279910;0.871443;-0.402784;-0.001513;0.279910;0.871443;-0.294438;-0.438491;0.675740;0.514207;-0.208464;0.612802;-0.247110;0.721077;0.623889;-0.309650;0.583744;-0.417279;-0.462969;0.534924;-0.524749;0.473449;0.666348;-0.009672;0.745517;-0.009547;0.560658;0.526645;0.573286;0.282224;0.238179;0.773537;0.087229;0.580777;0.257037;0.758980;0.297984;0.518736;-0.184745;0.751906;-0.321828;0.544915;0.826742;0.147612;0.533411;-0.100903;0.826742;0.147612;0.533411;-0.100903;0.655944;0.481556;0.272801;0.513246;0.100903;0.533411;-0.147612;0.826742;0.655944;0.481556;0.272801;0.513246;0.826742;0.147612;0.533411;-0.100903
4833544;1;0.475710;-0.202444;0.803594;-0.294879;0.519570;-0.060291;0.826506;-0.208085;0.528936;0.155825;0.783057;-0.287693;0.550303;0.218119;0.768039;-0.244349;0.957863;-0.024006;0.166366;-0.232905;0.900397;0.148531;-0.385781;0.135635;0.468913;-0.202809;-0.360217;0.780534;0.522125;-0.236550;-0.757755;0.311828;0.569922;-0.095564;-0.788046;0.212227;0.569922;-0.095564;-0.788046;0.212227;0.443901;0.290607;-0.438028;0.725694;0.082026;0.851619;-0.511667;-0.078829;0.176046;0.693284;-0.650179;-0.256186;-0.230585;-0.523882;0.793048;0.208456;0.542475;-0.084936;-0.197712;-0.812045;-0.376917;0.045499;0.210319;0.900905;-0.376917;0.045499;0.210319;0.900905;-0.384617;-0.352216;0.648075;0.554989;-0.211428;0.619023;-0.254114;0.712415;0.613666;-0.319757;0.587850;-0.419048;-0.453943;0.542515;-0.531740;0.465688;0.654533;-0.010136;0.755894;-0.010400;0.557320;0.531035;0.573273;0.280631;0.242177;0.776007;0.091714;0.575111;0.252092;0.763145;0.302085;0.512644;-0.183966;0.757706;-0.321855;0.537074;0.800829;0.057576;0.566678;-0.185025;0.800829;0.057576;0.566678;-0.185025;0.697104;0.441415;0.359989;0.435439;0.185025;0.566678;-0.057576;0.800829;0.697104;0.441415;0.359989;0.435439;0.800829;0.057576;0.566678;-0.185025
4866888;1;0.480157;-0.181133;0.807676;-0.290344;0.520356;-0.049847;0.826236;-0.209952;0.518075;0.160735;0.786428;-0.295455;0.540100;0.223283;0.771006;-0.252957;0.948689;-0.038655;0.157261;-0.271594;0.905278;0.136964;-0.381608;0.126841;0.478869;-0.206929;-0.348660;0.778654;0.538210;-0.183277;-0.762640;0.308415;0.571788;-0.088958;-0.779292;0.240517;0.571788;-0.088958;-0.779292;0.240517;0.426501;0.273465;-0.438756;0.742164;0.084335;0.858100;-0.497940;-0.092774;0.200916;0.689001;-0.637285;-0.280674;-0.251876;-0.551231;0.759604;0.236017;0.621416;-0.123905;-0.149035;-0.759130;-0.318704;0.064357;0.182818;0.927828;-0.318704;0.064357;0.182818;0.927828;0.530295;0.344900;-0.562015;-0.532889;-0.227341;0.613392;-0.263112;0.709111;0.612183;-0.326303;0.582281;-0.423919;0.463009;-0.532608;0.539692;-0.459003;0.656245;0.002560;0.754544;0.000660;0.554476;0.547285;0.557156;0.287426;0.253782;0.775349;0.093477;0.570693;0.240125;0.771353;0.296534;0.509334;-0.190189;0.759561;-0.331541;0.526285;0.782936;-0.009956;0.580682;-0.222983;0.782936;-0.009956;0.580682;-0.222983;0.711292;0.403564;0.417644;0.395947;0.222983;0.580682;0.009956;0.782936;0.711292;0.403564;0.417644;0.395947;0.782936;-0.009956;0.580682;-0.222983
4900222;1;0.480863;-0.192925;0.802252;-0.296552;0.526264;-0.045865;0.823847;-0.205471;0.527746;0.166056;0.776061;-0.302720;0.550322;0.227756;0.760245;-0.259423;0.952246;-0.021830;0.174082;-0.249891;0.906968;0.137925;-0.379587;0.119583;0.467345;-0.212814;-0.343249;0.786435;0.516362;-0.238146;-0.793302;0.217551;0.536802;-0.151259;-0.814348;0.160632;0.536802;-0.151259;-0.814348;0.160632;0.468303;0.264354;-0.510872;0.670685;0.082882;0.841135;-0.526101;-0.094025;0.216305;0.690985;-0.634001;-0.271651;-0.253413;-0.591738;0.727505;0.237411;0.572298;-0.162214;-0.101006;-0.797470;-0.157533;0.100303;0.162650;0.968849;-0.157533;0.100303;0.162650;0.968849;-0.358568;-0.372044;0.538477;0.665624;-0.215260;0.613929;-0.245265;0.718748;0.619569;-0.322851;0.576958;-0.423109;-0.457845;0.540351;-0.513281;0.484708;0.670623;-0.021671;0.741182;-0.021078;0.574035;0.532342;0.557787;0.275627;0.256172;0.767216;0.076485;0.583014;0.268634;0.758323;0.289548;0.518598;-0.176446;0.745547;-0.327404;0.553022;0.806625;0.055398;0.563276;-0.170315;0.806625;0.055398;0.563276;-0.170315;0.690801;0.437469;0.359124;0.449939;0.170315;0.563276;-0.055398;0.806625;0.690801;0.437469;0.359124;0.449939;0.806625;0.055398;0.563276;-0.170315
4933555;1;0.499545;-0.161546;0.805094;-0.276009;0.538371;-0.025924;0.820732;-0.189429;0.512145;0.143891;0.784193;-0.319443;0.536113;0.206315;0.770129;-0.277344;0.943741;-0.066151;0.165549;-0.278515;0.897889;0.151209;-0.386251;0.147447;0.480293;-0.191115;-0.368143;0.772829;0.542565;-0.179901;-0.792812;0.211441;0.540961;-0.185855;-0.791438;0.215513;0.540961;-0.185855;-0.791438;0.215513;0.476013;0.252742;-0.503339;0.675413;0.110744;0.848482;-0.505377;-0.111388;0.223148;0.715208;-0.603589;-0.272697;-0.249205;-0.651518;0.671838;0.249110;0.698242;-0.245977;0.317612;-0.592517;-0.212193;0.386240;-0.110454;0.890838;-0.212193;0.386240;-0.110454;0.890838;-0.287366;-0.243515;0.418198;0.826578;-0.233595;0.610290;-0.255595;0.712496;0.616097;-0.332613;0.572013;-0.427311;-0.468037;0.530086;-0.521835;0.477116;0.672496;-0.008289;0.740005;-0.008584;0.560923;0.551219;0.539755;0.300312;0.257496;0.766616;0.086268;0.581853;0.234339;0.766218;0.298264;0.518684;-0.200852;0.757148;-0.326634;0.528863;0.792769;0.015196;0.584509;-0.172150;0.792769;0.015196;0.584509;-0.172150;0.682301;0.424055;0.402565;0.438844;0.172150;0.584509;-0.015196;0.792769;0.682301;0.424055;0.402565;0.438844;0.792769;0.015196;0.584509;-0.172150
4966866;1;0.493222;-0.153134;0.810220;-0.277175;0.531864;-0.018766;0.824351;-0.192908;0.509343;0.138612;0.784702;-0.324961;0.533762;0.201094;0.771059;-0.283068;0.942421;-0.070912;0.173851;-0.276748;0.898285;0.147449;-0.388369;0.143221;0.485603;-0.194294;-0.367180;0.769167;0.527251;-0.187461;-0.814219;0.154632;0.520039;-0.222642;-0.805311;0.177383;0.520039;-0.222642;-0.805311;0.177383;0.477315;0.238829;-0.551606;0.640985;0.118015;0.852582;-0.496758;-0.111394;0.241066;0.718462;-0.596266;-0.264890;0.251944;0.692870;-0.625821;-0.254565;0.814124;-0.016482;0.119126;-0.568102;-0.384673;0.077578;-0.091893;0.915185;-0.384673;0.077578;-0.091893;0.915185;-0.336893;-0.573420;0.116939;0.737576;-0.237564;0.617536;-0.258508;0.703837;0.613786;-0.336985;0.578503;-0.418381;-0.462095;0.537054;-0.510374;0.487402;0.675512;-0.021374;0.736768;-0.019995;0.553340;0.557264;0.542363;0.298519;0.250903;0.773236;0.082299;0.576525;0.230175;0.769645;0.302651;0.512902;-0.199733;0.762629;-0.325939;0.521793;0.793591;0.041527;0.581632;-0.173762;0.793591;0.041527;0.581632;-0.173762;0.684022;0.440640;0.381912;0.438285;0.173762;0.581632;-0.041527;0.793591;0.684022;0.440640;0.381912;0.438285;0.793591;0.041527;0.581632;-0.173762
5000222;1;0.499827;-0.163430;0.807807;-0.266293;0.536721;-0.028783;0.823670;-0.180746;0.508077;0.151541;0.791752;-0.303352;0.530767;0.214546;0.777049;-0.261631;0.934089;-0.057372;0.166298;-0.310695;0.901288;0.135613;-0.387766;0.137573;0.488370;-0.203264;-0.356983;0.769897;0.528225;-0.129028;-0.824718;0.155465;0.517568;-0.179921;-0.815130;0.187921;0.517568;-0.179921;-0.815130;0.187921;0.386187;0.233125;-0.577898;0.680108;0.093681;0.871163;-0.468825;-0.111809;0.242207;0.737321;-0.578524;-0.251004;0.245951;0.728546;-0.589536;-0.247337;0.683152;-0.545103;0.477615;-0.089725;0.567208;-0.702864;0.176736;-0.391181;0.567208;-0.702864;0.176736;-0.391181;0.576688;0.189226;-0.398013;-0.687903;-0.243754;0.611134;-0.260483;0.706574;0.617318;-0.334882;0.573792;-0.421350;-0.460837;0.539370;-0.503906;0.492736;0.678363;-0.027602;0.733795;-0.024630;0.562022;0.559090;0.526731;0.306765;0.256636;0.764530;0.074082;0.586637;0.228081;0.761706;0.315419;0.517970;-0.204703;0.765997;-0.311254;0.523896;0.773977;-0.036784;0.591124;-0.224004;0.773977;-0.036784;0.591124;-0.224004;0.705680;0.391978;0.443998;0.388890;0.224004;0.591124;0.036784;0.773977;0.705680;0.391978;0.443998;0.388890;0.773977;-0.036784;0.591124;-0.224004
5033555;1;0.495398;-0.165440;0.806946;-0.275769;0.531851;-0.039638;0.822777;-0.196473;0.523119;0.149732;0.786179;-0.293002;0.544931;0.212296;0.771639;-0.250107;0.942808;-0.046606;0.159072;-0.289200;0.897640;0.151227;-0.390251;0.138120;0.473743;-0.200533;-0.367358;0.774856;-0.469465;0.311090;0.821622;-0.088105;-0.477508;0.176032;0.860728;-0.012083;-0.477508;0.176032;0.860728;-0.012083;-0.499344;-0.259100;0.605323;-0.563122;0.083905;0.873215;-0.468092;-0.106513;0.226108;0.756866;-0.564229;-0.240154;0.226957;0.754863;-0.566906;-0.239352;0.633791;-0.602508;0.485031;0.006154;0.550044;-0.765014;0.114128;-0.314929;0.550044;-0.765014;0.114128;-0.314929;0.612402;-0.272292;0.404375;-0.622335;-0.243461;0.608197;-0.268707;0.706130;0.615620;-0.329258;0.577704;-0.422918;-0.459246;0.539664;-0.518735;0.478299;0.667119;-0.017307;0.744587;-0.015568;0.557762;0.564641;0.523226;0.310349;0.254610;0.766351;0.072538;0.585337;0.233567;0.765905;0.293107;0.522421;-0.204052;0.753306;-0.330056;0.530995;0.786943;-0.025209;0.578214;-0.213901;0.786943;-0.025209;0.578214;-0.213901;0.707704;0.391033;0.426685;0.405202;0.213901;0.578214;0.025209;0.786943;0.707704;0.391033;0.426685;0.405202;0.786943;-0.025209;0.578214;-0.213901
5066888;1;0.506192;-0.173630;0.803103;-0.262009;0.540336;-0.048635;0.820217;-0.181427;0.524961;0.139828;0.793124;-0.275353;0.545351;0.202981;0.779356;-0.232368;0.944438;-0.038213;0.172639;-0.277077;0.892431;0.167915;-0.395978;0.136281;0.474650;-0.192708;-0.384523;0.767928;-0.495506;0.233810;0.786506;-0.284983;0.537640;-0.092948;-0.815242;0.194125;0.537640;-0.092948;-0.815242;0.194125;0.479944;0.288590;-0.448500;0.696575;0.079698;0.885902;-0.446485;-0.097344;0.208425;0.780520;-0.540272;-0.235484;0.211517;0.773317;-0.550534;-0.232711;0.877714;-0.119179;0.320582;-0.335623;0.848012;-0.144473;0.310006;-0.404844;0.848012;-0.144473;0.310006;-0.404844;0.546925;0.439638;0.098859;-0.705563;-0.237786;0.609444;-0.260553;0.710034;0.616877;-0.330410;0.574619;-0.424388;-0.462209;0.536188;-0.514698;0.483685;0.672988;-0.017697;0.739240;-0.017299;0.566596;0.554664;0.526293;0.307137;0.257526;0.761079;0.073223;0.590828;0.231588;0.761371;0.300705;0.525603;-0.207647;0.755442;-0.321446;0.531847;0.783600;-0.040846;0.581371;-0.215198;0.783600;-0.040846;0.581371;-0.215198;0.706257;0.382209;0.439974;0.401921;0.215198;0.581371;0.040846;0.783600;0.706257;0.382209;0.439974;0.401921;0.783600;-0.040846;0.581371;-0.215198
5100211;1;0.509694;-0.188520;0.786926;-0.292268;0.552529;-0.049707;0.807664;-0.199799;0.541369;0.139645;0.793060;-0.241815;0.559018;0.202794;0.779307;-0.197622;0.951198;-0.013797;0.166712;-0.259304;0.893528;0.182499;-0.390866;0.124598;0.468386;-0.187450;-0.388516;0.771059;-0.480238;0.228804;0.785848;-0.315377;0.528942;-0.084413;-0.814115;0.224303;0.528942;-0.084413;-0.814115;0.224303;0.469678;0.283282;-0.425500;0.719795;0.053721;0.904325;-0.416679;-0.075427;0.173095;0.792044;-0.535204;-0.237195;0.184796;0.764148;-0.574330;-0.228197;0.863871;-0.011502;0.204703;-0.460099;0.847011;-0.018754;0.204167;-0.490445;0.847011;-0.018754;0.204167;-0.490445;0.528941;0.552065;-0.066316;-0.641130;-0.221780;0.608528;-0.261950;0.715464;0.612238;-0.322354;0.578844;-0.431499;-0.444419;0.546971;-0.517176;0.485637;0.661796;-0.023679;0.748660;-0.031189;0.358658;0.248968;0.876756;0.201686;0.109492;0.797773;0.440661;0.396722;0.292981;0.603843;0.651301;0.354038;-0.041138;0.890045;0.037429;0.452467;0.761944;-0.095852;0.602503;-0.217357;0.761944;-0.095852;0.602503;-0.217357;0.692471;0.358257;0.493811;0.385081;0.217357;0.602503;0.095852;0.761944;0.692471;0.358257;0.493811;0.385081;0.761944;-0.095852;0.602503;-0.217357
5133555;1;0.526914;-0.216408;0.763528;-0.304227;0.576788;-0.060665;0.791282;-0.193671;0.563116;0.141880;0.784263;-0.218406;0.578817;0.204316;0.770360;-0.172544;0.959036;0.001432;0.138155;-0.247306;0.890427;0.189861;-0.393159;0.128522;0.458572;-0.187034;-0.394512;0.774009;-0.479303;0.209952;0.765459;-0.374515;0.542172;-0.059422;-0.791503;0.275757;0.542172;-0.059422;-0.791503;0.275757;0.448813;0.301530;-0.374241;0.753386;0.024187;0.912562;-0.394377;-0.105413;0.214687;0.786395;-0.503377;-0.286538;0.240549;0.735860;-0.574731;-0.265200;0.801014;-0.199065;0.260538;-0.500868;0.753769;-0.221246;0.241986;-0.569496;0.753769;-0.221246;0.241986;-0.569496;0.580553;0.371817;0.001768;-0.724367;-0.212370;0.587835;-0.258132;0.736693;0.626149;-0.297665;0.568882;-0.442387;-0.439102;0.551075;-0.509040;0.494352;0.664150;-0.032381;0.745767;-0.041070;0.352689;0.248287;0.885206;0.174282;0.112866;0.817044;0.421439;0.376947;0.278217;0.633986;0.640194;0.332880;-0.036892;0.903475;0.008289;0.426970;0.700622;-0.078634;0.680269;-0.200450;0.700622;-0.078634;0.680269;-0.200450;0.637154;0.425420;0.536625;0.353675;0.200450;0.680269;0.078634;0.700622;0.637154;0.425420;0.536625;0.353675;0.700622;-0.078634;0.680269;-0.200450
5166877;1;0.527615;-0.235273;0.753117;-0.314777;0.582762;-0.068624;0.786021;-0.194552;0.557552;0.133742;0.789389;-0.219348;0.573347;0.196615;0.776122;-0.173929;0.961417;-0.004975;0.142072;-0.235516;0.892409;0.191612;-0.386362;0.132725;0.458418;-0.179698;-0.392045;0.777086;-0.474426;0.198718;0.760515;-0.396294;0.541701;-0.048966;-0.784521;0.297806;0.541701;-0.048966;-0.784521;0.297806;0.440178;0.281751;-0.355990;0.774681;0.033128;0.904580;-0.408304;-0.118006;0.220117;0.789800;-0.491027;-0.294374;0.254996;0.722651;-0.585379;-0.264735;0.764745;-0.174559;0.212138;-0.582830;0.710589;-0.192520;0.195983;-0.647758;0.710589;-0.192520;0.195983;-0.647758;0.574928;0.388408;-0.096459;-0.713648;-0.218428;0.576387;-0.246479;0.747874;0.642628;-0.290064;0.555773;-0.440463;-0.460226;0.538472;-0.502221;0.495999;0.680218;-0.028168;0.731957;-0.027373;0.349766;0.237087;0.888791;0.177492;0.105020;0.816012;0.424524;0.377988;0.272539;0.666855;0.593634;0.358645;-0.059395;0.894105;-0.047783;0.441322;0.720598;-0.091654;0.663782;-0.178135;0.720598;-0.091654;0.663782;-0.178135;0.635500;0.404556;0.534174;0.383579;0.178135;0.663782;0.091654;0.720598;0.635500;0.404556;0.534174;0.383579;0.720598;-0.091654;0.663782;-0.178135
5200222;1;0.526668;-0.231093;0.755411;-0.313962;0.580077;-0.070409;0.786824;-0.198651;0.539652;0.110824;0.799892;-0.238049;0.557004;0.174613;0.788428;-0.194005;0.966130;-0.037010;0.143424;-0.211313;0.895089;0.186554;-0.380667;0.138226;0.456604;-0.178074;-0.384707;0.782178;-0.473588;0.198538;0.752462;-0.412429;0.550343;-0.034287;-0.777458;0.302500;0.550343;-0.034287;-0.777458;0.302500;0.435453;0.294376;-0.340876;0.779440;0.066999;0.893551;-0.420507;-0.142308;0.214319;0.784570;-0.499567;-0.298245;0.256733;0.700521;-0.611872;-0.262623;0.736725;-0.095272;0.110548;-0.660256;0.724923;-0.097214;0.108844;-0.673193;0.724923;-0.097214;0.108844;-0.673193;0.556528;0.456901;-0.193434;-0.666409;-0.225009;0.578502;-0.243006;0.745422;0.649081;-0.290158;0.556392;-0.430034;-0.468075;0.533387;-0.489743;0.506514;0.693127;-0.033365;0.719447;-0.029270;0.347282;0.230220;0.890482;0.182857;0.098287;0.813868;0.428384;0.380059;0.293067;0.665587;0.575329;0.374303;-0.055919;0.880464;-0.059906;0.466976;0.808455;-0.037085;0.568605;-0.147358;0.808455;-0.037085;0.568605;-0.147358;0.675862;0.375841;0.428287;0.467466;0.147358;0.568605;0.037085;0.808455;0.675862;0.375841;0.428287;0.467466;0.808455;-0.037085;0.568605;-0.147358
5233544;1;0.496534;-0.253771;0.755866;-0.343105;0.557200;-0.090456;0.792181;-0.231940;0.544880;0.134786;0.795874;-0.226986;0.561328;0.198176;0.782502;-0.182559;0.960447;0.001033;0.174759;-0.216793;0.901273;0.181858;-0.367854;0.138991;0.468698;-0.166893;-0.374881;0.782262;-0.472515;0.178489;0.726560;-0.465813;0.565014;-0.010852;-0.748084;0.347867;0.565014;-0.010852;-0.748084;0.347867;0.422421;0.303764;-0.286997;0.804314;0.045269;0.896025;-0.430141;-0.100343;0.212024;0.771017;-0.526279;-0.289152;0.250886;0.688595;-0.630297;-0.256163;0.627819;0.388053;-0.368696;-0.565085;0.581224;0.415962;-0.336894;-0.612909;0.581224;0.415962;-0.336894;-0.612909;0.209664;0.733001;-0.607033;-0.224190;-0.222388;0.583088;-0.256368;0.738125;0.640259;-0.288011;0.568166;-0.429308;-0.447756;0.552605;-0.496160;0.497963;0.672789;-0.042523;0.737660;-0.037474;0.339439;0.216016;0.898910;0.173431;0.094098;0.817553;0.431561;0.369468;0.251010;0.698863;0.556578;0.372566;-0.084770;0.890702;-0.096485;0.436066;0.795405;-0.037145;0.569464;-0.204113;0.795405;-0.037145;0.569464;-0.204113;0.706766;0.376406;0.428937;0.418107;0.204113;0.569464;0.037145;0.795405;0.706766;0.376406;0.428937;0.418107;0.795405;-0.037145;0.569464;-0.204113
5266888;1;0.507047;-0.237077;0.764052;-0.320815;0.560366;-0.081709;0.795804;-0.214496;0.541419;0.120575;0.795732;-0.243181;0.559177;0.183999;0.783500;-0.198980;0.961828;-0.037143;0.135341;-0.234927;0.903474;0.164702;-0.374229;0.128690;0.470168;-0.186435;-0.363890;0.782156;-0.486714;0.203747;0.733512;-0.428435;0.571261;-0.031924;-0.760614;0.306769;0.571261;-0.031924;-0.760614;0.306769;0.476901;0.302172;-0.309007;0.765358;0.065228;0.890716;-0.433170;-0.121385;0.194871;0.760934;-0.539163;-0.303822;-0.244952;-0.655038;0.663809;0.265105;-0.429459;-0.561112;0.602614;0.370911;0.400834;0.604166;-0.559440;-0.401674;0.400834;0.604166;-0.559440;-0.401674;0.133282;0.697624;-0.685879;0.158516;-0.220797;0.580750;-0.266785;0.736753;0.634342;-0.284661;0.572241;-0.434879;-0.436974;0.563085;-0.509446;0.482135;0.654080;-0.040574;0.754577;-0.033856;0.346827;0.211086;0.897012;0.174712;0.093627;0.817876;0.424501;0.376978;0.158207;0.705120;0.601266;0.340964;-0.128243;0.926097;-0.068913;0.348065;0.795025;-0.032777;0.583503;-0.162436;0.795025;-0.032777;0.583503;-0.162436;0.677027;0.389422;0.435775;0.447308;0.162436;0.583503;0.032777;0.795025;0.677027;0.389422;0.435775;0.447308;0.795025;-0.032777;0.583503;-0.162436
5300211;1;0.505612;-0.242040;0.760382;-0.328013;0.560188;-0.087981;0.793110;-0.222318;0.540197;0.126568;0.792461;-0.253323;0.558773;0.189711;0.779759;-0.209187;0.959031;-0.034050;0.149754;-0.238061;0.910097;0.152633;-0.366365;0.119179;0.467418;-0.194283;-0.346085;0.789937;0.500295;-0.206768;-0.737628;0.403556;0.573725;-0.047680;-0.764575;0.289814;0.573725;-0.047680;-0.764575;0.289814;0.469014;0.314780;-0.336285;0.753560;0.069098;0.886018;-0.444486;-0.112382;0.218984;0.752876;-0.543586;-0.299564;-0.268940;-0.643753;0.669245;0.255664;0.546077;0.403848;-0.519303;-0.518682;0.516906;0.431633;-0.496449;-0.547759;0.516906;0.431633;-0.496449;-0.547759;-0.169358;-0.668025;0.720965;0.072592;-0.230065;0.573118;-0.260247;0.742211;0.636763;-0.293297;0.556971;-0.445302;-0.434629;0.565303;-0.492395;0.499077;0.664298;-0.054242;0.743986;-0.047451;0.372486;0.205347;0.880702;0.208450;0.058093;0.826642;0.366603;0.422955;0.146747;0.724391;0.543200;0.398317;-0.177089;0.899077;-0.123422;0.380875;0.801153;-0.018671;0.574035;-0.168194;0.801153;-0.018671;0.574035;-0.168194;0.685432;0.392701;0.419106;0.447569;0.168194;0.574035;0.018671;0.801153;0.685432;0.392701;0.419106;0.447569;0.801153;-0.018671;0.574035;-0.168194
5333555;1;0.527992;-0.226881;0.754006;-0.318157;0.579867;-0.075609;0.783763;-0.209175;0.535008;0.116592;0.787774;-0.282108;0.555908;0.179390;0.775887;-0.238295;0.956272;-0.069096;0.131297;-0.252051;0.912311;0.121660;-0.378437;0.098355;0.506385;-0.213761;-0.335145;0.765218;0.431137;0.027253;-0.563627;0.704062;0.578592;0.153458;-0.543018;0.588909;0.578592;0.153458;-0.543018;0.588909;0.281684;0.267354;-0.001338;0.921507;0.093151;0.870149;-0.461624;-0.145148;0.233521;0.744850;-0.532662;-0.327012;-0.295903;-0.619083;0.674735;0.271865;0.572334;0.251523;-0.478487;-0.616621;0.546949;0.270653;-0.467932;-0.639245;0.546949;0.270653;-0.467932;-0.639245;-0.249917;-0.644048;0.692584;0.207538;-0.227578;0.564534;-0.256680;0.750750;0.638203;-0.290907;0.547725;-0.456144;-0.440783;0.559938;-0.506248;0.485688;0.659261;-0.040594;0.750061;-0.033692;0.393981;0.220617;0.858554;0.242884;0.038814;0.821627;0.332635;0.461277;0.118649;0.733235;0.506222;0.438211;-0.225321;0.879363;-0.155621;0.389529;0.806654;0.040607;0.578641;-0.113295;0.806654;0.040607;0.578641;-0.113295;0.650502;0.437874;0.380447;0.490279;0.113295;0.578641;-0.040607;0.806654;0.650502;0.437874;0.380447;0.490279;0.806654;0.040607;0.578641;-0.113295
5366877;1;0.515400;-0.234262;0.752850;-0.335710;0.572100;-0.079059;0.784482;-0.225920;0.544704;0.138714;0.778159;-0.280223;0.565422;0.200671;0.764529;-0.235639;0.951104;-0.046012;0.137699;-0.272623;0.914567;0.131363;-0.370521;0.094998;0.508051;-0.202514;-0.336942;0.766383;0.416395;-0.018476;-0.571937;0.706514;0.579963;0.125250;-0.558360;0.579819;0.579963;0.125250;-0.558360;0.579819;0.316649;0.278616;0.001826;0.906699;0.075589;0.876166;-0.463115;-0.110199;0.212008;0.744395;-0.556446;-0.302153;-0.274979;-0.598891;0.710694;0.246233;0.590112;0.297321;-0.469664;-0.585477;0.515815;0.351384;-0.430712;-0.651883;0.515815;0.351384;-0.430712;-0.651883;-0.248613;-0.610244;0.734286;0.163152;-0.227016;0.564846;-0.253302;0.751832;0.637198;-0.294664;0.544456;-0.459041;-0.448952;0.549880;-0.512111;0.483545;0.663529;-0.029286;0.747108;-0.026478;0.392008;0.218723;0.864293;0.226908;0.039957;0.832781;0.318196;0.451255;0.113259;0.757043;0.476837;0.432071;-0.225045;0.875525;-0.193253;0.381398;0.797280;-0.045325;0.558601;-0.224177;0.797280;-0.045325;0.558601;-0.224177;0.722279;0.362941;0.427040;0.405245;0.224177;0.558601;0.045325;0.797280;0.722279;0.362941;0.427040;0.405245;0.797280;-0.045325;0.558601;-0.224177
5400222;1;0.495129;-0.233571;0.767181;-0.334252;0.551103;-0.078453;0.798102;-0.230571;0.526755;0.144102;0.785941;-0.289931;0.548309;0.206665;0.771854;-0.246755;0.955440;-0.056064;0.129615;-0.259212;0.914150;0.135986;-0.365132;0.111872;0.507634;-0.189772;-0.340294;0.768436;0.448007;-0.042626;-0.603286;0.658421;0.564042;0.071808;-0.600512;0.562215;0.564042;0.071808;-0.600512;0.562215;0.342256;0.286635;-0.058235;0.892922;0.082396;0.867523;-0.473713;-0.127320;0.212017;0.733597;-0.567430;-0.308070;-0.282617;-0.567501;0.733543;0.244920;0.590798;0.208784;-0.453722;-0.633643;0.512084;0.260752;-0.425984;-0.698796;0.512084;0.260752;-0.425984;-0.698796;-0.423997;-0.560676;0.686350;0.186528;-0.249905;0.568236;-0.264701;0.737963;0.637787;-0.301909;0.549412;-0.447465;-0.460753;0.541656;-0.510690;0.483230;0.671640;-0.024405;0.740258;-0.017964;0.504584;0.362528;0.739089;0.260223;0.135640;0.795262;0.212530;0.551354;0.170497;0.741266;0.415582;0.498746;-0.231548;0.821701;-0.225590;0.469363;0.795334;0.007534;0.574592;-0.192951;0.795334;0.007534;0.574592;-0.192951;0.698824;0.411626;0.400971;0.425949;0.192951;0.574592;-0.007534;0.795334;0.698824;0.411626;0.400971;0.425949;0.795334;0.007534;0.574592;-0.192951
5433544;1;0.472720;-0.246039;0.770693;-0.349331;0.530706;-0.094413;0.803486;-0.252681;0.532633;0.148225;0.776449;-0.302421;0.555170;0.210013;0.762061;-0.258733;0.959272;-0.049721;0.141389;-0.239444;0.914585;0.137097;-0.357489;0.130156;0.487056;-0.186207;-0.334546;0.784973;-0.430941;0.267297;0.780786;-0.364987;0.513100;-0.047898;-0.823881;0.235913;0.513100;-0.047898;-0.823881;0.235913;0.413892;0.277637;-0.401304;0.768483;0.088464;0.860361;-0.490169;-0.108108;0.211522;0.723065;-0.584319;-0.301672;-0.276966;-0.564061;0.738978;0.242976;0.605697;0.099986;-0.350133;-0.707489;0.510349;0.143898;-0.334491;-0.779072;0.510349;0.143898;-0.334491;-0.779072;-0.302856;-0.578334;0.648064;0.392201;-0.260107;0.565086;-0.267147;0.735972;0.641784;-0.301713;0.547451;-0.444274;-0.453230;0.554428;-0.495283;0.491819;0.672347;-0.044388;0.738325;-0.029247;0.551684;0.433698;0.660558;0.266859;0.195176;0.775431;0.151911;0.580979;0.241598;0.737202;0.356956;0.520333;-0.196496;0.777916;-0.264554;0.535021;0.816245;0.055299;0.561945;-0.122080;0.816245;0.055299;0.561945;-0.122080;0.663496;0.436457;0.358253;0.490849;0.122080;0.561945;-0.055299;0.816245;0.663496;0.436457;0.358253;0.490849;0.816245;0.055299;0.561945;-0.122080
5466888;1;0.479971;-0.243192;0.776443;-0.328056;0.529924;-0.103732;0.806998;-0.239111;0.525917;0.125692;0.783509;-0.306148;0.548774;0.188119;0.770906;-0.262987;0.955117;-0.067146;0.157586;-0.241682;0.912962;0.139058;-0.357300;0.139645;0.485334;-0.181985;-0.337464;0.785780;-0.437939;0.243378;0.768067;-0.398811;0.528870;-0.028423;-0.805203;0.266715;0.528870;-0.028423;-0.805203;0.266715;0.410050;0.285367;-0.368084;0.784180;0.107939;0.866374;-0.474090;-0.113943;0.201575;0.718265;-0.598567;-0.291858;-0.264667;-0.557010;0.750950;0.236147;0.589625;0.134899;-0.413648;-0.680470;0.508910;0.180801;-0.395744;-0.742771;0.508910;0.180801;-0.395744;-0.742771;-0.481144;-0.504112;0.672561;0.249064;-0.251678;0.577993;-0.263084;0.730322;0.635762;-0.309395;0.554624;-0.438718;-0.453401;0.553150;-0.498618;0.489729;0.671002;-0.041122;0.739797;-0.027662;0.521869;0.459852;0.661276;0.280897;0.185139;0.788780;0.162858;0.563051;0.237726;0.747548;0.357238;0.506990;-0.189891;0.785389;-0.271679;0.522778;0.810630;0.072459;0.566243;-0.130375;0.810630;0.072459;0.566243;-0.130375;0.665391;0.451631;0.349158;0.481013;0.130375;0.566243;-0.072459;0.810630;0.665391;0.451631;0.349158;0.481013;0.810630;0.072459;0.566243;-0.130375
5500211;1;0.492101;-0.197984;0.776325;-0.340527;0.534958;-0.087261;0.796407;-0.268220;0.509146;0.092084;0.781018;-0.349716;0.535551;0.154420;0.771118;-0.307759;0.951075;-0.135768;0.138223;-0.240661;0.913904;0.144290;-0.353890;0.136828;0.480129;-0.179419;-0.337442;0.789568;-0.475237;0.231959;0.738304;-0.418631;0.560851;-0.050535;-0.772233;0.294191;0.560851;-0.050535;-0.772233;0.294191;0.422684;0.279638;-0.343486;0.790670;0.154312;0.856740;-0.465229;-0.160459;0.211067;0.708893;-0.593342;-0.317596;-0.282644;-0.541341;0.749355;0.255987;0.597428;0.147111;-0.389860;-0.685163;0.570817;0.161897;-0.383955;-0.707485;0.570817;0.161897;-0.383955;-0.707485;-0.388401;-0.551926;0.672386;0.304005;-0.258896;0.580901;-0.270768;0.722642;0.638045;-0.305829;0.563270;-0.426724;-0.468369;0.540161;-0.511130;0.477077;0.672702;-0.022979;0.739510;-0.008239;0.560178;0.500224;0.588015;0.300358;0.231816;0.762069;0.123255;0.591879;0.254463;0.741441;0.325766;0.528574;-0.193313;0.759049;-0.289702;0.550043;0.824660;0.171503;0.535791;-0.058743;0.824660;0.171503;0.535791;-0.058743;0.624660;0.500133;0.257591;0.541585;0.058743;0.535791;-0.171503;0.824660;0.624660;0.500133;0.257591;0.541585;0.824660;0.171503;0.535791;-0.058743
5533555;1;0.497400;-0.184552;0.778074;-0.336354;0.534011;-0.090304;0.794546;-0.274541;0.513976;0.102882;0.782517;-0.336023;0.539267;0.165303;0.771746;-0.293723;0.947535;-0.126396;0.120808;-0.267594;0.910799;0.160038;-0.359175;0.125805;0.484262;-0.174452;-0.352399;0.781583;-0.455206;0.251156;0.708398;-0.477369;0.575845;-0.030829;-0.750970;0.321707;0.575845;-0.030829;-0.750970;0.321707;0.410212;0.282775;-0.289199;0.817391;0.137655;0.861846;-0.462771;-0.155291;0.197189;0.715538;-0.595087;-0.308212;-0.271041;-0.534665;0.761745;0.245794;0.586985;-0.155973;-0.047126;-0.793032;0.615884;-0.157608;-0.041331;-0.770804;0.615884;-0.157608;-0.041331;-0.770804;-0.449590;-0.325130;0.508722;0.658302;-0.263263;0.575892;-0.271645;0.724741;0.638696;-0.306641;0.558084;-0.431950;-0.466260;0.541617;-0.506466;0.482437;0.674970;-0.027329;0.737215;-0.013504;0.552373;0.478919;0.627874;0.267013;0.219754;0.778952;0.129494;0.572865;0.238434;0.759090;0.316855;0.516270;-0.196138;0.765186;-0.308442;0.529985;0.793654;0.028492;0.575056;-0.196500;0.793654;0.028492;0.575056;-0.196500;0.700145;0.426773;0.386479;0.422252;0.196500;0.575056;-0.028492;0.793654;0.700145;0.426773;0.386479;0.422252;0.793654;0.028492;0.575056;-0.196500
5566877;1;0.518635;-0.141432;0.760883;-0.363416;0.569894;-0.018445;0.773696;-0.276177;0.504924;0.077609;0.771194;-0.379853;0.533760;0.139204;0.762486;-0.338138;0.927413;-0.183289;0.108515;-0.307464;0.909605;0.170000;-0.354734;0.133729;0.496323;-0.155960;-0.361127;0.773904;-0.431602;0.259601;0.705743;-0.498251;0.575928;-0.002699;-0.751970;0.320688;0.575928;-0.002699;-0.751970;0.320688;0.398503;0.291456;-0.271495;0.826159;0.158593;0.861400;-0.427881;-0.223061;0.185314;0.712190;-0.600707;-0.312403;-0.264965;-0.516785;0.775239;0.248457;0.513029;-0.415488;0.225464;-0.716476;-0.332160;0.456556;-0.122557;0.816214;-0.332160;0.456556;-0.122557;0.816214;-0.370834;-0.093651;0.316577;0.868038;-0.269858;0.573743;-0.266241;0.726025;0.644783;-0.308081;0.552444;-0.429123;-0.479877;0.521319;-0.485834;0.511771;0.705141;-0.027532;0.708101;-0.024715;0.552586;0.526860;0.570413;0.302815;0.210715;0.772876;0.074666;0.593874;0.312679;0.726900;0.330606;0.514342;-0.141879;0.752317;-0.276325;0.580977;0.799190;0.032197;0.576466;-0.167170;0.799190;0.032197;0.576466;-0.167170;0.683320;0.430390;0.384857;0.446905;0.167170;0.576466;-0.032197;0.799190;0.683320;0.430390;0.384857;0.446905;0.799190;0.032197;0.576466;-0.167170
5600222;1;0.532804;-0.127034;0.769919;-0.327426;0.569185;-0.030908;0.779716;-0.259068;0.515908;0.086399;0.771653;-0.361837;0.543263;0.148002;0.762239;-0.319300;0.931062;-0.170999;0.080686;-0.312046;0.909029;0.171743;-0.356189;0.131530;0.479298;-0.164422;-0.359627;0.783522;-0.462579;0.268126;0.729143;-0.427177;0.569024;-0.038191;-0.775939;0.269577;0.569024;-0.038191;-0.775939;0.269577;0.429726;0.275112;-0.336803;0.791336;0.136755;0.856668;-0.436005;-0.239412;0.190960;0.709171;-0.599822;-0.317529;-0.276279;-0.500201;0.782629;0.246901;-0.499954;0.387272;-0.267175;0.727107;-0.270862;0.447552;-0.145118;0.839805;-0.270862;0.447552;-0.145118;0.839805;-0.342897;-0.083392;0.324377;0.877637;-0.261073;0.573664;-0.261065;0.731160;0.646111;-0.304190;0.552050;-0.430407;-0.468442;0.532741;-0.477696;0.518224;0.701590;-0.041443;0.710397;-0.037273;0.552400;0.544062;0.548455;0.313127;0.199024;0.771430;0.040829;0.603007;0.302152;0.727575;0.325348;0.522960;-0.155446;0.749086;-0.280454;0.579700;0.816335;0.100049;0.563646;-0.076745;0.816335;0.100049;0.563646;-0.076745;0.631503;0.469304;0.327813;0.522969;0.076745;0.563646;-0.100049;0.816335;0.631503;0.469304;0.327813;0.522969;0.816335;0.100049;0.563646;-0.076745
5633544;1;0.534805;-0.124698;0.769747;-0.325459;0.583162;0.010746;0.779708;-0.227733;0.495374;0.070149;0.775873;-0.384324;0.524599;0.132143;0.767749;-0.343360;0.928210;-0.203205;0.086831;-0.299322;0.904484;0.170991;-0.357724;0.157180;0.497449;-0.147138;-0.368177;0.771583;-0.435574;0.293915;0.727421;-0.441303;0.556756;-0.037537;-0.783657;0.272939;0.556756;-0.037537;-0.783657;0.272939;0.419615;0.315358;-0.326935;0.785866;0.164238;0.832079;-0.456315;-0.269161;0.209046;0.695650;-0.603297;-0.329248;-0.292833;-0.499023;0.773868;0.257592;0.578077;-0.262045;0.065718;-0.769961;-0.321523;0.269709;0.015607;0.907544;-0.321523;0.269709;0.015607;0.907544;-0.390196;-0.237234;0.491235;0.741725;-0.263194;0.574397;-0.257912;0.730943;0.648350;-0.305804;0.550435;-0.427957;-0.481121;0.515669;-0.474075;0.527126;0.716776;-0.031868;0.695710;-0.034706;0.539950;0.558481;0.537061;0.328814;0.179904;0.774438;0.023520;0.606075;0.280031;0.735459;0.307703;0.534792;-0.179589;0.742213;-0.298392;0.572564;0.831382;0.211642;0.513102;-0.027173;0.831382;0.211642;0.513102;-0.027173;0.607090;0.512471;0.213165;0.568661;0.027173;0.513102;-0.211642;0.831382;0.607090;0.512471;0.213165;0.568661;0.831382;0.211642;0.513102;-0.027173
5666888;1;0.527238;-0.115314;0.765628;-0.350052;0.579707;0.018450;0.774043;-0.253883;0.514581;0.110665;0.766453;-0.368117;0.542444;0.171773;0.755110;-0.325665;0.932740;-0.173250;0.042637;-0.313308;0.899209;0.151954;-0.375822;0.164594;0.473861;-0.180183;-0.363134;0.781744;-0.484512;0.225149;0.733630;-0.419933;0.570856;-0.043229;-0.766183;0.291922;0.570856;-0.043229;-0.766183;0.291922;0.423601;0.336301;-0.339661;0.769477;0.109300;0.845521;-0.447124;-0.270607;0.220745;0.690001;-0.599335;-0.340541;-0.307082;-0.495123;0.768217;0.265325;0.584411;0.004058;-0.296813;-0.755215;-0.418836;-0.064260;0.289802;0.858173;-0.418836;-0.064260;0.289802;0.858173;-0.470132;-0.421154;0.653999;0.417002;-0.263879;0.576586;-0.246318;0.732970;0.659668;-0.302125;0.549444;-0.414330;-0.484308;0.517367;-0.455177;0.539065;0.727383;-0.046427;0.683440;-0.040847;0.561037;0.555740;0.520662;0.324503;0.175411;0.761367;-0.015052;0.623959;0.292811;0.727287;0.287400;0.550197;-0.181414;0.722231;-0.307041;0.592619;0.736796;0.124708;0.662540;-0.051188;0.736796;0.124708;0.662540;-0.051188;0.557189;0.556669;0.380305;0.484798;0.051188;0.662540;-0.124708;0.736796;0.557189;0.556669;0.380305;0.484798;0.736796;0.124708;0.662540;-0.051188
5700211;1;0.522852;-0.113574;0.771031;-0.345309;0.577861;0.031515;0.778713;-0.242259;0.510174;0.102595;0.766628;-0.376137;0.538694;0.163742;0.755931;-0.334013;0.929872;-0.187427;0.038514;-0.314208;0.903125;0.164057;-0.361157;0.164366;0.476622;-0.161184;-0.362448;0.784527;-0.463647;0.244504;0.756892;-0.390338;0.550070;-0.036563;-0.794564;0.254470;0.550070;-0.036563;-0.794564;0.254470;0.439119;0.307168;-0.365968;0.760848;0.118033;0.832774;-0.457067;-0.289216;0.220524;0.684140;-0.605488;-0.341622;-0.305808;-0.491715;0.769987;0.267989;0.581581;-0.032737;-0.247008;-0.774389;-0.396355;-0.022578;0.248143;0.883639;-0.396355;-0.022578;0.248143;0.883639;-0.474089;-0.394008;0.632011;0.469638;-0.258644;0.581356;-0.252215;0.729052;0.661468;-0.290794;0.563091;-0.401034;-0.467330;0.530692;-0.446848;0.547993;0.721651;-0.061854;0.686954;-0.059060;0.563002;0.559506;0.521849;0.312500;0.165836;0.763992;-0.040720;0.622219;0.292619;0.728159;0.291746;0.546848;-0.179177;0.725897;-0.304583;0.590084;0.835822;0.288759;0.460473;0.077358;0.835822;0.288759;0.460473;0.077358;0.536315;0.529787;0.121420;0.645716;-0.077358;0.460473;-0.288759;0.835822;0.536315;0.529787;0.121420;0.645716;0.835822;0.288759;0.460473;0.077358
5733555;1;0.505651;-0.124152;0.785404;-0.334729;0.561598;0.032708;0.794483;-0.228766;0.516909;0.125341;0.772459;-0.346990;0.543070;0.186884;0.759920;-0.304420;0.950220;-0.140008;0.063096;-0.271107;0.900265;0.179023;-0.372854;0.135846;0.475282;-0.170225;-0.376952;0.776555;-0.458299;0.287050;0.782743;-0.308022;0.522074;-0.076213;-0.830226;0.179874;0.522074;-0.076213;-0.830226;0.179874;0.430683;0.321474;-0.446508;0.715400;0.098615;0.837877;-0.470348;-0.258863;0.211938;0.682849;-0.619784;-0.323524;-0.290276;-0.493642;0.778931;0.255588;0.630164;-0.079381;-0.203491;-0.745106;-0.343230;0.006407;0.218332;0.913500;-0.343230;0.006407;0.218332;0.913500;-0.460234;-0.383678;0.630655;0.493204;-0.252597;0.582891;-0.244170;0.732675;0.657566;-0.299130;0.556730;-0.410097;-0.474087;0.523718;-0.452113;0.544569;0.724024;-0.053155;0.685762;-0.051917;0.544740;0.559179;0.552013;0.293016;0.161438;0.785257;-0.027125;0.597138;0.285716;0.753174;0.269788;0.527551;-0.170684;0.728084;-0.337840;0.571511;0.859365;0.378895;0.334096;0.079445;0.859365;0.378895;0.334096;0.079445;0.551486;0.504160;-0.031678;0.663838;-0.079445;0.334096;-0.378895;0.859365;0.551486;0.504160;-0.031678;0.663838;0.859365;0.378895;0.334096;0.079445
5766877;1;0.508466;-0.127390;0.773905;-0.355394;0.568630;0.027931;0.783822;-0.247996;0.504134;0.141763;0.784483;-0.332173;0.529149;0.204217;0.770588;-0.290675;0.951244;-0.125176;0.060984;-0.275220;0.899878;0.185140;-0.374095;0.126474;0.478839;-0.168909;-0.381699;0.772327;-0.464876;0.254025;0.754242;-0.387918;0.549719;-0.049275;-0.794344;0.253771;0.549719;-0.049275;-0.794344;0.253771;0.412441;0.328092;-0.377978;0.761171;0.085101;0.851548;-0.457378;-0.241720;0.199215;0.688702;-0.616449;-0.325567;-0.275566;-0.508983;0.771528;0.264091;0.634487;-0.110632;-0.239888;-0.726388;-0.361533;0.025946;0.262892;0.894152;-0.361533;0.025946;0.262892;0.894152;-0.425549;-0.399110;0.654442;0.480963;-0.246944;0.584917;-0.244317;0.732939;0.654613;-0.298889;0.559045;-0.411845;-0.480261;0.518724;-0.466256;0.531864;0.719486;-0.039569;0.692302;-0.038630;0.557015;0.560508;0.534063;0.300569;0.182198;0.773978;-0.017784;0.606173;0.305721;0.742370;0.272331;0.530337;-0.158388;0.722299;-0.328497;0.587611;0.820444;0.408517;0.368826;0.154763;0.820444;0.408517;0.368826;0.154763;0.470708;0.549665;-0.028066;0.689576;-0.154763;0.368826;-0.408517;0.820444;0.470708;0.549665;-0.028066;0.689576;0.820444;0.408517;0.368826;0.154763
5800222;1;0.489460;-0.144525;0.787958;-0.344475;0.545196;0.005221;0.801086;-0.246972;0.505147;0.155709;0.790552;-0.309205;0.528317;0.218604;0.775519;-0.267700;0.956263;-0.082242;0.098258;-0.262952;0.898997;0.210064;-0.367090;0.113677;0.487539;-0.147867;-0.396254;0.763822;-0.464157;0.264335;0.752932;-0.384419;0.539923;-0.084688;-0.793478;0.267775;0.539923;-0.084688;-0.793478;0.267775;0.412383;0.271411;-0.384922;0.779815;0.064549;0.853807;-0.457807;-0.239292;0.221151;0.696842;-0.612749;-0.300069;-0.281961;-0.544309;0.751518;0.243818;0.606675;-0.086899;-0.224418;-0.757648;-0.324792;0.008533;0.240504;0.914656;-0.324792;0.008533;0.240504;0.914656;0.550453;0.380429;-0.566681;-0.480778;-0.242388;0.592455;-0.247476;0.727325;0.646996;-0.303474;0.565860;-0.411221;-0.486955;0.515373;-0.489974;0.507140;0.706891;-0.020350;0.706838;-0.016481;0.532959;0.559074;0.566947;0.286292;0.176341;0.796173;0.008012;0.578747;0.297511;0.761578;0.269861;0.508588;-0.148991;0.734072;-0.343834;0.566319;0.827663;0.431365;0.340756;0.113063;0.827663;0.431365;0.340756;0.113063;0.505299;0.545972;-0.064070;0.665194;-0.113063;0.340756;-0.431365;0.827663;0.505299;0.545972;-0.064070;0.665194;0.827663;0.431365;0.340756;0.113063
5833544;1;0.481838;-0.144984;0.800264;-0.326175;0.536470;0.014852;0.813155;-0.225295;0.516034;0.153289;0.785612;-0.305001;0.538831;0.215797;0.770789;-0.262636;0.957588;-0.079003;0.092070;-0.261355;0.901907;0.207366;-0.365153;0.101122;0.485523;-0.155052;-0.390252;0.766766;-0.484727;0.234085;0.760631;-0.362884;0.534872;-0.114035;-0.787623;0.283826;0.534872;-0.114035;-0.787623;0.283826;0.420609;0.260492;-0.399170;0.771942;0.064431;0.862643;-0.452105;-0.217477;0.208764;0.716852;-0.586281;-0.314350;-0.273872;-0.567314;0.731954;0.259601;0.602927;-0.226292;-0.065360;-0.762233;-0.169748;0.168302;0.164787;0.956925;-0.169748;0.168302;0.164787;0.956925;-0.397493;-0.281234;0.605718;0.629295;-0.242519;0.590043;-0.247298;0.729299;0.647943;-0.302262;0.563908;-0.413297;-0.478238;0.524653;-0.481932;0.513584;0.705254;-0.032662;0.707682;-0.027127;0.517870;0.556506;0.591709;0.268314;0.167374;0.812187;0.011448;0.558755;0.283356;0.777175;0.269056;0.493271;-0.148322;0.744458;-0.355395;0.545416;0.831620;0.424713;0.335382;0.124683;0.831620;0.424713;0.335382;0.124683;0.499880;0.537468;-0.063166;0.676209;-0.124683;0.335382;-0.424713;0.831620;0.499880;0.537468;-0.063166;0.676209;0.831620;0.424713;0.335382;0.124683
5866888;1;0.478588;-0.137885;0.803243;-0.326712;0.535928;0.031654;0.814377;-0.220384;0.519131;0.163467;0.779570;-0.309923;0.542313;0.225457;0.763950;-0.267294;0.956337;-0.071491;0.096157;-0.266575;0.904002;0.215431;-0.359158;0.085877;0.490506;-0.149560;-0.391199;0.764198;-0.475742;0.269720;0.757408;-0.356726;0.539061;-0.107790;-0.796742;0.250991;0.539061;-0.107790;-0.796742;0.250991;0.429657;0.256668;-0.406018;0.764635;0.058660;0.855974;-0.465407;-0.217401;0.234190;0.728893;-0.568624;-0.300893;-0.281036;-0.623999;0.682088;0.257682;0.697205;-0.173998;0.025380;-0.694972;-0.138584;0.154236;0.084442;0.974615;-0.138584;0.154236;0.084442;0.974615;-0.384786;-0.379662;0.490421;0.683581;-0.240048;0.589004;-0.245883;0.731431;0.646322;-0.303757;0.561394;-0.418134;-0.472335;0.527872;-0.476878;0.520422;0.705878;-0.038558;0.706361;-0.036104;0.517007;0.550947;0.603564;0.254701;0.167903;0.817111;0.010833;0.551380;0.287051;0.782066;0.265079;0.485497;-0.140261;0.745112;-0.361710;0.542495;0.831557;0.425395;0.330052;0.136447;0.831557;0.425395;0.330052;0.136447;0.491517;0.534182;-0.067417;0.684482;-0.136447;0.330052;-0.425395;0.831557;0.491517;0.534182;-0.067417;0.684482;0.831557;0.425395;0.330052;0.136447
5900211;1;0.487884;-0.138153;0.794417;-0.334343;0.548627;0.036856;0.805497;-0.220963;0.521922;0.173935;0.779044;-0.300725;0.544357;0.235848;0.762586;-0.257902;0.955215;-0.062649;0.083284;-0.276953;0.899296;0.215694;-0.368618;0.094144;0.482386;-0.156171;-0.397510;0.764788;-0.473430;0.286508;0.748847;-0.364699;0.544969;-0.105456;-0.794820;0.245253;0.544969;-0.105456;-0.794820;0.245253;0.429823;0.271946;-0.400474;0.762180;0.039138;0.868058;-0.444298;-0.218043;0.264774;0.720450;-0.558543;-0.314447;0.291715;0.667867;-0.620461;-0.289628;0.717718;-0.203515;0.103717;-0.657803;-0.110683;0.221672;0.055110;0.967251;-0.110683;0.221672;0.055110;0.967251;-0.250508;-0.433424;0.356170;0.789007;-0.241200;0.585211;-0.243376;0.734928;0.648805;-0.303189;0.556621;-0.421072;-0.477775;0.522871;-0.476988;0.520404;0.709705;-0.034911;0.702893;-0.032278;0.528437;0.546455;0.595901;0.258927;0.175415;0.808395;0.012863;0.561749;0.299423;0.773769;0.261110;0.493406;-0.137028;0.736510;-0.358703;0.556873;0.819150;0.435035;0.334938;0.165996;0.819150;0.435035;0.334938;0.165996;0.461849;0.544453;-0.070779;0.696603;-0.165996;0.334938;-0.435035;0.819150;0.461849;0.544453;-0.070779;0.696603;0.819150;0.435035;0.334938;0.165996
5933555;1;0.518973;-0.150885;0.782897;-0.308176;0.568869;0.003743;0.797296;-0.201726;0.495573;0.144438;0.815876;-0.260559;0.514872;0.209401;0.801665;-0.219979;0.965437;-0.078765;0.048155;-0.243739;0.893580;0.213871;-0.384184;0.090427;0.455015;-0.183588;-0.399541;0.774354;0.503940;-0.263532;-0.758508;0.318214;0.546187;-0.146060;-0.789589;0.238529;0.546187;-0.146060;-0.789589;0.238529;0.480110;0.271267;-0.422403;0.719364;0.071990;0.841019;-0.490949;-0.215578;0.239970;0.752379;-0.550655;-0.270404;0.255312;0.719031;-0.593541;-0.255969;-0.494417;0.676562;-0.542925;0.055198;-0.439746;0.828511;-0.257050;0.232634;-0.439746;0.828511;-0.257050;0.232634;-0.470660;0.412404;-0.433829;0.648225;-0.244487;0.574736;-0.239315;0.743393;0.655680;-0.298854;0.546192;-0.427136;-0.484858;0.517233;-0.473483;0.522683;0.716299;-0.033362;0.696395;-0.028911;0.576679;0.551759;0.524947;0.295692;0.269304;0.758352;0.069814;0.589494;0.266100;0.743153;0.346113;0.507069;-0.169830;0.774553;-0.276599;0.542879;0.802371;0.444294;0.384239;0.105662;0.802371;0.444294;0.384239;0.105662;0.492648;0.585861;-0.042465;0.642076;-0.105662;0.384239;-0.444294;0.802371;0.492648;0.585861;-0.042465;0.642076;0.802371;0.444294;0.384239;0.105662
5966888;1;0.521921;-0.161634;0.776704;-0.313374;0.573811;-0.003964;0.793335;-0.203335;0.495601;0.135188;0.820783;-0.249837;0.514040;0.200574;0.807299;-0.209288;0.966222;-0.071404;0.062991;-0.239477;0.891188;0.198348;-0.394859;0.102604;0.456150;-0.195076;-0.396486;0.772445;0.517099;-0.229748;-0.754392;0.332742;0.561029;-0.114393;-0.780260;0.251703;0.561029;-0.114393;-0.780260;0.251703;0.490356;0.293440;-0.399554;0.716799;0.068570;0.845436;-0.471576;-0.241148;0.226728;0.757026;-0.561020;-0.246500;0.231275;0.746455;-0.575010;-0.242238;0.601272;-0.643626;0.457919;-0.120533;0.578202;-0.701883;0.362360;-0.204300;0.578202;-0.701883;0.362360;-0.204300;0.603409;-0.267481;0.408319;-0.630576;-0.248642;0.570591;-0.240277;0.744896;0.656997;-0.298656;0.542363;-0.430118;-0.477566;0.525885;-0.465940;0.527519;0.714539;-0.044865;0.697152;-0.037417;0.579155;0.548126;0.515296;0.314018;0.285645;0.746059;0.096620;0.593689;0.293984;0.726245;0.364748;0.503091;-0.147085;0.775771;-0.251594;0.559684;0.792761;0.413477;0.428040;0.131717;0.792761;0.413477;0.428040;0.131717;0.467428;0.595042;0.010298;0.653705;-0.131717;0.428040;-0.413477;0.792761;0.467428;0.595042;0.010298;0.653705;0.792761;0.413477;0.428040;0.131717
6000222;1;0.523728;-0.155234;0.784323;-0.294022;0.567881;-0.012409;0.799441;-0.195580;0.511379;0.138568;0.809903;-0.251690;0.529915;0.203070;0.796183;-0.209870;0.964415;-0.068209;0.053566;-0.249765;0.887936;0.186849;-0.407531;0.102832;0.458465;-0.209825;-0.396192;0.767343;0.536390;-0.199685;-0.748028;0.335954;0.574935;-0.102425;-0.767417;0.264630;0.574935;-0.102425;-0.767417;0.264630;0.478540;0.280605;-0.395031;0.732264;0.062783;0.843976;-0.477192;-0.236751;0.219612;0.769199;-0.532003;-0.277626;0.236739;0.733995;-0.579609;-0.263174;0.537439;-0.683239;0.465660;-0.165847;0.512200;-0.736562;0.375675;-0.232371;0.512200;-0.736562;0.375675;-0.232371;0.551111;-0.314567;0.420689;-0.648340;-0.249182;0.569077;-0.241952;0.745332;0.659396;-0.294269;0.543912;-0.427507;-0.473792;0.529951;-0.462157;0.530173;0.713734;-0.050441;0.697339;-0.041928;0.562668;0.556547;0.518283;0.324104;0.279880;0.752281;0.111383;0.585948;0.284527;0.726459;0.385041;0.492996;-0.146607;0.790133;-0.237340;0.545772;0.748173;0.385765;0.498601;0.206930;0.748173;0.385765;0.498601;0.206930;0.382717;0.625342;0.079787;0.675359;-0.206930;0.498601;-0.385765;0.748173;0.382717;0.625342;0.079787;0.675359;0.748173;0.385765;0.498601;0.206930
6033533;1;0.510658;-0.157637;0.802905;-0.264051;0.547190;-0.023170;0.817905;-0.176289;0.535917;0.153113;0.786028;-0.267413;0.555636;0.215654;0.771218;-0.223575;0.960611;-0.045781;0.092325;-0.258081;0.885802;0.189913;-0.408193;0.112545;0.464608;-0.200566;-0.403066;0.762530;0.553898;-0.230577;-0.761272;0.245962;0.573800;-0.161071;-0.778946;0.195072;0.573800;-0.161071;-0.778946;0.195072;0.485799;0.251913;-0.475422;0.688849;0.053236;0.864315;-0.470082;-0.170731;0.254378;0.760962;-0.482477;-0.351346;0.301684;0.684754;-0.585628;-0.311671;0.669903;-0.529070;0.335283;-0.398622;0.644075;-0.548720;0.302054;-0.439132;0.644075;-0.548720;0.302054;-0.439132;0.605857;-0.032539;0.266903;-0.748760;-0.239005;0.577669;-0.250083;0.739347;0.645619;-0.298610;0.554185;-0.432304;-0.461753;0.537147;-0.478915;0.518554;0.697100;-0.043737;0.714392;-0.042209;0.572651;0.546567;0.526780;0.309578;0.261874;0.754855;0.079958;0.596006;0.264605;0.744182;0.320633;0.522850;-0.182114;0.757399;-0.295342;0.553132;0.724891;0.410353;0.504363;0.227513;0.724891;0.410353;0.504363;0.227513;0.351699;0.646802;0.066474;0.673451;-0.227513;0.504363;-0.410353;0.724891;0.351699;0.646802;0.066474;0.673451;0.724891;0.410353;0.504363;0.227513
6066888;1;0.510950;-0.160737;0.802325;-0.263379;0.547964;-0.023529;0.817929;-0.173706;0.536265;0.150851;0.786502;-0.266603;0.555918;0.213438;0.771872;-0.222740;0.962431;-0.051474;0.079343;-0.254523;0.885223;0.181992;-0.412532;0.114354;0.448959;-0.216087;-0.395740;0.771448;0.553131;-0.191373;-0.745759;0.318222;0.584299;-0.109608;-0.762080;0.256543;0.584299;-0.109608;-0.762080;0.256543;0.468033;0.291290;-0.413084;0.724884;0.048987;0.869165;-0.454380;-0.188922;0.271906;0.759435;-0.461474;-0.369280;0.334418;0.663057;-0.591655;-0.313792;0.806032;-0.020821;0.025332;-0.590964;0.721364;-0.023970;0.022375;-0.691780;0.721364;-0.023970;0.022375;-0.691780;-0.323923;-0.597779;0.262066;0.684876;-0.241551;0.579899;-0.256396;0.734597;0.640361;-0.302054;0.557522;-0.433440;-0.458402;0.541421;-0.487613;0.508886;0.687961;-0.040614;0.723628;-0.037730;0.568886;0.551383;0.523371;0.313734;0.248615;0.757459;0.064527;0.600236;0.250035;0.749955;0.299988;0.533908;-0.200355;0.746944;-0.313958;0.550784;0.655041;0.437838;0.556753;0.263146;0.655041;0.437838;0.556753;0.263146;0.277111;0.703282;0.084086;0.649256;-0.263146;0.556753;-0.437838;0.655041;0.277111;0.703282;0.084086;0.649256;0.655041;0.437838;0.556753;0.263146
6100211;1;0.517762;-0.148824;0.802184;-0.257441;0.551202;-0.023649;0.815529;-0.174727;0.536101;0.138379;0.782707;-0.284282;0.557172;0.200702;0.769089;-0.240375;0.962109;-0.079278;0.061508;-0.253530;0.891211;0.178482;-0.402811;0.107844;0.451374;-0.213712;-0.385279;0.775983;0.536463;-0.258290;-0.764006;0.248573;0.563832;-0.158531;-0.790751;0.177974;0.563832;-0.158531;-0.790751;0.177974;0.489075;0.277650;-0.478118;0.674626;0.063805;0.860108;-0.457280;-0.216883;0.266179;0.761324;-0.451136;-0.382114;0.348437;0.634154;-0.617241;-0.308956;0.675855;0.194038;-0.163171;-0.692058;0.608986;0.208291;-0.144535;-0.751572;0.608986;0.208291;-0.144535;-0.751572;0.349503;0.668352;-0.443576;-0.484142;-0.242055;0.576660;-0.259422;0.735916;0.641273;-0.298020;0.557733;-0.434611;-0.455534;0.544017;-0.488144;0.508183;0.685444;-0.042090;0.725848;-0.039244;0.568156;0.560738;0.508663;0.322543;0.243384;0.755519;0.048243;0.606323;0.245023;0.749651;0.290496;0.541848;-0.209542;0.740056;-0.320429;0.552933;0.693536;0.416684;0.543513;0.223551;0.693536;0.416684;0.543513;0.223551;0.332330;0.678962;0.089681;0.648479;-0.223551;0.543513;-0.416684;0.693536;0.332330;0.678962;0.089681;0.648479;0.693536;0.416684;0.543513;0.223551
6133555;1;0.528341;-0.158147;0.796650;-0.247374;0.559376;-0.037318;0.811338;-0.165640;0.527641;0.130634;0.794311;-0.271292;0.547698;0.193912;0.781277;-0.228105;0.958772;-0.077876;0.066060;-0.265193;0.889737;0.184619;-0.402985;0.109031;0.450401;-0.209715;-0.390513;0.775021;0.529032;-0.279633;-0.773203;0.209970;0.547083;-0.202406;-0.796913;0.157040;0.547083;-0.202406;-0.796913;0.157040;0.516347;0.239079;-0.502580;0.650876;0.064864;0.871059;-0.437686;-0.213262;0.231881;0.765843;-0.472933;-0.368850;-0.318099;-0.620305;0.652229;0.297711;0.670123;-0.187933;0.033156;-0.717298;0.625742;-0.189588;0.021786;-0.756326;0.625742;-0.189588;0.021786;-0.756326;0.503394;0.323797;-0.449359;-0.663194;-0.244836;0.573063;-0.259813;0.737666;0.640274;-0.300346;0.552939;-0.440568;-0.460083;0.537754;-0.492217;0.506820;0.687701;-0.034753;0.724311;-0.035113;0.572015;0.560526;0.496940;0.334156;0.245707;0.747589;0.047144;0.615236;0.232734;0.744901;0.298073;0.549645;-0.223707;0.742000;-0.311621;0.549803;0.668752;0.425705;0.560032;0.240646;0.668752;0.425705;0.560032;0.240646;0.302717;0.697021;0.094984;0.643041;-0.240646;0.560032;-0.425705;0.668752;0.302717;0.697021;0.094984;0.643041;0.668752;0.425705;0.560032;0.240646
6166888;1;0.521803;-0.182606;0.794866;-0.250131;0.554692;-0.055107;0.813707;-0.164806;0.532891;0.123976;0.793108;-0.267651;0.552639;0.187179;0.780611;-0.224055;0.959296;-0.073724;0.078789;-0.260974;0.895155;0.168639;-0.397389;0.111081;0.441509;-0.219917;-0.371476;0.786583;0.527179;-0.285226;-0.792690;0.111225;0.528314;-0.276917;-0.795631;0.105703;0.528314;-0.276917;-0.795631;0.105703;0.533091;0.228003;-0.573412;0.578815;0.066080;0.883593;-0.419915;-0.196389;0.234936;0.748758;-0.507337;-0.356055;-0.311841;-0.608999;0.668693;0.291076;0.642288;-0.275344;0.118169;-0.705470;-0.215490;0.297970;0.031499;0.929401;-0.215490;0.297970;0.031499;0.929401;-0.358033;-0.268848;0.477711;0.755861;-0.237385;0.574141;-0.254566;0.741085;0.642623;-0.296621;0.553628;-0.438803;-0.458591;0.539996;-0.489534;0.508385;0.687744;-0.038246;0.723988;-0.037255;0.572554;0.552907;0.504131;0.335154;0.236495;0.746763;0.046604;0.619874;0.234601;0.739453;0.301675;0.554224;-0.225568;0.740696;-0.305216;0.554376;0.634303;0.378013;0.631640;0.236213;0.634303;0.378013;0.631640;0.236213;0.281492;0.713932;0.179341;0.615548;-0.236213;0.631640;-0.378013;0.634303;0.281492;0.713932;0.179341;0.615548;0.634303;0.378013;0.631640;0.236213
6200222;1;0.525901;-0.175394;0.786920;-0.270965;0.562222;-0.048360;0.804778;-0.184121;0.522088;0.124859;0.794055;-0.285150;0.543274;0.188134;0.781485;-0.242363;0.957176;-0.086085;0.087622;-0.262155;0.899082;0.151543;-0.401596;0.086071;0.462284;-0.234229;-0.359696;0.775918;0.553396;-0.237302;-0.791423;0.105315;0.539489;-0.318102;-0.762544;0.162140;0.539489;-0.318102;-0.762544;0.162140;0.551115;0.182210;-0.558119;0.592937;0.076535;0.876468;-0.427695;-0.207421;0.197512;0.758268;-0.529935;-0.324328;-0.280984;-0.577971;0.722322;0.255436;0.533828;-0.339601;0.239946;-0.736292;-0.222406;0.404402;-0.096757;0.881835;-0.222406;0.404402;-0.096757;0.881835;-0.299311;-0.154715;0.350850;0.873716;-0.238643;0.566273;-0.255881;0.746264;0.644590;-0.292337;0.548384;-0.445329;-0.462795;0.535540;-0.496523;0.502477;0.686573;-0.030119;0.725811;-0.030146;0.576670;0.551745;0.497310;0.340165;0.235922;0.741627;0.041254;0.626600;0.234706;0.737279;0.289584;0.563448;-0.232031;0.730676;-0.312231;0.561058;0.676983;0.408130;0.569905;0.224347;0.676983;0.408130;0.569905;0.224347;0.320062;0.691575;0.114392;0.637337;-0.224347;0.569905;-0.408130;0.676983;0.320062;0.691575;0.114392;0.637337;0.676983;0.408130;0.569905;0.224347
6233533;1;0.518569;-0.179408;0.793736;-0.262455;0.554359;-0.047886;0.812349;-0.174593;0.527628;0.140803;0.789779;-0.279342;0.548330;0.203684;0.775944;-0.236130;0.956923;-0.080051;0.056445;-0.273319;0.898987;0.131062;-0.407569;0.092375;0.473830;-0.243631;-0.352043;0.769542;0.586219;-0.095989;-0.655048;0.466954;0.632705;-0.025532;-0.661551;0.401724;0.632705;-0.025532;-0.661551;0.401724;0.411632;0.295217;-0.252272;0.824479;0.059698;0.870252;-0.440499;-0.212268;0.187248;0.743563;-0.551177;-0.329022;-0.275512;-0.549209;0.745018;0.259635;-0.393598;0.416102;-0.488050;0.658595;-0.270417;0.496141;-0.406422;0.718011;-0.270417;0.496141;-0.406422;0.718011;-0.185338;0.077641;0.233664;0.951327;-0.242160;0.568308;-0.258403;0.742706;0.643845;-0.294107;0.550720;-0.442349;-0.459255;0.540586;-0.493488;0.503310;0.684657;-0.035855;0.727226;-0.033200;0.568084;0.552547;0.506534;0.339700;0.226351;0.748273;0.044112;0.622018;0.226432;0.739225;0.300671;0.558455;-0.234350;0.739810;-0.305717;0.551632;0.657991;0.394321;0.600588;0.225506;0.657991;0.394321;0.600588;0.225506;0.305813;0.703507;0.145853;0.624727;-0.225506;0.600588;-0.394321;0.657991;0.305813;0.703507;0.145853;0.624727;0.657991;0.394321;0.600588;0.225506
6266888;1;0.514191;-0.187946;0.796812;-0.255686;0.548449;-0.058169;0.816608;-0.170211;0.516736;0.127135;0.800295;-0.276312;0.537230;0.190904;0.787522;-0.233983;0.954948;-0.079435;0.092699;-0.270501;0.904366;0.138597;-0.393344;0.090519;0.483219;-0.225650;-0.350729;0.769786;0.563372;-0.211627;-0.712069;0.361640;0.609508;-0.107064;-0.735096;0.276896;0.609508;-0.107064;-0.735096;0.276896;0.449983;0.277230;-0.379691;0.759272;0.076945;0.870277;-0.442677;-0.201828;0.203230;0.730538;-0.572090;-0.312609;-0.289467;-0.519366;0.768916;0.235022;-0.371364;0.432979;-0.483634;0.663864;-0.340565;0.454678;-0.463293;0.680178;-0.340565;0.454678;-0.463293;0.680178;-0.179624;0.076820;0.112420;0.974267;-0.237365;0.572644;-0.254819;0.742161;0.640907;-0.298239;0.551320;-0.443101;-0.465890;0.532577;-0.501776;0.497523;0.685285;-0.024283;0.727458;-0.024484;0.561634;0.551033;0.515855;0.338854;0.220863;0.753068;0.051055;0.617659;0.216142;0.744630;0.297869;0.556850;-0.240560;0.741625;-0.311477;0.543235;0.712155;0.388631;0.556017;0.180683;0.712155;0.388631;0.556017;0.180683;0.375807;0.667967;0.118360;0.631332;-0.180683;0.556017;-0.388631;0.712155;0.375807;0.667967;0.118360;0.631332;0.712155;0.388631;0.556017;0.180683
6300222;1;0.509513;-0.185547;0.799960;-0.256969;0.544249;-0.054279;0.819401;-0.171550;0.512338;0.132970;0.800625;-0.280765;0.533203;0.196747;0.787383;-0.238774;0.955286;-0.078054;0.097374;-0.268057;0.903958;0.169068;-0.380420;0.097758;0.487488;-0.191863;-0.369449;0.767497;0.567761;-0.198980;-0.719524;0.346900;0.588050;-0.154284;-0.730414;0.311271;0.588050;-0.154284;-0.730414;0.311271;0.471415;0.259142;-0.379930;0.752506;0.077865;0.864019;-0.454428;-0.202247;0.205036;0.716961;-0.586850;-0.315491;-0.292605;-0.500153;0.779918;0.236551;-0.400586;0.366337;-0.286296;0.789533;0.533266;-0.310243;0.346291;-0.706724;0.533266;-0.310243;0.346291;-0.706724;-0.273325;-0.030878;0.344402;0.897623;-0.234019;0.575538;-0.258597;0.739675;0.637967;-0.296680;0.556906;-0.441401;-0.471054;0.522554;-0.511322;0.493554;0.686149;-0.010408;0.727161;-0.018107;0.557358;0.554034;0.517528;0.338471;0.218328;0.756406;0.051113;0.614467;0.211087;0.749976;0.288403;0.556598;-0.244033;0.738732;-0.321943;0.539514;0.753053;0.391648;0.503003;0.162824;0.753053;0.391648;0.503003;0.162824;0.417355;0.632614;0.078740;0.647623;-0.162824;0.503003;-0.391648;0.753053;0.417355;0.632614;0.078740;0.647623;0.753053;0.391648;0.503003;0.162824
6333555;1;0.507009;-0.169500;0.810948;-0.237855;0.537089;-0.045219;0.827238;-0.158645;0.506215;0.104668;0.807840;-0.283171;0.527293;0.169114;0.796844;-0.241664;0.960857;-0.095786;0.110318;-0.235389;0.901951;0.193452;-0.374153;0.095235;0.479572;-0.176073;-0.382639;0.769803;0.535776;-0.262689;-0.675227;0.433598;0.607444;-0.131709;-0.712453;0.325692;0.607444;-0.131709;-0.712453;0.325692;0.451251;0.319069;-0.322574;0.768448;0.104897;0.865754;-0.447285;-0.198502;0.208749;0.690555;-0.613120;-0.321936;-0.291259;-0.489012;0.783357;0.249773;-0.435304;0.322709;-0.212323;0.813196;0.571066;-0.280511;0.265586;-0.724335;0.571066;-0.280511;0.265586;-0.724335;-0.309628;-0.060584;0.452334;0.834179;-0.228888;0.587462;-0.260775;0.731092;0.630019;-0.303002;0.566879;-0.435791;-0.462438;0.528232;-0.510819;0.496171;0.681903;-0.014836;0.730830;-0.026011;0.540773;0.563062;0.527851;0.334514;0.213112;0.769441;0.060005;0.599119;0.197258;0.760371;0.300545;0.540924;-0.242806;0.754540;-0.320651;0.518554;0.802337;0.360017;0.460742;0.119832;0.802337;0.360017;0.460742;0.119832;0.482604;0.580364;0.071224;0.652072;-0.119832;0.460742;-0.360017;0.802337;0.482604;0.580364;0.071224;0.652072;0.802337;0.360017;0.460742;0.119832
6366866;1;0.521738;-0.142544;0.801482;-0.255141;0.554524;-0.018745;0.813844;-0.172656;0.483532;0.091770;0.811277;-0.315602;0.507284;0.156533;0.801305;-0.275809;0.957155;-0.143459;0.088815;-0.235341;0.903031;0.201563;-0.369534;0.085739;0.481902;-0.170371;-0.384912;0.768497;0.509018;-0.331977;-0.708483;0.358809;0.545871;-0.250862;-0.741097;0.299780;0.545871;-0.250862;-0.741097;0.299780;0.453835;0.327007;-0.406398;0.722455;0.133212;0.843378;-0.457651;-0.248039;0.220104;0.685179;-0.604095;-0.342277;-0.311434;-0.476021;0.779618;0.261932;-0.395905;0.335444;-0.237197;0.821263;0.533364;-0.288818;0.292180;-0.739417;0.533364;-0.288818;0.292180;-0.739417;-0.280692;-0.045902;0.406611;0.868201;-0.232570;0.585596;-0.267513;0.728990;0.634052;-0.294168;0.572710;-0.428307;-0.459528;0.532420;-0.507511;0.497792;0.680984;-0.020156;0.731439;-0.029182;0.550921;0.568814;0.505822;0.342170;0.219806;0.759920;0.043643;0.610165;0.200391;0.751351;0.307633;0.548340;-0.245738;0.753172;-0.309249;0.526033;0.818088;0.358827;0.443058;0.075331;0.818088;0.358827;0.443058;0.075331;0.525209;0.567018;0.059560;0.631743;-0.075331;0.443058;-0.358827;0.818088;0.525209;0.567018;0.059560;0.631743;0.818088;0.358827;0.443058;0.075331
6400222;1;0.523166;-0.147517;0.798949;-0.257327;0.555177;-0.029076;0.811933;-0.178040;0.502114;0.131598;0.803328;-0.291937;0.523908;0.195596;0.790188;-0.250731;0.956107;-0.102535;0.064306;-0.266852;0.903680;0.176857;-0.382106;0.077970;0.473667;-0.202526;-0.369143;0.773535;-0.409342;0.410312;0.808281;-0.103754;-0.409835;0.406433;0.810238;-0.101790;-0.409835;0.406433;0.810238;-0.101790;-0.491127;-0.238498;0.601384;-0.583310;0.080229;0.859272;-0.447178;-0.235046;0.212744;0.695201;-0.595968;-0.340967;-0.309411;-0.471797;0.784786;0.256484;-0.391799;0.322763;-0.214448;0.834464;0.531568;-0.280331;0.267542;-0.753174;0.531568;-0.280331;0.267542;-0.753174;-0.270805;-0.056960;0.430637;0.859053;-0.231293;0.584843;-0.264841;0.730973;0.634788;-0.294556;0.570495;-0.429903;-0.462994;0.528544;-0.508415;0.497788;0.683428;-0.016755;0.729335;-0.026755;0.562875;0.564582;0.501971;0.335327;0.228508;0.754532;0.037197;0.614069;0.212559;0.748342;0.301880;0.551063;-0.239027;0.747046;-0.311253;0.536572;0.771974;0.403755;0.450616;0.194894;0.771974;0.403755;0.450616;0.194894;0.408057;0.604131;0.033136;0.683679;-0.194894;0.450616;-0.403755;0.771974;0.408057;0.604131;0.033136;0.683679;0.771974;0.403755;0.450616;0.194894
6433555;1;0.499539;-0.183038;0.817827;-0.219355;0.529473;-0.041887;0.837012;-0.131585;0.503637;0.131316;0.814544;-0.256173;0.522559;0.196214;0.801389;-0.214959;0.964204;-0.058592;0.111048;-0.233552;0.899711;0.194754;-0.363879;0.142065;0.474658;-0.151020;-0.384097;0.777408;0.549946;-0.377959;-0.668978;0.327375;0.508939;-0.451921;-0.621412;0.388067;0.508939;-0.451921;-0.621412;0.388067;0.575455;0.319523;-0.390459;0.643660;0.072270;0.864909;-0.455771;-0.197441;0.207177;0.679059;-0.624215;-0.326056;-0.290003;-0.477681;0.789042;0.255211;-0.415503;0.405831;-0.277377;0.765324;0.543064;-0.351007;0.344138;-0.680767;0.543064;-0.351007;0.344138;-0.680767;-0.233130;-0.025817;0.405930;0.883292;-0.215605;0.600971;-0.261507;0.723853;0.625067;-0.299800;0.582855;-0.423901;-0.457486;0.530977;-0.518277;0.490060;0.674123;-0.011522;0.738099;-0.025185;0.542533;0.558215;0.539323;0.321222;0.211026;0.774106;0.056613;0.594158;0.197500;0.759910;0.315356;0.532992;-0.236985;0.764612;-0.309844;0.513034;0.808416;0.411914;0.407812;0.102373;0.808416;0.411914;0.407812;0.102373;0.499248;0.579634;-0.002900;0.644025;-0.102373;0.407812;-0.411914;0.808416;0.499248;0.579634;-0.002900;0.644025;0.808416;0.411914;0.407812;0.102373
6466888;1;0.479361;-0.220595;0.821237;-0.217070;0.513083;-0.051947;0.848761;-0.116846;0.508715;0.153130;0.814475;-0.233218;0.525779;0.217953;0.799572;-0.191671;0.963526;-0.013593;0.140177;-0.227560;0.896734;0.167643;-0.375135;0.164432;0.477973;-0.166539;-0.375626;0.776345;0.656830;-0.219542;-0.582639;0.425332;0.572263;-0.318114;-0.535230;0.533711;0.572263;-0.318114;-0.535230;0.533711;0.506520;0.308334;-0.267760;0.759389;0.044652;0.870021;-0.461054;-0.168817;0.234451;0.679183;-0.612725;-0.329106;-0.303051;-0.522327;0.750931;0.267279;-0.282263;0.488639;-0.390408;0.727421;-0.405363;0.412667;-0.469993;0.666704;-0.405363;0.412667;-0.469993;0.666704;-0.262566;0.137907;0.197576;0.934347;-0.212867;0.611857;-0.256642;0.717254;0.618316;-0.311939;0.585642;-0.421191;-0.454227;0.537671;-0.521114;0.482730;0.666683;-0.014256;0.744872;-0.022267;0.522875;0.549646;0.566870;0.321169;0.188729;0.786142;0.073505;0.583917;0.189396;0.765900;0.314118;0.528067;-0.239301;0.767939;-0.314929;0.503811;0.803155;0.426986;0.400217;0.111590;0.803155;0.426986;0.400217;0.111590;0.489010;0.584921;-0.018929;0.646822;-0.111590;0.400217;-0.426986;0.803155;0.489010;0.584921;-0.018929;0.646822;0.803155;0.426986;0.400217;0.111590
6500200;1;0.481114;-0.218317;0.821010;-0.216356;0.515351;-0.044606;0.848369;-0.112667;0.520929;0.163606;0.807415;-0.223487;0.537173;0.227829;0.791695;-0.180993;0.963910;-0.000815;0.125607;-0.234732;0.887590;0.170765;-0.386391;0.183646;0.472467;-0.165402;-0.388717;0.773509;0.621503;-0.264160;-0.600346;0.428414;0.536227;-0.365876;-0.544363;0.531286;0.536227;-0.365876;-0.544363;0.531286;0.532581;0.331145;-0.281319;0.726333;0.026588;0.875317;-0.455658;-0.159651;0.213425;0.701604;-0.602586;-0.314789;-0.270240;-0.571913;0.726824;0.267605;-0.211818;0.541252;-0.432302;0.689416;-0.331014;0.455770;-0.521644;0.640773;-0.331014;0.455770;-0.521644;0.640773;-0.175204;0.176485;0.016713;0.968441;-0.210311;0.616248;-0.256326;0.714356;0.619493;-0.308479;0.591908;-0.413176;-0.442559;0.550658;-0.506809;0.494027;0.666363;-0.033643;0.743878;-0.038395;0.523598;0.544928;0.571562;0.319712;0.179823;0.786906;0.066155;0.586572;0.190046;0.759330;0.328149;0.528789;-0.239262;0.773160;-0.300341;0.504750;0.751877;0.417071;0.475252;0.186730;0.751877;0.417071;0.475252;0.186730;0.399619;0.630968;0.041140;0.663695;-0.186730;0.475252;-0.417071;0.751877;0.399619;0.630968;0.041140;0.663695;0.751877;0.417071;0.475252;0.186730
6533555;1;0.477897;-0.216209;0.821949;-0.221967;0.512806;-0.046252;0.848650;-0.121179;0.526177;0.160690;0.804640;-0.223317;0.542391;0.224700;0.789162;-0.180402;0.961067;-0.002013;0.127112;-0.245333;0.886233;0.196995;-0.372997;0.191458;0.478519;-0.131148;-0.400917;0.770120;0.569372;-0.297041;-0.621145;0.449179;-0.482306;0.400820;0.559819;-0.541596;-0.482306;0.400820;0.559819;-0.541596;0.493825;0.324698;-0.293624;0.751327;0.023669;0.883747;-0.438199;-0.162519;0.214517;0.727691;-0.581449;-0.293881;-0.260319;-0.621088;0.694166;0.254199;-0.248468;0.442108;-0.379561;0.773782;-0.355151;0.384136;-0.438138;0.730987;-0.355151;0.384136;-0.438138;0.730987;-0.203090;0.016219;-0.007015;0.979001;-0.205839;0.621975;-0.255639;0.710934;0.616551;-0.309423;0.597085;-0.409404;-0.443826;0.548906;-0.513477;0.487916;0.662975;-0.027670;0.747393;-0.033201;0.519204;0.546201;0.574332;0.319741;0.173750;0.790007;0.063643;0.584508;0.181684;0.764993;0.316862;0.530448;-0.246438;0.769204;-0.312300;0.500062;0.747900;0.388283;0.492242;0.218127;0.747900;0.388283;0.492242;0.218127;0.374607;0.622625;0.073510;0.683084;-0.218127;0.492242;-0.388283;0.747900;0.374607;0.622625;0.073510;0.683084;0.747900;0.388283;0.492242;0.218127
6566877;1;0.472012;-0.219448;0.822961;-0.227559;0.509337;-0.041300;0.850715;-0.123104;0.517662;0.152546;0.809929;-0.229717;0.534417;0.217005;0.795088;-0.187464;0.964558;-0.005122;0.146560;-0.219364;0.896990;0.189631;-0.364258;0.163598;0.469414;-0.148348;-0.382932;0.781669;0.559144;-0.247987;-0.644624;0.458607;-0.470964;0.356210;0.591736;-0.548776;-0.470964;0.356210;0.591736;-0.548776;0.431258;0.354445;-0.306477;0.771011;0.037627;0.871733;-0.453548;-0.181549;0.294517;0.702335;-0.557146;-0.331020;-0.330613;-0.633640;0.634181;0.294974;0.635131;-0.061388;-0.116066;-0.761163;-0.417283;0.029370;0.127973;0.899242;-0.417283;0.029370;0.127973;0.899242;-0.376428;-0.438380;0.553338;0.599952;-0.202557;0.626654;-0.250540;0.709581;0.619241;-0.307339;0.600881;-0.401280;-0.440125;0.553783;-0.501852;0.497755;0.667256;-0.039377;0.742558;-0.042723;0.517666;0.539770;0.585123;0.313530;0.168885;0.793368;0.065227;0.581198;0.195838;0.763409;0.318625;0.526623;-0.233681;0.769365;-0.310008;0.507312;0.792739;0.390452;0.438657;0.163378;0.792739;0.390452;0.438657;0.163378;0.445025;0.586269;0.034086;0.676077;-0.163378;0.438657;-0.390452;0.792739;0.445025;0.586269;0.034086;0.676077;0.792739;0.390452;0.438657;0.163378
6600222;1;0.520123;-0.166424;0.808418;-0.219627;0.551049;-0.018941;0.825153;-0.122919;0.509859;0.118007;0.805730;-0.277340;0.530458;0.182241;0.793671;-0.235559;0.962280;-0.094930;0.071442;-0.244747;0.885642;0.193219;-0.371372;0.200967;0.445462;-0.145605;-0.392492;0.791399;0.638305;-0.150696;-0.555138;0.511546;0.539890;-0.244711;-0.520581;0.614517;0.539890;-0.244711;-0.520581;0.614517;0.417709;0.367383;-0.210194;0.803970;0.082214;0.842618;-0.457006;-0.272730;0.348749;0.702205;-0.492168;-0.378224;0.394995;0.632200;-0.579348;-0.329633;0.706311;-0.433333;0.349495;-0.437265;-0.182261;0.552931;0.064738;0.810467;-0.182261;0.552931;0.064738;0.810467;-0.325965;-0.207855;0.632332;0.671342;-0.209711;0.619816;-0.249295;0.713934;0.626183;-0.304953;0.594452;-0.401903;-0.444778;0.546774;-0.488847;0.514041;0.681956;-0.043617;0.728310;-0.050972;0.537718;0.547809;0.542552;0.341177;0.183459;0.769254;0.051741;0.609847;0.200362;0.740007;0.334233;0.548209;-0.245509;0.763849;-0.282376;0.525856;0.798754;0.252374;0.537737;0.095593;0.798754;0.252374;0.537737;0.095593;0.497210;0.558692;0.201782;0.632399;-0.095593;0.537737;-0.252374;0.798754;0.497210;0.558692;0.201782;0.632399;0.798754;0.252374;0.537737;0.095593
6633544;1;0.508485;-0.196644;0.812671;-0.205768;0.538824;-0.034591;0.835408;-0.102788;0.517092;0.129075;0.812181;-0.237313;0.534458;0.193791;0.799214;-0.195082;0.968329;-0.049330;0.089856;-0.227665;0.883150;0.205552;-0.376987;0.188878;0.446480;-0.144731;-0.404257;0.785038;0.535871;-0.183491;-0.653175;0.502529;-0.441908;0.292625;0.612109;-0.586865;-0.441908;0.292625;0.612109;-0.586865;0.443885;0.353112;-0.235245;0.789264;0.055325;0.866312;-0.442039;-0.225932;0.337061;0.719084;-0.512366;-0.326786;0.355745;0.687619;-0.553878;-0.306341;0.540188;-0.656268;0.509376;-0.134333;-0.499703;0.748940;-0.359501;0.245245;-0.499703;0.748940;-0.359501;0.245245;-0.497891;0.334617;-0.423217;0.678987;-0.210650;0.618785;-0.248856;0.714705;0.625491;-0.307263;0.591999;-0.404831;-0.459547;0.529485;-0.500686;0.507716;0.687953;-0.022924;0.724490;-0.036193;0.526087;0.543679;0.555513;0.345038;0.177298;0.774037;0.070856;0.603665;0.184969;0.746789;0.332621;0.545395;-0.254491;0.767453;-0.288244;0.512997;0.798503;0.043467;0.597827;-0.055734;0.798503;0.043467;0.597827;-0.055734;0.604037;0.453463;0.391992;0.525217;0.055734;0.597827;-0.043467;0.798503;0.604037;0.453463;0.391992;0.525217;0.798503;0.043467;0.597827;-0.055734
6666888;1;0.481123;-0.209288;0.819116;-0.231877;0.516607;-0.048657;0.844029;-0.135514;0.524367;0.132465;0.807597;-0.235115;0.541533;0.196802;0.794374;-0.192307;0.965613;-0.027059;0.134514;-0.220827;0.893962;0.204832;-0.363376;0.163808;0.459176;-0.141711;-0.392322;0.784321;0.521144;-0.174280;-0.622765;0.556955;0.460131;-0.238363;-0.601159;0.608334;0.460131;-0.238363;-0.601159;0.608334;0.400600;0.354024;-0.189809;0.823504;0.053119;0.886573;-0.431482;-0.158083;0.271162;0.745229;-0.542592;-0.276946;0.282510;0.721877;-0.573294;-0.265359;0.503471;-0.692291;0.504407;-0.113240;-0.477368;0.767041;-0.381237;0.196025;-0.477368;0.767041;-0.381237;0.196025;0.501412;-0.373697;0.450526;-0.637152;-0.202741;0.622625;-0.246043;0.714631;0.626443;-0.301712;0.597678;-0.399149;-0.462222;0.529118;-0.509905;0.496369;0.681889;-0.016110;0.730806;-0.026297;0.517652;0.543611;0.573341;0.328335;0.170281;0.787028;0.069198;0.588900;0.181030;0.762735;0.312671;0.536378;-0.251085;0.764671;-0.313658;0.503838;0.801368;0.024046;0.589636;-0.097779;0.801368;0.024046;0.589636;-0.097779;0.635793;0.433939;0.399932;0.497513;0.097779;0.589636;-0.024046;0.801368;0.635793;0.433939;0.399932;0.497513;0.801368;0.024046;0.589636;-0.097779
6700222;1;0.480202;-0.214288;0.816112;-0.239681;0.516919;-0.055763;0.841932;-0.144346;0.525568;0.132215;0.808184;-0.230513;0.542361;0.196600;0.794978;-0.187624;0.967678;-0.017990;0.145705;-0.205051;0.890415;0.208883;-0.372692;0.156940;0.453686;-0.150433;-0.399877;0.782072;0.544761;-0.095659;-0.524798;0.647048;0.499062;-0.131457;-0.516994;0.682916;0.499062;-0.131457;-0.516994;0.682916;0.309220;0.362264;-0.080923;0.875557;0.049929;0.888721;-0.427768;-0.157151;0.267973;0.753836;-0.527047;-0.286606;0.288930;0.711709;-0.582682;-0.265465;-0.441343;0.695095;-0.540378;0.173350;-0.391668;0.797963;-0.372050;0.267264;-0.391668;0.797963;-0.372050;0.267264;-0.438728;0.379853;-0.435871;0.687929;-0.198753;0.621790;-0.241217;0.718115;0.630644;-0.297065;0.597169;-0.396774;-0.467382;0.523795;-0.509216;0.497888;0.686595;-0.012805;0.726539;-0.023756;0.527288;0.539701;0.573894;0.318332;0.179697;0.784986;0.066296;0.589161;0.198666;0.762744;0.302660;0.535864;-0.238245;0.757699;-0.320846;0.515935;0.801685;0.017262;0.589398;-0.098043;0.801685;0.017262;0.589398;-0.098043;0.636204;0.428974;0.404561;0.497551;0.098043;0.589398;-0.017262;0.801685;0.636204;0.428974;0.404561;0.497551;0.801685;0.017262;0.589398;-0.098043
6733555;1;0.489661;-0.211332;0.811540;-0.238694;0.525710;-0.055546;0.836763;-0.142728;0.529511;0.133201;0.807567;-0.222962;0.545685;0.197533;0.794284;-0.179780;0.969538;-0.017750;0.128052;-0.208049;0.885718;0.213301;-0.373023;0.175671;0.446485;-0.142629;-0.405340;0.784862;-0.497303;0.109657;0.682332;-0.524488;0.559124;-0.023262;-0.690696;0.458015;0.559124;-0.023262;-0.690696;0.458015;0.371374;0.331414;-0.227128;0.837054;0.040656;0.891207;-0.417865;-0.171714;0.263700;0.760257;-0.507897;-0.307428;0.305910;0.677607;-0.613840;-0.265458;0.701499;-0.203942;0.251406;-0.634903;0.734271;-0.190284;0.261896;-0.596698;0.734271;-0.190284;0.261896;-0.596698;-0.445187;-0.341198;-0.082329;0.823780;-0.199595;0.615186;-0.243177;0.722892;0.634416;-0.290967;0.594120;-0.399846;-0.457753;0.532978;-0.497671;0.508645;0.687337;-0.027537;0.724816;-0.038090;0.543151;0.536129;0.564847;0.313847;0.192198;0.776514;0.058962;0.597167;0.216854;0.752147;0.313564;0.537519;-0.226408;0.757937;-0.305711;0.529916;0.788013;0.019994;0.602548;-0.124785;0.788013;0.019994;0.602548;-0.124785;0.645445;0.440204;0.411928;0.468973;0.124785;0.602548;-0.019994;0.788013;0.645445;0.440204;0.411928;0.468973;0.788013;0.019994;0.602548;-0.124785
6766888;1;0.487321;-0.212126;0.812683;-0.238888;0.523430;-0.056220;0.838027;-0.143425;0.524557;0.131357;0.811204;-0.222560;0.540715;0.195987;0.798058;-0.179778;0.970667;-0.017366;0.134209;-0.198725;0.885396;0.226825;-0.361616;0.184004;0.447279;-0.121365;-0.409251;0.785955;0.503202;-0.078800;-0.703213;0.496055;0.546044;-0.014812;-0.707459;0.448461;0.546044;-0.014812;-0.707459;0.448461;0.396853;0.286693;-0.243758;0.837196;0.042554;0.890066;-0.416678;-0.179862;0.256052;0.757428;-0.511059;-0.315530;-0.314469;-0.638685;0.653422;0.257354;0.570193;-0.266486;0.340648;-0.698444;0.683990;-0.202520;0.382154;-0.587453;0.683990;-0.202520;0.382154;-0.587453;-0.399320;-0.249249;-0.139514;0.871180;-0.196748;0.616690;-0.241547;0.722937;0.633461;-0.291518;0.594743;-0.400031;-0.458199;0.533636;-0.501111;0.504157;0.684507;-0.025560;0.727736;-0.034603;0.545116;0.531567;0.571111;0.306784;0.194752;0.777729;0.061900;0.594456;0.218488;0.753640;0.314084;0.534454;-0.223093;0.759358;-0.306413;0.528882;0.780736;0.022955;0.609274;-0.136784;0.780736;0.022955;0.609274;-0.136784;0.648784;0.447053;0.414590;0.455343;0.136784;0.609274;-0.022955;0.780736;0.648784;0.447053;0.414590;0.455343;0.780736;0.022955;0.609274;-0.136784
6800222;1;0.474936;-0.207840;0.819168;-0.245360;0.510935;-0.059193;0.843048;-0.157197;0.521557;0.112960;0.816050;-0.221992;0.537680;0.178037;0.804363;-0.179452;0.972960;-0.034899;0.124649;-0.191294;0.888734;0.226698;-0.359385;0.172055;0.431109;-0.133839;-0.403282;0.795987;-0.487715;0.229062;0.749652;-0.384301;0.570415;-0.027700;-0.783377;0.245317;0.570415;-0.027700;-0.783377;0.245317;0.408363;0.334060;-0.381259;0.759135;0.056583;0.909176;-0.386449;-0.144407;0.249489;0.750081;-0.504685;-0.347025;-0.327301;-0.602607;0.673939;0.274855;-0.461098;0.300038;-0.454784;0.700384;0.576937;-0.215502;0.500410;-0.608517;0.576937;-0.215502;0.500410;-0.608517;-0.223525;-0.124471;-0.080243;0.963382;-0.213910;0.619823;-0.258573;0.709367;0.629977;-0.293333;0.604190;-0.389923;-0.444738;0.547360;-0.490848;0.511540;0.680175;-0.042612;0.730152;-0.049232;0.536756;0.543625;0.570516;0.301456;0.200350;0.785395;0.064307;0.582133;0.212769;0.758217;0.333826;0.518070;-0.215554;0.776418;-0.295664;0.513122;0.794002;0.000408;0.599278;-0.102109;0.794002;0.000408;0.599278;-0.102109;0.633646;0.424042;0.423465;0.489242;0.102109;0.599278;-0.000408;0.794002;0.633646;0.424042;0.423465;0.489242;0.794002;0.000408;0.599278;-0.102109
6833544;1;0.461124;-0.229997;0.819582;-0.250501;0.500235;-0.070540;0.848315;-0.158591;0.529417;0.108374;0.811260;-0.223224;0.545613;0.173082;0.799957;-0.180049;0.974231;-0.021336;0.157692;-0.159850;0.891797;0.223947;-0.349361;0.180259;0.429807;-0.126317;-0.395284;0.801910;-0.486575;0.207782;0.731536;-0.430030;0.579818;-0.015228;-0.760320;0.292391;0.579818;-0.015228;-0.760320;0.292391;0.400560;0.333887;-0.336373;0.784171;0.061298;0.905352;-0.398452;-0.133481;0.214822;0.751929;-0.550638;-0.291977;-0.275389;-0.607619;0.706683;0.235713;-0.353551;0.254285;-0.146131;0.888249;-0.443965;0.237718;-0.171771;0.846688;-0.443965;0.237718;-0.171771;0.846688;-0.307652;-0.184777;0.308432;0.880952;-0.215953;0.618398;-0.256954;0.710580;0.630999;-0.295358;0.601044;-0.391600;-0.445613;0.544687;-0.485713;0.518487;0.685660;-0.044360;0.724594;-0.053534;0.537286;0.540646;0.577871;0.291703;0.204493;0.788395;0.068028;0.576184;0.235644;0.760941;0.320725;0.512422;-0.195402;0.769198;-0.307002;0.525264;0.806869;0.101655;0.581397;-0.024607;0.806869;0.101655;0.581397;-0.024607;0.587942;0.482991;0.339229;0.553143;0.024607;0.581397;-0.101655;0.806869;0.587942;0.482991;0.339229;0.553143;0.806869;0.101655;0.581397;-0.024607
6866888;1;0.485202;-0.216903;0.813929;-0.234631;0.519393;-0.067539;0.839622;-0.143886;0.535329;0.128590;0.810619;-0.199459;0.549600;0.193183;0.797696;-0.155887;0.975440;-0.015015;0.090985;-0.200032;0.886014;0.201821;-0.378460;0.176114;0.419407;-0.167757;-0.394742;0.800084;0.506883;-0.218303;-0.755659;0.352695;0.573081;-0.043235;-0.785370;0.230006;0.573081;-0.043235;-0.785370;0.230006;0.423724;0.337890;-0.403954;0.736960;0.024811;0.911896;-0.378989;-0.155554;0.155866;0.759082;-0.572717;-0.267387;-0.229582;-0.549771;0.775862;0.207562;-0.329317;0.250240;-0.076893;0.907203;-0.464367;0.235512;-0.114309;0.846068;-0.464367;0.235512;-0.114309;0.846068;-0.243248;-0.259304;0.246298;0.901626;-0.206436;0.618095;-0.251602;0.715569;0.632081;-0.291216;0.600490;-0.393800;-0.445829;0.543803;-0.488458;0.516647;0.684525;-0.041790;0.725924;-0.052091;0.559202;0.534742;0.565481;0.285615;0.216032;0.776572;0.051115;0.589622;0.228801;0.750461;0.338147;0.519726;-0.205288;0.774028;-0.287195;0.525602;0.797353;-0.020901;0.585464;-0.144998;0.797353;-0.020901;0.585464;-0.144998;0.666343;0.399206;0.428764;0.461284;0.144998;0.585463;0.020901;0.797353;0.666343;0.399206;0.428764;0.461284;0.797353;-0.020901;0.585464;-0.144998
6900200;1;0.497387;-0.196956;0.809688;-0.241286;0.530652;-0.059216;0.831192;-0.154990;0.532304;0.123298;0.806027;-0.227529;0.548836;0.187538;0.793544;-0.184109;0.974043;-0.047029;0.068565;-0.210541;0.885511;0.193487;-0.383314;0.177489;0.434350;-0.168708;-0.394848;0.791816;0.506290;-0.218101;-0.751787;0.361828;0.577045;-0.035644;-0.781972;0.232954;0.577045;-0.035644;-0.781972;0.232954;0.421246;0.336472;-0.396582;0.743008;0.045890;0.894673;-0.402797;-0.187640;0.144001;0.763354;-0.571835;-0.263740;-0.226161;-0.519161;0.800110;0.197855;-0.295920;0.295364;-0.160115;0.894178;-0.446931;0.263014;-0.209047;0.829081;-0.446931;0.263014;-0.209047;0.829081;-0.260837;-0.057857;0.423155;0.865769;-0.215059;0.613793;-0.259472;0.713920;0.634968;-0.286507;0.601689;-0.390768;-0.446732;0.542620;-0.486960;0.518521;0.686475;-0.042010;0.724017;-0.052783;0.563693;0.538239;0.552871;0.294758;0.212542;0.770602;0.038757;0.599581;0.227946;0.744214;0.336780;0.529872;-0.213019;0.768669;-0.283720;0.532235;0.804576;-0.003894;0.586482;-0.093174;0.804576;-0.003894;0.586482;-0.093174;0.634805;0.411951;0.417459;0.503037;0.093174;0.586482;0.003894;0.804576;0.634805;0.411951;0.417459;0.503037;0.804576;-0.003894;0.586482;-0.093174
6933555;1;0.512298;-0.180825;0.806923;-0.231794;0.541175;-0.058259;0.824881;-0.152666;0.536956;0.110944;0.802196;-0.236328;0.554179;0.174918;0.790715;-0.192506;0.972891;-0.068161;0.043322;-0.216704;0.878378;0.187268;-0.400133;0.182421;0.431821;-0.182604;-0.402282;0.786356;0.510019;-0.228609;-0.729191;0.394841;0.600362;-0.014680;-0.764046;0.235762;0.600362;-0.014680;-0.764046;0.235762;0.428397;0.347958;-0.363965;0.750287;0.056422;0.893762;-0.396450;-0.202075;0.138363;0.756989;-0.578269;-0.270975;-0.228122;-0.492079;0.815651;0.201325;-0.313758;0.312323;-0.181449;0.878115;-0.462063;0.275901;-0.233127;0.809956;-0.462063;0.275901;-0.233127;0.809956;-0.305565;-0.038362;0.401149;0.862692;-0.218172;0.606880;-0.260127;0.718632;0.637599;-0.285179;0.595559;-0.396800;-0.452155;0.538899;-0.490534;0.514315;0.687357;-0.036813;0.723926;-0.046006;0.564899;0.545806;0.538173;0.305538;0.214932;0.765731;0.034001;0.605231;0.221517;0.742868;0.333632;0.536440;-0.222216;0.765496;-0.284953;0.532388;0.788321;0.016861;0.610582;-0.073860;0.788321;0.016861;0.610582;-0.073860;0.609654;0.443669;0.419824;0.505200;0.073860;0.610582;-0.016861;0.788321;0.609654;0.443669;0.419824;0.505200;0.788321;0.016861;0.610582;-0.073860
6966877;1;0.506655;-0.191767;0.805151;-0.241365;0.540118;-0.053155;0.825965;-0.152410;0.540710;0.125095;0.797479;-0.236668;0.557947;0.188645;0.784879;-0.192544;0.971711;-0.055855;0.050116;-0.223935;0.884065;0.179296;-0.390160;0.184547;0.446708;-0.173844;-0.392619;0.784908;0.502483;-0.244163;-0.743338;0.367890;0.587753;-0.017440;-0.782217;0.205863;0.587753;-0.017440;-0.782217;0.205863;0.444905;0.344254;-0.384491;0.731926;0.046957;0.890337;-0.410033;-0.192269;0.167768;0.724359;-0.594527;-0.306097;-0.262589;-0.476468;0.806931;0.229975;-0.260583;0.323928;-0.211740;0.884496;-0.410478;0.282155;-0.264863;0.825678;-0.410478;0.282155;-0.264863;0.825678;-0.290664;-0.005528;0.362181;0.885612;-0.218084;0.604629;-0.263003;0.719508;0.637217;-0.282929;0.595606;-0.398949;-0.440825;0.547632;-0.481380;0.523494;0.685787;-0.049542;0.723595;-0.060431;0.566724;0.542874;0.538773;0.306326;0.211749;0.764178;0.031369;0.608449;0.232767;0.737432;0.335443;0.538044;-0.215328;0.762966;-0.279879;0.541465;0.815532;0.030536;0.574656;-0.061195;0.815532;0.030536;0.574656;-0.061195;0.619940;0.427936;0.384751;0.533397;0.061195;0.574656;-0.030536;0.815532;0.619940;0.427936;0.384751;0.533397;0.815532;0.030536;0.574656;-0.061195
7000222;1;0.502280;-0.207614;0.804676;-0.238971;0.536991;-0.059950;0.828863;-0.145026;0.536008;0.135944;0.802916;-0.222578;0.552131;0.199895;0.789428;-0.178877;0.969429;-0.032611;0.074882;-0.231379;0.880341;0.178445;-0.391291;0.200121;0.445292;-0.168899;-0.395505;0.785344;-0.480695;0.317131;0.673491;-0.463433;0.630618;-0.005842;-0.744397;0.219451;0.630618;-0.005842;-0.744397;0.219451;0.457471;0.402738;-0.296263;0.735357;0.033677;0.893909;-0.409493;-0.179185;0.178733;0.713007;-0.611153;-0.293543;-0.265972;-0.469958;0.813036;0.217650;-0.287807;0.287647;-0.187842;0.893947;-0.439154;0.250521;-0.235084;0.830132;-0.439154;0.250521;-0.235084;0.830132;-0.293898;-0.041955;0.393390;0.870119;-0.220096;0.607744;-0.258515;0.717897;0.636898;-0.289385;0.593706;-0.397656;-0.442051;0.545723;-0.474946;0.530287;0.691411;-0.052744;0.717653;-0.064368;0.564026;0.534247;0.549395;0.307604;0.205959;0.765186;0.041334;0.608575;0.233623;0.733732;0.344012;0.537320;-0.214160;0.766374;-0.271196;0.541533;0.809206;0.015651;0.580769;-0.087449;0.809206;0.015651;0.580769;-0.087449;0.634031;0.421733;0.399599;0.510360;0.087449;0.580769;-0.015651;0.809206;0.634031;0.421733;0.399599;0.510360;0.809206;0.015651;0.580769;-0.087449
7033555;1;0.501605;-0.207067;0.805279;-0.238835;0.536358;-0.058990;0.829380;-0.144810;0.534587;0.137489;0.803597;-0.222589;0.550715;0.201489;0.789983;-0.179001;0.969049;-0.031523;0.076678;-0.232531;0.881310;0.183016;-0.387565;0.198974;0.449910;-0.161490;-0.397017;0.783505;-0.482160;0.312837;0.679619;-0.455821;0.622548;-0.020428;-0.747885;0.229534;0.622548;-0.020428;-0.747885;0.229534;0.468864;0.394348;-0.297670;0.732153;0.033238;0.893469;-0.410997;-0.178015;0.178958;0.711372;-0.613628;-0.292205;-0.265638;-0.467981;0.814607;0.216439;-0.287695;0.279532;-0.201523;0.893578;-0.439306;0.240049;-0.247237;0.829614;-0.439306;0.240049;-0.247237;0.829614;-0.278213;-0.053205;0.378307;0.881278;-0.218171;0.608018;-0.258461;0.718271;0.636082;-0.289044;0.594129;-0.398577;-0.436779;0.554043;-0.474649;0.526278;0.684878;-0.058861;0.723343;-0.065205;0.561428;0.533067;0.552220;0.309340;0.201383;0.766341;0.042334;0.608584;0.229805;0.732479;0.348903;0.537523;-0.216988;0.768914;-0.266825;0.538973;0.806327;0.030374;0.582305;-0.099173;0.806327;0.030374;0.582305;-0.099173;0.640285;0.433229;0.390274;0.500034;0.099173;0.582305;-0.030374;0.806327;0.640285;0.433229;0.390274;0.500034;0.806327;0.030374;0.582305;-0.099173
7066888;1;0.493073;-0.203117;0.807248;-0.252927;0.529408;-0.060336;0.830220;-0.163771;0.532246;0.146165;0.805700;-0.214937;0.547768;0.210306;0.791384;-0.171562;0.968324;-0.019135;0.082536;-0.234884;0.884124;0.185565;-0.378944;0.200729;0.462828;-0.147222;-0.395421;0.779588;-0.482672;0.289806;0.695636;-0.446241;0.615836;-0.004385;-0.753576;0.229890;0.615836;-0.004385;-0.753576;0.229890;0.479490;0.376465;-0.298257;0.734443;0.021744;0.895982;-0.406112;-0.178370;0.186876;0.699781;-0.624528;-0.292147;-0.265936;-0.480104;0.805747;0.222599;-0.315989;0.248524;-0.118707;0.907907;-0.425407;0.232011;-0.148413;0.862075;-0.425407;0.232011;-0.148413;0.862075;-0.310513;-0.103401;0.436053;0.838300;-0.217382;0.611162;-0.260904;0.714951;0.635999;-0.285724;0.600000;-0.392258;-0.443551;0.549637;-0.485496;0.515223;0.681916;-0.048019;0.727951;-0.052651;0.558830;0.532904;0.559782;0.300610;0.202381;0.771596;0.044096;0.601447;0.232050;0.740774;0.337264;0.532597;-0.212008;0.766595;-0.280959;0.537071;0.809712;0.029961;0.577947;-0.097195;0.809712;0.029961;0.577947;-0.097195;0.641280;0.429856;0.387484;0.503825;0.097195;0.577947;-0.029961;0.809712;0.641280;0.429856;0.387484;0.503825;0.809712;0.029961;0.577947;-0.097195
7100222;1;0.496059;-0.212000;0.808364;-0.235644;0.529704;-0.066911;0.833018;-0.144972;0.531708;0.144158;0.808117;-0.208451;0.546712;0.208500;0.793954;-0.165140;0.970145;-0.019868;0.070006;-0.231352;0.878522;0.175778;-0.391926;0.209034;0.459282;-0.160142;-0.398571;0.777532;0.507917;-0.242417;-0.708371;0.425986;0.616658;-0.005673;-0.748681;0.243263;0.616658;-0.005673;-0.748681;0.243263;0.464096;0.390095;-0.316892;0.729397;0.019264;0.895656;-0.404069;-0.184818;0.217931;0.698079;-0.604123;-0.316588;-0.291682;-0.520263;0.762630;0.250287;-0.118885;0.481245;-0.547542;0.674142;-0.234847;0.378172;-0.623206;0.642999;-0.234847;0.378172;-0.623206;0.642999;-0.177257;0.248049;0.005118;0.952379;-0.220670;0.609549;-0.263209;0.714476;0.635382;-0.287226;0.598647;-0.394225;-0.441280;0.551957;-0.483539;0.516532;0.681230;-0.051059;0.728201;-0.055163;0.555502;0.533674;0.558344;0.307996;0.202788;0.770554;0.052595;0.601962;0.230658;0.736063;0.351396;0.530594;-0.211508;0.773188;-0.267611;0.534629;0.780694;0.004440;0.606131;-0.151995;0.780694;0.004440;0.606131;-0.151995;0.659511;0.431739;0.425459;0.444557;0.151995;0.606131;-0.004440;0.780694;0.659511;0.431739;0.425459;0.444557;0.780694;0.004440;0.606131;-0.151995
7133555;1;0.454225;-0.273958;0.809132;-0.252847;0.498970;-0.087801;0.849729;-0.145880;0.540665;0.207953;0.796714;-0.172289;0.552740;0.271174;0.777472;-0.128376;0.959084;0.080176;0.141292;-0.231876;0.884626;0.170585;-0.376459;0.215909;0.453233;-0.155210;-0.383054;0.789784;0.561779;-0.133543;-0.747357;0.328675;0.598370;-0.039336;-0.758175;0.256080;0.598370;-0.039336;-0.758175;0.256080;0.490777;0.358049;-0.379946;0.697553;-0.043793;0.891889;-0.433947;-0.119612;0.248876;0.682223;-0.614349;-0.308556;-0.295885;-0.572845;0.717428;0.263814;-0.036114;0.459409;-0.566397;0.683252;-0.154893;0.353423;-0.637930;0.666443;-0.154893;0.353423;-0.637930;0.666443;-0.081479;0.253030;-0.025553;0.963683;-0.205414;0.619946;-0.259840;0.711305;0.626163;-0.290643;0.606157;-0.394993;-0.437468;0.551771;-0.495332;0.508741;0.673080;-0.042599;0.736482;-0.052371;0.545509;0.510977;0.598617;0.288062;0.187958;0.783927;0.069662;0.587603;0.249135;0.744477;0.335647;0.520602;-0.191453;0.768108;-0.284835;0.540578;0.813339;-0.035190;0.554783;-0.171630;0.813339;-0.035190;0.554783;-0.171630;0.696478;0.367408;0.417174;0.453757;0.171630;0.554783;0.035190;0.813339;0.696478;0.367408;0.417174;0.453757;0.813339;-0.035190;0.554783;-0.171630
7166866;1;0.484775;-0.239199;0.812086;-0.219757;0.521058;-0.056131;0.844719;-0.108618;0.535747;0.166812;0.806152;-0.187797;0.549081;0.230923;0.790178;-0.144229;0.974337;0.015337;0.074832;-0.211737;0.880080;0.157068;-0.394718;0.212101;0.441860;-0.183130;-0.383322;0.790119;0.550077;-0.201835;-0.748096;0.311498;0.603499;-0.039115;-0.773857;0.188163;0.603499;-0.039115;-0.773857;0.188163;0.488661;0.383020;-0.406743;0.670124;-0.006010;0.886981;-0.428021;-0.173282;0.237225;0.715655;-0.575591;-0.316634;-0.291921;-0.596258;0.698529;0.267048;-0.052205;-0.469599;0.707880;-0.525030;0.040208;-0.338878;0.778961;-0.526085;0.040208;-0.338878;0.778961;-0.526085;0.095371;0.296132;-0.274163;0.909970;-0.209706;0.620087;-0.258848;0.710291;0.628462;-0.291770;0.605334;-0.391759;-0.433439;0.557527;-0.484433;0.516351;0.675566;-0.054411;0.732793;-0.060542;0.545329;0.511928;0.593602;0.296955;0.183495;0.780884;0.067905;0.593244;0.219777;0.736520;0.367233;0.523810;-0.214392;0.784593;-0.256673;0.522082;0.801571;0.011901;0.580620;-0.142209;0.801571;0.011901;0.580620;-0.142209;0.667353;0.418975;0.402145;0.466239;0.142209;0.580620;-0.011901;0.801571;0.667353;0.418975;0.402145;0.466239;0.801571;0.011901;0.580620;-0.142209
7200222;1;0.507528;-0.213956;0.809063;-0.205072;0.538287;-0.047836;0.835507;-0.099433;0.537143;0.143006;0.808021;-0.195267;0.551072;0.207344;0.793950;-0.151562;0.973549;-0.022916;0.022080;-0.226251;0.872820;0.173049;-0.398030;0.223186;0.439478;-0.169316;-0.399632;0.786438;0.554655;-0.186154;-0.774859;0.239371;0.577207;-0.101628;-0.790399;0.178249;0.577207;-0.101628;-0.790399;0.178249;0.505607;0.319020;-0.465565;0.652562;0.008322;0.886295;-0.402581;-0.228781;0.306568;0.709382;-0.517646;-0.367200;0.358659;0.622773;-0.619140;-0.316517;0.015347;-0.456859;0.768973;-0.446907;0.030609;-0.430316;0.784135;-0.446121;0.030609;-0.430316;0.784135;-0.446121;0.030192;0.315037;-0.345805;0.883323;-0.211221;0.621482;-0.260277;0.708097;0.630383;-0.288340;0.609010;-0.385466;-0.448982;0.542912;-0.498850;0.504788;0.678440;-0.033773;0.732704;-0.041501;0.540522;0.520932;0.579097;0.317982;0.177958;0.775977;0.067426;0.601369;0.198154;0.734987;0.366248;0.535155;-0.237730;0.782768;-0.256156;0.514921;0.772813;-0.013156;0.626475;-0.100582;0.772813;-0.013156;0.626475;-0.100582;0.617583;0.433682;0.452287;0.475339;0.100582;0.626475;0.013156;0.772813;0.617583;0.433682;0.452287;0.475339;0.772813;-0.013156;0.626475;-0.100582
7233555;1;0.510096;-0.213717;0.807638;-0.204566;0.540741;-0.047548;0.834083;-0.098204;0.541326;0.142140;0.805706;-0.193910;0.555133;0.206294;0.791712;-0.149875;0.973739;-0.022499;0.016815;-0.225928;0.871065;0.175125;-0.398237;0.228000;0.434237;-0.168313;-0.401164;0.788782;0.552920;-0.178972;-0.776729;0.242775;0.577669;-0.086227;-0.792404;0.175951;0.577669;-0.086227;-0.792404;0.175951;0.508255;0.319123;-0.460572;0.653996;0.006938;0.888672;-0.399749;-0.224533;0.314304;0.714780;-0.510837;-0.359649;0.356865;0.645188;-0.596320;-0.317462;0.026142;-0.540433;0.733479;-0.411410;0.096415;-0.406422;0.815402;-0.400806;0.096415;-0.406422;0.815402;-0.400806;-0.053484;0.366219;-0.349920;0.860569;-0.210726;0.621925;-0.260569;0.707748;0.631951;-0.285023;0.611145;-0.381971;-0.444773;0.547983;-0.494025;0.507771;0.677559;-0.040800;0.732860;-0.046544;0.538942;0.521465;0.575992;0.325344;0.170550;0.774377;0.063224;0.606017;0.195561;0.730335;0.368968;0.540583;-0.243363;0.781392;-0.250915;0.516956;0.746420;-0.002570;0.662965;-0.057689;0.746420;-0.002570;0.662965;-0.057689;0.568591;0.466970;0.470604;0.487006;0.057689;0.662965;0.002570;0.746420;0.568591;0.466970;0.470604;0.487006;0.746420;-0.002570;0.662965;-0.057689
7266888;1;0.521964;-0.215584;0.800580;-0.200373;0.549515;-0.067885;0.826315;-0.103097;0.544838;0.127713;0.808513;-0.182064;0.557684;0.192139;0.795667;-0.137785;0.972124;-0.027662;-0.010879;-0.232575;0.867035;0.178852;-0.404083;0.230172;0.421200;-0.174464;-0.405997;0.792035;0.560281;-0.128451;-0.745714;0.336893;0.598388;-0.033112;-0.755971;0.263332;0.598388;-0.033112;-0.755971;0.263332;0.485385;0.331679;-0.375618;0.716451;0.003384;0.900029;-0.362549;-0.241856;0.316115;0.723392;-0.512543;-0.337751;0.349196;0.666802;-0.584270;-0.303424;0.611585;-0.478962;0.433789;-0.456494;0.664665;-0.419917;0.491169;-0.375024;0.664665;-0.419917;0.491169;-0.375024;-0.494850;0.007848;-0.181785;0.849715;-0.211342;0.614544;-0.248853;0.718152;0.648925;-0.272431;0.604503;-0.373168;-0.451264;0.546980;-0.476059;0.520136;0.690802;-0.052774;0.719333;-0.050673;0.551900;0.515826;0.564134;0.333290;0.168796;0.762660;0.051359;0.622270;0.202886;0.712076;0.381844;0.553155;-0.246887;0.777578;-0.228894;0.531063;0.716284;-0.040512;0.693119;-0.069872;0.716284;-0.040512;0.693119;-0.069872;0.555896;0.461463;0.518756;0.457082;0.069872;0.693119;0.040512;0.716284;0.555896;0.461463;0.518756;0.457082;0.716284;-0.040512;0.693119;-0.069872
7300222;1;0.527472;-0.217408;0.796159;-0.201589;0.555255;-0.069649;0.822365;-0.102744;0.545019;0.123074;0.807876;-0.187465;0.558297;0.187464;0.795405;-0.143154;0.972035;-0.036615;-0.019717;-0.231124;0.865248;0.171863;-0.404545;0.241147;0.417261;-0.176875;-0.402378;0.795424;0.566149;-0.134674;-0.742019;0.332784;0.598030;-0.055830;-0.752072;0.271350;0.598030;-0.055830;-0.752072;0.271350;0.478912;0.349453;-0.382068;0.708908;0.010009;0.897958;-0.364330;-0.246647;0.315610;0.726904;-0.507758;-0.337910;0.346384;0.675192;-0.574738;-0.306285;0.687397;-0.514154;0.397748;-0.323927;0.645364;-0.556668;0.335675;-0.401184;0.645364;-0.556668;0.335675;-0.401184;0.572209;-0.054946;0.312184;-0.756372;-0.210763;0.608937;-0.249419;0.722886;0.653789;-0.264760;0.602466;-0.373491;-0.448251;0.555589;-0.472797;0.516580;0.686180;-0.061178;0.723112;-0.050226;0.556034;0.511705;0.559520;0.340473;0.164447;0.756679;0.048022;0.630942;0.204256;0.701391;0.390001;0.560562;-0.251052;0.775773;-0.215553;0.537296;0.701213;-0.031488;0.708954;-0.068505;0.701213;-0.031488;0.708954;-0.068505;0.544273;0.479041;0.523572;0.447392;0.068505;0.708954;0.031488;0.701213;0.544273;0.479041;0.523572;0.447392;0.701213;-0.031488;0.708954;-0.068505
7333555;1;0.525908;-0.215315;0.795064;-0.211977;0.555697;-0.067066;0.820968;-0.112754;0.540594;0.118972;0.809103;-0.197374;0.554681;0.183473;0.796956;-0.153386;0.971622;-0.048092;-0.018807;-0.230835;0.865409;0.180913;-0.397029;0.246386;0.421754;-0.161037;-0.405498;0.794835;0.571783;-0.117331;-0.740040;0.334123;0.595010;-0.062067;-0.746709;0.290752;0.595010;-0.062067;-0.746709;0.290752;0.467998;0.326827;-0.382290;0.726647;0.020401;0.895006;-0.370008;-0.248278;0.317842;0.730212;-0.497093;-0.344478;0.352967;0.672664;-0.572568;-0.308389;0.646275;-0.526333;0.398793;-0.382448;0.635086;-0.537511;0.383595;-0.400753;0.635086;-0.537511;0.383595;-0.400753;0.549859;-0.054433;0.247979;-0.795738;-0.221515;0.601057;-0.252863;0.725067;0.656877;-0.266565;0.595147;-0.378491;-0.443563;0.563269;-0.462145;0.521921;0.686608;-0.074174;0.720965;-0.057246;0.555461;0.511953;0.556648;0.345701;0.162043;0.754746;0.047727;0.633894;0.202723;0.698949;0.390267;0.563973;-0.254531;0.774234;-0.213624;0.538646;0.728038;-0.021935;0.682938;-0.055462;0.728038;-0.021935;0.682938;-0.055462;0.554018;0.467399;0.498420;0.475583;0.055462;0.682938;0.021935;0.728038;0.554018;0.467399;0.498420;0.475583;0.728038;-0.021935;0.682938;-0.055462
7366866;1;0.527272;-0.216783;0.795357;-0.205903;0.555788;-0.069584;0.821429;-0.107296;0.539379;0.121625;0.811751;-0.187985;0.552717;0.186330;0.799383;-0.144125;0.972289;-0.040860;-0.025118;-0.228808;0.865964;0.186234;-0.396419;0.241403;0.421897;-0.158887;-0.408149;0.793834;0.551665;-0.165626;-0.785877;0.225012;0.565041;-0.114545;-0.794930;0.188928;0.565041;-0.114545;-0.794930;0.188928;0.486834;0.292871;-0.484210;0.665402;0.012439;0.895637;-0.364357;-0.254800;0.312451;0.733275;-0.488844;-0.354562;0.363119;0.649654;-0.595492;-0.302464;0.755091;-0.133703;0.159990;-0.621582;0.789443;-0.124323;0.167383;-0.577327;0.789443;-0.124323;0.167383;-0.577327;-0.478279;-0.441265;0.016820;0.759112;-0.227242;0.598105;-0.249925;0.726752;0.662207;-0.266424;0.590981;-0.375822;-0.448865;0.554985;-0.453895;0.533377;0.698376;-0.074136;0.709208;-0.061636;0.558423;0.509665;0.556301;0.344868;0.163552;0.752945;0.047630;0.635654;0.204981;0.696097;0.393424;0.564490;-0.253267;0.774445;-0.209381;0.540602;0.735358;-0.039920;0.673175;-0.067013;0.735358;-0.039920;0.673175;-0.067013;0.567362;0.447778;0.504234;0.472591;0.067013;0.673175;0.039920;0.735358;0.567362;0.447778;0.504234;0.472591;0.735358;-0.039920;0.673175;-0.067013
7400222;1;0.508386;-0.230038;0.800258;-0.219575;0.539808;-0.080889;0.828726;-0.123603;0.547218;0.136074;0.805789;-0.180941;0.559966;0.200254;0.792282;-0.136475;0.974123;-0.019093;-0.001815;-0.225202;0.867552;0.178971;-0.400390;0.234544;0.428510;-0.166489;-0.405740;0.789959;0.534880;-0.185574;-0.790225;0.234541;0.552219;-0.120541;-0.802722;0.190159;0.552219;-0.120541;-0.802722;0.190159;0.476872;0.279330;-0.485218;0.677592;-0.002733;0.898388;-0.371021;-0.235019;0.308917;0.729344;-0.493389;-0.359437;0.370524;0.624547;-0.620739;-0.295527;0.574817;-0.295103;0.349794;-0.678339;0.684578;-0.229390;0.396008;-0.567372;0.684578;-0.229390;0.396008;-0.567372;-0.419186;-0.212838;-0.089431;0.878058;-0.219823;0.599925;-0.251885;0.726857;0.657503;-0.265408;0.594107;-0.379849;-0.442330;0.564051;-0.460740;0.523362;0.686746;-0.075729;0.720520;-0.059128;0.551376;0.510040;0.568882;0.334988;0.159327;0.762442;0.049122;0.625207;0.213070;0.708531;0.377134;0.557095;-0.242436;0.771804;-0.229766;0.541065;0.728975;-0.028891;0.678472;-0.086236;0.728975;-0.028891;0.678472;-0.086236;0.576441;0.459324;0.500181;0.454485;0.086236;0.678472;0.028891;0.728975;0.576441;0.459324;0.500181;0.454485;0.728975;-0.028891;0.678472;-0.086236
7433555;1;0.516467;-0.216732;0.798030;-0.222345;0.547777;-0.071348;0.823853;-0.126946;0.543223;0.131046;0.806378;-0.193625;0.557001;0.195290;0.793272;-0.149439;0.972525;-0.038775;-0.023284;-0.228361;0.864377;0.191527;-0.401714;0.234086;0.432661;-0.155603;-0.416946;0.784059;0.521721;-0.220810;-0.788595;0.239101;0.545866;-0.128156;-0.808835;0.177179;0.545866;-0.128156;-0.808835;0.177179;0.481115;0.269990;-0.485560;0.678134;0.006003;0.898682;-0.365115;-0.242951;0.279166;0.753015;-0.474461;-0.360446;-0.367734;-0.592992;0.663706;0.269494;0.243620;-0.550382;0.597625;-0.529692;0.332661;-0.437156;0.684814;-0.478812;0.332661;-0.437156;0.684814;-0.478812;-0.171652;0.217903;-0.278397;0.919537;-0.222197;0.600184;-0.252522;0.725700;0.657341;-0.266894;0.593973;-0.379299;-0.454870;0.550397;-0.471670;0.517381;0.691415;-0.058266;0.718624;-0.046146;0.555861;0.516219;0.558318;0.335881;0.168173;0.759050;0.044831;0.627336;0.204236;0.712777;0.369092;0.560364;-0.251061;0.769131;-0.238416;0.537181;0.719546;-0.055200;0.689432;-0.062370;0.719546;-0.055200;0.689432;-0.062370;0.552898;0.448470;0.526534;0.464693;0.062370;0.689432;0.055200;0.719546;0.552898;0.448470;0.526534;0.464693;0.719546;-0.055200;0.689432;-0.062370
7466888;1;0.518568;-0.212884;0.798461;-0.219608;0.548468;-0.073304;0.823095;-0.127761;0.539023;0.116749;0.810646;-0.196662;0.553058;0.181381;0.798673;-0.152803;0.974526;-0.047926;-0.011939;-0.218767;0.864971;0.203897;-0.394815;0.233178;0.441880;-0.137644;-0.422501;0.779288;0.522438;-0.199717;-0.782125;0.274687;0.547874;-0.118377;-0.798494;0.219609;0.547874;-0.118377;-0.798494;0.219609;0.472916;0.245124;-0.454959;0.713637;0.019544;0.897126;-0.360725;-0.254283;0.248382;0.764947;-0.493232;-0.331489;-0.333604;-0.589705;0.693303;0.245535;-0.390542;0.235640;-0.197188;0.867795;0.535472;-0.197768;0.235154;-0.786677;0.535472;-0.197768;0.235154;-0.786677;-0.243292;-0.265323;0.123431;0.924758;-0.223393;0.598535;-0.253277;0.726431;0.656482;-0.268645;0.591837;-0.382871;-0.454057;0.551541;-0.472136;0.516452;0.690190;-0.058748;0.719767;-0.046057;0.558091;0.518227;0.555865;0.333151;0.172377;0.758750;0.042523;0.626719;0.204324;0.715132;0.365399;0.559751;-0.250592;0.768200;-0.242700;0.536814;0.716010;0.021026;0.695513;-0.056114;0.716010;0.021026;0.695513;-0.056114;0.545975;0.506670;0.476934;0.466617;0.056114;0.695513;-0.021026;0.716010;0.545975;0.506670;0.476934;0.466617;0.716010;0.021026;0.695513;-0.056114
7500200;1;0.514286;-0.210122;0.797952;-0.233733;0.546282;-0.072860;0.821931;-0.143865;0.538654;0.121390;0.809228;-0.200665;0.553011;0.185894;0.796887;-0.156822;0.975305;-0.047326;-0.006310;-0.215640;0.870106;0.198176;-0.398819;0.211154;0.449896;-0.150652;-0.419087;0.774121;0.525627;-0.168312;-0.736371;0.391338;0.592480;-0.019788;-0.755102;0.279995;0.592480;-0.019788;-0.755102;0.279995;0.429533;0.264492;-0.354873;0.787153;0.019138;0.898741;-0.364951;-0.242300;0.215078;0.763192;-0.517998;-0.320869;-0.303632;-0.565992;0.728312;0.238795;-0.204804;0.408836;-0.459256;0.761572;-0.334004;0.322828;-0.523302;0.714408;-0.334004;0.322828;-0.523302;0.714408;-0.106655;0.020652;-0.066628;0.991846;-0.224674;0.598888;-0.254283;0.725393;0.656924;-0.267907;0.592959;-0.380890;-0.461900;0.543972;-0.479533;0.510677;0.691683;-0.048111;0.719673;-0.036492;0.562455;0.518670;0.556833;0.323362;0.178879;0.759963;0.038743;0.623665;0.206804;0.722398;0.352312;0.557898;-0.247610;0.764145;-0.257125;0.537268;0.726606;0.023407;0.685443;-0.040788;0.726606;0.023407;0.685443;-0.040788;0.542629;0.501233;0.468130;0.484947;0.040788;0.685443;-0.023407;0.726606;0.542629;0.501233;0.468130;0.484947;0.726606;0.023407;0.685443;-0.040788
7533555;1;0.510894;-0.211918;0.796954;-0.242781;0.545114;-0.071270;0.821563;-0.151015;0.538084;0.124568;0.808531;-0.203041;0.552634;0.189005;0.795938;-0.159237;0.974285;-0.047993;-0.008075;-0.220003;0.873484;0.208633;-0.388650;0.206030;0.459703;-0.134025;-0.420255;0.770777;0.505397;-0.168232;-0.724827;0.436918;0.588128;-0.007024;-0.744061;0.316906;0.588128;-0.007024;-0.744061;0.316906;0.413862;0.246241;-0.314170;0.818157;0.016687;0.896574;-0.365505;-0.249566;0.201978;0.751819;-0.540375;-0.319325;-0.295308;-0.533737;0.756546;0.235704;-0.152874;0.428123;-0.458124;0.763848;-0.285136;0.340657;-0.526421;0.724935;-0.285136;0.340657;-0.526421;0.724935;-0.113840;0.081235;-0.003231;0.990167;-0.221855;0.598859;-0.251511;0.727249;0.656417;-0.269291;0.591118;-0.383638;-0.457763;0.547171;-0.475176;0.515039;0.691818;-0.053486;0.718835;-0.042473;0.569815;0.517201;0.555882;0.314342;0.186845;0.758457;0.034702;0.623400;0.215896;0.723114;0.348461;0.555941;-0.239796;0.761972;-0.260409;0.542295;0.728237;-0.004826;0.682320;-0.063923;0.728237;-0.004826;0.682320;-0.063923;0.560142;0.479061;0.485886;0.469741;0.063923;0.682320;0.004826;0.728237;0.560142;0.479061;0.485886;0.469741;0.728237;-0.004826;0.682320;-0.063923
7566877;1;0.528187;-0.192677;0.782752;-0.266822;0.564794;-0.061698;0.803752;-0.176587;0.528019;0.094949;0.809039;-0.240077;0.545571;0.159523;0.798819;-0.196960;0.971912;-0.097087;-0.005362;-0.214318;0.864137;0.213948;-0.396210;0.224746;0.488308;-0.108165;-0.437100;0.747529;-0.413087;0.306737;0.846896;-0.134309;-0.425392;0.211344;0.875588;-0.087874;-0.425392;0.211344;0.875588;-0.087874;0.449034;0.172568;-0.594676;0.644166;0.060210;0.893494;-0.363384;-0.256897;0.186255;0.756045;-0.531000;-0.334282;-0.291137;-0.523407;0.761321;0.248344;-0.382029;0.249091;-0.067915;0.887353;-0.475180;0.240350;-0.094291;0.841157;-0.475180;0.240350;-0.094291;0.841157;-0.281766;-0.196344;0.430670;0.834614;-0.227806;0.584753;-0.251751;0.736743;0.665501;-0.261358;0.580564;-0.389546;-0.478937;0.530208;-0.487644;0.501700;0.697419;-0.032527;0.715694;-0.018204;0.586832;0.519974;0.532891;0.318250;0.208587;0.743883;0.030768;0.634179;0.222095;0.721592;0.331248;0.565910;-0.242480;0.748837;-0.271542;0.553816;0.708596;0.125916;0.694252;0.007076;0.708596;0.125916;0.694252;0.007076;0.496050;0.579947;0.401874;0.506057;-0.007076;0.694252;-0.125916;0.708596;0.496050;0.579947;0.401874;0.506057;0.708596;0.125916;0.694252;0.007076
7600222;1;0.521737;-0.197348;0.786396;-0.265377;0.555061;-0.079685;0.806855;-0.185854;0.526795;0.098734;0.813737;-0.224878;0.543132;0.163672;0.803199;-0.181909;0.971983;-0.086586;-0.020364;-0.217569;0.863525;0.215577;-0.393498;0.230242;0.507136;-0.091608;-0.439229;0.735866;-0.427323;0.276643;0.854384;-0.104360;-0.428827;0.263913;0.858402;-0.097997;-0.428827;0.263913;0.858402;-0.097997;0.436416;0.135731;-0.618395;0.639301;0.048917;0.897378;-0.355156;-0.257261;0.155142;0.752417;-0.555054;-0.318926;-0.257148;-0.509933;0.783699;0.244250;-0.446420;0.262494;-0.032231;0.854849;-0.267686;0.263664;0.020562;0.926500;-0.267686;0.263664;0.020562;0.926500;-0.240700;-0.269354;0.421948;0.831548;-0.228003;0.582600;-0.257325;0.736461;0.665674;-0.255682;0.583364;-0.388834;-0.474858;0.537287;-0.490990;0.494733;0.689658;-0.035179;0.723101;-0.016122;0.591434;0.520067;0.533037;0.309204;0.218137;0.744050;0.030803;0.630759;0.229236;0.721327;0.339162;0.558666;-0.232275;0.754222;-0.265797;0.553670;0.741806;0.052610;0.668350;-0.016253;0.741806;0.052610;0.668350;-0.016253;0.536029;0.509796;0.435395;0.513043;0.016253;0.668350;-0.052610;0.741806;0.536029;0.509796;0.435395;0.513043;0.741806;0.052610;0.668350;-0.016253
7633555;1;0.524132;-0.183725;0.781302;-0.284777;0.561755;-0.061136;0.800281;-0.200609;0.521950;0.094406;0.813911;-0.237074;0.539281;0.159372;0.803719;-0.194453;0.972552;-0.100108;-0.017536;-0.209318;0.863274;0.218093;-0.390438;0.233991;0.508495;-0.085337;-0.439003;0.735817;-0.419081;0.292800;0.857213;-0.061851;-0.418189;0.304583;0.853097;-0.067619;-0.418189;0.304583;0.853097;-0.067619;-0.431924;-0.107509;0.649945;-0.615999;0.057632;0.893434;-0.355674;-0.268235;0.178766;0.728421;-0.558761;-0.353882;-0.287969;-0.496372;0.772286;0.272514;-0.471918;0.250347;-0.035952;0.844587;-0.206935;0.250025;0.038133;0.945099;-0.206935;0.250025;0.038133;0.945099;-0.337051;-0.220107;0.482003;0.778218;-0.228361;0.586104;-0.254667;0.734492;0.666624;-0.257001;0.585124;-0.383657;-0.478817;0.531452;-0.488630;0.499533;0.695816;-0.032706;0.717280;-0.016751;0.604123;0.512685;0.537658;0.288293;0.235343;0.742209;0.031671;0.626686;0.244507;0.723673;0.335953;0.551044;-0.216088;0.753659;-0.269821;0.559017;0.770797;0.066723;0.633572;0.002566;0.770797;0.066723;0.633572;0.002566;0.543222;0.495183;0.400823;0.546850;-0.002566;0.633572;-0.066723;0.770797;0.543222;0.495183;0.400823;0.546850;0.770797;0.066723;0.633572;0.002566
7666888;1;0.516623;-0.185528;0.782822;-0.293035;0.555845;-0.061775;0.802132;-0.209296;0.522836;0.101032;0.811087;-0.242017;0.540560;0.165750;0.800373;-0.199310;0.973355;-0.100440;-0.016665;-0.205459;0.859655;0.234971;-0.375460;0.254582;0.517181;-0.048105;-0.440304;0.732354;-0.421696;0.252951;0.860299;-0.134440;-0.413348;0.301576;0.844482;-0.158257;-0.413348;0.301576;0.844482;-0.158257;0.401309;0.098357;-0.602009;0.683273;0.057853;0.881943;-0.377004;-0.276942;0.184769;0.715814;-0.563983;-0.367959;-0.291043;-0.502311;0.760362;0.291252;0.515230;-0.193245;-0.073551;-0.831736;-0.260270;0.164727;0.124973;0.943136;-0.260270;0.164727;0.124973;0.943136;-0.401697;-0.270561;0.557422;0.674327;-0.229160;0.579333;-0.256840;0.738845;0.667830;-0.254057;0.580599;-0.390336;-0.478420;0.533184;-0.491059;0.495672;0.692829;-0.032209;0.720240;-0.014294;0.609824;0.512805;0.535737;0.279520;0.249238;0.740770;0.034604;0.622851;0.261835;0.726564;0.325042;0.545798;-0.200149;0.748078;-0.279697;0.567528;0.795763;0.117035;0.593781;0.022097;0.795763;0.117035;0.593781;0.022097;0.547065;0.502623;0.337110;0.578314;-0.022097;0.593781;-0.117035;0.795763;0.547065;0.502623;0.337110;0.578314;0.795763;0.117035;0.593781;0.022097
7700222;1;0.514698;-0.193440;0.782347;-0.292575;0.554446;-0.067454;0.803079;-0.207615;0.522661;0.105541;0.812970;-0.234022;0.539745;0.170396;0.801888;-0.191355;0.974005;-0.094046;-0.025798;-0.204461;0.863622;0.229825;-0.369765;0.254186;0.507982;-0.055964;-0.431757;0.743242;-0.366518;0.308550;0.864192;0.153733;-0.377332;0.374612;0.837673;0.124858;-0.377332;0.374612;0.837673;0.124858;-0.335030;-0.166510;0.802988;-0.463939;0.050667;0.880428;-0.378223;-0.281471;0.205570;0.717016;-0.551896;-0.372880;-0.299233;-0.539891;0.726099;0.302916;0.573416;-0.140658;-0.256798;-0.765156;0.616924;-0.155348;-0.248187;-0.730530;0.616924;-0.155348;-0.248187;-0.730530;0.529173;0.315325;-0.629967;-0.472956;-0.233924;0.575331;-0.255837;0.740825;0.673331;-0.250815;0.577578;-0.387453;-0.483991;0.529518;-0.486981;0.498209;0.698539;-0.032471;0.714731;-0.012166;0.614327;0.508221;0.536195;0.277143;0.254552;0.737738;0.038584;0.624065;0.270045;0.723376;0.326872;0.544938;-0.193695;0.747135;-0.276191;0.572705;0.763074;0.051576;0.643773;-0.024789;0.763074;0.051576;0.643773;-0.024789;0.557103;0.491686;0.418747;0.522046;0.024789;0.643773;-0.051576;0.763074;0.557103;0.491686;0.418747;0.522046;0.763074;0.051576;0.643773;-0.024789
7733555;1;0.514666;-0.197930;0.781913;-0.290783;0.554517;-0.070444;0.803494;-0.204807;0.523781;0.095389;0.811075;-0.242306;0.541525;0.160125;0.800813;-0.199522;0.975151;-0.101784;-0.009640;-0.196541;0.861901;0.230540;-0.367352;0.262736;0.503976;-0.052308;-0.430535;0.746935;-0.396086;0.288156;0.871668;0.016665;-0.395833;0.371401;0.839583;-0.021858;-0.395833;0.371401;0.839583;-0.021858;-0.408723;-0.127942;0.710658;-0.558159;0.063328;0.874253;-0.383229;-0.291216;0.267756;0.698866;-0.519446;-0.412394;-0.364084;-0.543263;0.680517;0.330461;-0.462187;-0.351826;0.647472;0.493337;-0.493622;-0.308495;0.669203;0.461882;-0.493622;-0.308495;0.669203;0.461882;-0.242584;-0.565744;0.786464;-0.050604;-0.221318;0.588868;-0.253233;0.734932;0.666134;-0.253323;0.588870;-0.381215;-0.478965;0.531962;-0.493612;0.493919;0.691986;-0.029534;0.721195;-0.012682;0.612439;0.501407;0.547828;0.270915;0.253109;0.741157;0.046488;0.620050;0.278183;0.722401;0.331729;0.539173;-0.183833;0.749873;-0.272113;0.574326;0.751620;0.142286;0.643238;0.032651;0.751620;0.142286;0.643238;0.032651;0.508389;0.555449;0.354227;0.554563;-0.032651;0.643238;-0.142286;0.751620;0.508389;0.555449;0.354227;0.554563;0.751620;0.142286;0.643238;0.032651
7766866;1;0.513341;-0.216933;0.769962;-0.310774;0.562205;-0.069866;0.796881;-0.209822;0.524689;0.105156;0.811255;-0.235603;0.541893;0.169874;0.800210;-0.192768;0.978469;-0.087177;0.003252;-0.187053;0.856336;0.243040;-0.356642;0.283596;0.501060;-0.027560;-0.430700;0.750118;-0.468632;0.241479;0.821402;-0.217646;-0.468522;0.241894;0.821280;-0.217883;-0.468522;0.241894;0.821280;-0.217883;0.412004;0.101446;-0.522487;0.739573;0.053626;0.872375;-0.389729;-0.290167;0.297991;0.699233;-0.505912;-0.407833;-0.376901;-0.577572;0.641314;0.336262;-0.377157;-0.551395;0.664919;0.334064;-0.407763;-0.484346;0.715236;0.295932;-0.407763;-0.484346;0.715236;0.295932;0.053917;0.732742;-0.650788;0.191461;-0.220821;0.582434;-0.248234;0.741882;0.673144;-0.248170;0.582502;-0.382073;-0.479144;0.536661;-0.485077;0.497108;0.694345;-0.038895;0.718438;-0.014764;0.625164;0.480910;0.554393;0.265600;0.255863;0.731910;0.053663;0.629255;0.299051;0.709490;0.332012;0.544941;-0.173024;0.741017;-0.262883;0.593169;0.773603;0.206799;0.558753;0.215798;0.773603;0.206799;0.558753;0.215798;0.394427;0.541327;0.248869;0.699612;-0.215798;0.558753;-0.206799;0.773603;0.394427;0.541327;0.248869;0.699612;0.773603;0.206799;0.558753;0.215798
7800222;1;0.513152;-0.217930;0.771005;-0.307789;0.561428;-0.070790;0.798079;-0.207021;0.526168;0.097337;0.811118;-0.236138;0.543410;0.162070;0.800700;-0.193182;0.979266;-0.094221;-0.005150;-0.179257;0.858332;0.228490;-0.360518;0.284755;0.495310;-0.045141;-0.424433;0.756629;-0.475441;0.218836;0.832945;-0.179638;-0.464272;0.266580;0.818915;-0.206799;-0.464272;0.266580;0.818915;-0.206799;0.424154;0.132096;-0.553345;0.704594;0.061450;0.878608;-0.385861;-0.274558;0.295668;0.711192;-0.506795;-0.387228;-0.356644;-0.615712;0.619301;0.331920;0.400624;0.605998;-0.549518;-0.412670;-0.442263;-0.544080;0.610885;0.367694;-0.442263;-0.544080;0.610885;0.367694;-0.122351;0.706674;-0.696868;0.004146;-0.220308;0.584279;-0.245532;0.741482;0.671976;-0.252165;0.581489;-0.383056;-0.468307;0.545739;-0.471893;0.510074;0.695779;-0.054722;0.715475;-0.031512;0.626695;0.472375;0.563053;0.259010;0.257233;0.732409;0.060723;0.627472;0.298282;0.704224;0.355290;0.537462;-0.168185;0.753636;-0.242676;0.587243;0.793246;0.109795;0.586094;0.123288;0.793246;0.109795;0.586094;0.123288;0.473732;0.492067;0.336794;0.648088;-0.123288;0.586094;-0.109795;0.793246;0.473732;0.492067;0.336794;0.648088;0.793246;0.109795;0.586094;0.123288
7833555;1;0.516427;-0.216734;0.769884;-0.305957;0.564380;-0.069529;0.796781;-0.204404;0.529983;0.096140;0.809903;-0.232231;0.546900;0.160779;0.799585;-0.188982;0.978410;-0.090482;-0.005951;-0.185721;0.858804;0.227657;-0.361990;0.282118;0.482737;-0.054859;-0.424093;0.764265;-0.470018;0.209007;0.836972;-0.186755;-0.459237;0.253941;0.824451;-0.211887;-0.459237;0.253941;0.824451;-0.211887;0.438544;0.151856;-0.545990;0.697506;0.058684;0.883541;-0.378979;-0.268862;0.302917;0.722378;-0.494753;-0.376338;0.353614;0.644216;-0.592955;-0.329160;0.316160;0.726402;-0.491315;-0.361930;0.344986;0.683318;-0.549660;-0.334567;0.344986;0.683318;-0.549660;-0.334567;0.038966;0.812065;-0.560045;0.159316;-0.223969;0.579651;-0.245674;0.743967;0.677101;-0.247569;0.578885;-0.380967;-0.464842;0.552297;-0.461908;0.515298;0.696989;-0.066446;0.713006;-0.037593;0.629849;0.467141;0.564361;0.258005;0.256871;0.729986;0.061543;0.630358;0.302681;0.696977;0.367771;0.536052;-0.163987;0.757293;-0.228735;0.589318;0.797781;0.076218;0.586624;0.116654;0.797781;0.076218;0.586624;0.116654;0.481630;0.468700;0.360912;0.646603;-0.116654;0.586624;-0.076218;0.797781;0.481630;0.468700;0.360912;0.646603;0.797781;0.076218;0.586624;0.116654
7866888;1;0.502088;-0.258850;0.778785;-0.272760;0.546321;-0.098716;0.814718;-0.167404;0.525806;0.099361;0.817080;-0.214559;0.541319;0.164565;0.806480;-0.171701;0.980040;-0.066945;0.025502;-0.185442;0.864037;0.221384;-0.351738;0.284093;0.472470;-0.060118;-0.411238;0.777201;-0.436762;0.221853;0.871790;0.001310;-0.431957;0.350888;0.828320;-0.064624;-0.431957;0.350888;0.828320;-0.064624;-0.456423;-0.141617;0.683061;-0.552314;0.054263;0.883732;-0.388611;-0.255060;0.322374;0.720349;-0.500827;-0.355451;0.349852;0.677846;-0.557005;-0.328441;0.635669;0.559635;-0.198032;-0.493475;0.711789;0.516677;-0.292322;-0.375431;0.711789;0.516677;-0.292322;-0.375431;0.258551;0.826192;-0.479596;-0.143337;-0.213319;0.589642;-0.242696;0.740213;0.674318;-0.245241;0.588630;-0.372380;-0.462501;0.552848;-0.464914;0.514108;0.694504;-0.064722;0.715541;-0.038409;0.614594;0.455532;0.585950;0.267259;0.230387;0.738439;0.074135;0.629392;0.288818;0.689990;0.392096;0.535498;-0.173310;0.769403;-0.206490;0.579089;0.800624;0.048962;0.596269;0.032665;0.800624;0.048962;0.596269;0.032665;0.543029;0.456248;0.387005;0.589224;-0.032665;0.596269;-0.048962;0.800624;0.543029;0.456248;0.387005;0.589224;0.800624;0.048962;0.596269;0.032665
7900211;1;0.528570;-0.241777;0.770781;-0.260874;0.568094;-0.093045;0.802435;-0.157196;0.526577;0.076532;0.817859;-0.219012;0.542445;0.141872;0.809087;-0.176079;0.977459;-0.093534;-0.016287;-0.188576;0.863499;0.198909;-0.361452;0.290100;0.457924;-0.088781;-0.402902;0.787460;-0.460352;0.256267;0.849876;-0.010694;-0.460342;0.257070;0.849633;-0.011130;-0.460342;0.257070;0.849633;-0.011130;-0.450136;-0.201994;0.675236;-0.548300;0.063684;0.875430;-0.358772;-0.317567;0.347850;0.721501;-0.463201;-0.379318;0.386476;0.667740;-0.537812;-0.339880;0.606155;0.590066;-0.281956;-0.452658;0.659453;0.548792;-0.355675;-0.370734;0.659453;0.548792;-0.355675;-0.370734;0.131344;0.846011;-0.496607;-0.142815;-0.211432;0.585237;-0.234595;0.746833;0.681766;-0.241497;0.582465;-0.370956;-0.462299;0.556655;-0.452682;0.521051;0.699221;-0.076073;0.709520;-0.043413;0.616096;0.451321;0.579349;0.284764;0.214046;0.731267;0.067291;0.644131;0.279325;0.675364;0.403797;0.550281;-0.190350;0.767281;-0.187782;0.582911;0.772311;0.049115;0.632745;0.027495;0.772311;0.049115;0.632745;0.027495;0.526665;0.482148;0.412689;0.565549;-0.027495;0.632745;-0.049115;0.772311;0.526665;0.482148;0.412689;0.565549;0.772311;0.049115;0.632745;0.027495
7933555;1;0.513863;-0.261484;0.776641;-0.253769;0.554360;-0.100177;0.813333;-0.145395;0.514626;0.090956;0.829501;-0.197017;0.528768;0.157184;0.819535;-0.155112;0.980607;-0.067463;-0.000486;-0.184006;0.865919;0.217860;-0.344301;0.290136;0.445518;-0.070421;-0.401307;0.797187;0.502054;-0.182202;-0.826981;0.175635;0.504872;-0.168589;-0.829863;0.167362;0.504872;-0.168589;-0.829863;0.167362;0.441826;0.217121;-0.550187;0.674494;0.043828;0.883210;-0.351411;-0.307456;0.341379;0.727810;-0.460274;-0.376698;0.388664;0.659760;-0.553422;-0.327690;0.484619;0.629626;-0.449131;-0.408654;0.548222;0.542063;-0.551647;-0.318286;0.548222;0.542063;-0.551647;-0.318286;0.067756;0.777865;-0.624193;0.026811;-0.217783;0.590105;-0.240816;0.739158;0.679078;-0.243122;0.589200;-0.364126;-0.469471;0.546054;-0.461633;0.517993;0.702147;-0.062203;0.708382;-0.036267;0.599695;0.449702;0.593845;0.292373;0.197769;0.740671;0.078966;0.637227;0.258817;0.681075;0.409381;0.549143;-0.204109;0.775177;-0.187759;0.567615;0.770508;-0.048205;0.634910;-0.029717;0.770508;-0.048205;0.634910;-0.029717;0.565844;0.414863;0.483035;0.523819;0.029717;0.634910;0.048205;0.770508;0.565844;0.414863;0.483035;0.523819;0.770508;-0.048205;0.634910;-0.029717
7966877;1;0.509825;-0.265419;0.777979;-0.253731;0.550561;-0.102843;0.815550;-0.145548;0.509945;0.089034;0.832707;-0.196539;0.524064;0.155525;0.822886;-0.155012;0.982317;-0.066587;0.011832;-0.174585;0.870076;0.211002;-0.339881;0.287970;0.444569;-0.075216;-0.392916;0.801448;0.502700;-0.189321;-0.819044;0.201537;0.517112;-0.123704;-0.831488;0.160994;0.517112;-0.123704;-0.831488;0.160994;0.427958;0.259524;-0.534298;0.681193;0.045298;0.880735;-0.349106;-0.316826;0.334570;0.724945;-0.460477;-0.387916;0.397893;0.632094;-0.581414;-0.322641;0.409482;0.612975;-0.555613;-0.384552;0.334020;0.702544;-0.436894;-0.451649;0.334020;0.702544;-0.436894;-0.451649;0.154466;0.715594;-0.662441;0.158861;-0.207362;0.602998;-0.236109;0.733244;0.670947;-0.249965;0.597430;-0.361145;-0.464211;0.546987;-0.465612;0.518188;0.698572;-0.060083;0.711883;-0.040124;0.593789;0.444936;0.605995;0.286734;0.189700;0.747369;0.081125;0.631564;0.252713;0.685030;0.411109;0.545765;-0.206074;0.779162;-0.189307;0.560894;0.779159;-0.048886;0.623675;-0.039387;0.779159;-0.048886;0.623675;-0.039387;0.578799;0.406437;0.475572;0.523098;0.039387;0.623675;0.048886;0.779159;0.578799;0.406437;0.475572;0.523098;0.779159;-0.048886;0.623675;-0.039387
8000222;1;0.507164;-0.273664;0.777599;-0.251460;0.546508;-0.116528;0.816072;-0.147568;0.525565;0.070368;0.828782;-0.178747;0.538206;0.136604;0.820470;-0.136025;0.988971;-0.057719;0.015456;-0.135521;0.870775;0.205006;-0.349413;0.278630;0.444457;-0.089537;-0.395095;0.798963;-0.432497;0.173687;0.695905;-0.546348;0.618044;0.125953;-0.706107;0.321825;0.618044;0.125953;-0.706107;0.321825;0.343031;0.349382;-0.224885;0.842430;0.049690;0.895877;-0.332155;-0.290876;0.287645;0.746160;-0.484683;-0.354385;0.349933;0.640066;-0.618051;-0.293044;0.604153;0.295807;-0.422965;-0.607123;0.606385;0.294247;-0.424052;-0.604893;0.606385;0.294247;-0.424052;-0.604893;0.164814;0.678883;-0.670227;-0.250498;-0.193793;0.606128;-0.237995;0.733766;0.663550;-0.248071;0.602116;-0.368263;-0.475337;0.535289;-0.497345;0.490069;0.686727;-0.029262;0.726218;-0.012509;0.582469;0.448797;0.615163;0.284406;0.190777;0.755736;0.093008;0.619530;0.242930;0.703953;0.390451;0.541280;-0.210025;0.777990;-0.217277;0.550828;0.779444;-0.010843;0.626245;-0.012893;0.779444;-0.010843;0.626245;-0.012893;0.560267;0.435155;0.450489;0.542034;0.012893;0.626245;0.010843;0.779444;0.560267;0.435155;0.450489;0.542034;0.779444;-0.010843;0.626245;-0.012893
8033555;1;0.501809;-0.278016;0.779413;-0.251815;0.541061;-0.121894;0.818486;-0.149922;0.532455;0.066632;0.823932;-0.182176;0.545349;0.132491;0.815935;-0.138890;0.989939;-0.061414;0.013491;-0.126756;0.869747;0.215303;-0.333290;0.293433;0.429051;-0.073176;-0.389978;0.811467;-0.461050;0.149917;0.707343;-0.514416;0.605640;0.093327;-0.717007;0.332252;0.605640;0.093327;-0.717007;0.332252;0.347730;0.331863;-0.256849;0.838439;0.053295;0.897623;-0.332268;-0.284658;0.283402;0.743386;-0.486094;-0.361626;-0.354106;-0.622399;0.633664;0.292744;0.617321;0.047583;-0.244869;-0.746116;0.534447;0.073362;-0.238417;-0.807553;0.534447;0.073362;-0.238417;-0.807553;-0.144053;-0.575202;0.625838;0.506674;-0.193042;0.611099;-0.237725;0.729918;0.661775;-0.249181;0.606559;-0.363384;-0.469683;0.540523;-0.492704;0.494445;0.685802;-0.036286;0.726620;-0.019559;0.576842;0.448132;0.621153;0.283903;0.184654;0.760065;0.094324;0.615879;0.243719;0.704896;0.392326;0.538333;-0.207385;0.779972;-0.216626;0.549280;0.737082;0.033721;0.674188;-0.032313;0.737082;0.033721;0.674188;-0.032313;0.544044;0.500567;0.452879;0.498347;0.032313;0.674188;-0.033721;0.737082;0.544044;0.500567;0.452879;0.498347;0.737082;0.033721;0.674188;-0.032313
8066888;1;0.497063;-0.269058;0.777395;-0.276030;0.542397;-0.107331;0.815607;-0.170501;0.531925;0.053265;0.819011;-0.208421;0.546926;0.118772;0.812102;-0.165093;0.990003;-0.093128;0.004552;-0.105830;0.866338;0.235406;-0.314887;0.308039;0.425358;-0.041705;-0.390935;0.815169;-0.465659;0.119732;0.684312;-0.548219;0.600307;0.076270;-0.690508;0.396248;0.600307;0.076270;-0.690508;0.396248;0.352545;0.295030;-0.209862;0.862918;0.080681;0.889772;-0.348278;-0.283723;0.250815;0.743524;-0.507655;-0.355738;-0.330469;-0.596152;0.674644;0.283282;-0.478809;0.268648;-0.169336;0.818471;-0.444402;0.275449;-0.158032;0.837652;-0.444402;0.275449;-0.158032;0.837652;-0.363870;-0.176052;0.363245;0.839439;-0.192562;0.616858;-0.244964;0.722771;0.657609;-0.245597;0.616647;-0.356340;-0.473449;0.532040;-0.505521;0.487060;0.683287;-0.021191;0.729748;-0.011751;0.576122;0.452654;0.621708;0.276888;0.188462;0.763674;0.090337;0.610838;0.241742;0.714727;0.378557;0.536116;-0.207326;0.777237;-0.233325;0.546331;0.733888;0.156766;0.660525;0.023233;0.733888;0.156766;0.660525;0.023233;0.502509;0.577912;0.356211;0.535365;-0.023233;0.660525;-0.156766;0.733888;0.502509;0.577912;0.356211;0.535365;0.733888;0.156766;0.660525;0.023233
8100211;1;0.492650;-0.272853;0.775561;-0.285225;0.540398;-0.109255;0.814866;-0.178962;0.538109;0.049352;0.812243;-0.219691;0.553994;0.114329;0.805669;-0.175831;0.990505;-0.101420;0.011538;-0.092094;0.871664;0.238020;-0.301243;0.304632;0.426310;-0.032973;-0.382510;0.819060;-0.474146;0.143189;0.722438;-0.482457;0.583151;0.049296;-0.734840;0.342804;0.583151;0.049296;-0.734840;0.342804;0.369054;0.289494;-0.283003;0.836601;0.090676;0.878035;-0.362808;-0.298670;0.247090;0.726200;-0.523071;-0.371452;-0.338936;-0.556240;0.701118;0.290091;-0.447208;0.270412;-0.111031;0.845313;-0.476209;0.266406;-0.120327;0.829322;-0.476209;0.266406;-0.120327;0.829322;-0.318804;-0.215784;0.350350;0.853848;-0.184576;0.617372;-0.241593;0.725546;0.659524;-0.239159;0.618360;-0.354206;-0.470892;0.527820;-0.500515;0.499151;0.689957;-0.021783;0.723184;-0.022128;0.580669;0.451812;0.621055;0.270149;0.191239;0.763373;0.083941;0.611263;0.262772;0.713902;0.367323;0.535134;-0.191747;0.768824;-0.240812;0.560493;0.816221;0.181396;0.548000;0.023981;0.816221;0.181396;0.548000;0.023981;0.560198;0.515760;0.259228;0.594113;-0.023981;0.548000;-0.181396;0.816221;0.560198;0.515760;0.259228;0.594113;0.816221;0.181396;0.548000;0.023981
8133555;1;0.501294;-0.264255;0.767374;-0.300020;0.550107;-0.109818;0.804135;-0.196695;0.547067;0.038644;0.806113;-0.222272;0.563130;0.103164;0.800418;-0.177685;0.990083;-0.104382;0.022647;-0.091249;0.870549;0.230551;-0.302787;0.311947;0.435793;-0.032397;-0.379189;0.815629;-0.482867;0.107871;0.734136;-0.465025;0.564424;0.037658;-0.741062;0.361710;0.564424;0.037658;-0.741062;0.361710;0.359895;0.278414;-0.299504;0.838605;0.098484;0.890324;-0.354461;-0.268293;0.237372;0.717641;-0.538066;-0.373003;-0.331548;-0.540167;0.716061;0.292493;-0.490644;0.219951;-0.066579;0.840510;-0.453566;0.222643;-0.056935;0.861084;-0.453566;0.222643;-0.056935;0.861084;-0.282941;-0.260168;0.458448;0.801300;-0.180614;0.609448;-0.236058;0.735002;0.662257;-0.240485;0.607757;-0.366352;-0.471688;0.522690;-0.494712;0.509477;0.697755;-0.022272;0.715407;-0.028889;0.593740;0.451542;0.610830;0.265461;0.211372;0.754582;0.086893;0.615124;0.282015;0.710202;0.359825;0.535357;-0.178258;0.760998;-0.243607;0.574249;0.824198;0.187713;0.533422;0.030351;0.824198;0.187713;0.533422;0.030351;0.561335;0.509920;0.244453;0.604258;-0.030351;0.533422;-0.187713;0.824198;0.561335;0.509920;0.244453;0.604258;0.824198;0.187713;0.533422;0.030351
8166888;1;0.494028;-0.271454;0.767873;-0.304336;0.542594;-0.121628;0.805309;-0.205611;0.551293;0.032980;0.803416;-0.222510;0.567362;0.097302;0.798184;-0.177584;0.990069;-0.109275;0.014071;-0.087313;0.869074;0.222883;-0.307016;0.317449;0.434414;-0.039347;-0.377343;0.816914;-0.495317;0.090614;0.742730;-0.441364;0.550365;0.010481;-0.748164;0.370458;0.550365;0.010481;-0.748164;0.370458;0.365734;0.274089;-0.319165;0.830209;0.102555;0.893942;-0.351613;-0.258299;0.204522;0.727606;-0.551977;-0.352253;-0.299911;-0.530843;0.743165;0.275617;-0.476626;0.292438;-0.121182;0.820136;-0.350691;0.307092;-0.076809;0.881369;-0.350691;0.307092;-0.076809;0.881369;-0.248105;-0.230606;0.364218;0.867531;-0.178930;0.611501;-0.239142;0.732708;0.661408;-0.236291;0.612651;-0.362444;-0.479062;0.519090;-0.509166;0.491727;0.690520;-0.009431;0.723165;-0.011172;0.589072;0.455181;0.612968;0.264716;0.213207;0.757980;0.091254;0.609658;0.279878;0.715638;0.356003;0.531783;-0.177297;0.762142;-0.250155;0.570200;0.830560;0.225573;0.506889;0.048486;0.830560;0.225573;0.506889;0.048486;0.553010;0.517929;0.198921;0.621579;-0.048486;0.506889;-0.225573;0.830560;0.553010;0.517929;0.198921;0.621579;0.830560;0.225573;0.506889;0.048486
8200222;1;0.490357;-0.252507;0.762454;-0.338310;0.546026;-0.101965;0.796680;-0.238243;0.557133;0.030494;0.799452;-0.222597;0.573190;0.094507;0.794432;-0.177202;0.989451;-0.099495;0.050746;-0.092261;0.871432;0.235665;-0.295471;0.312675;0.455610;-0.014553;-0.377663;0.805964;-0.478395;0.107295;0.743308;-0.455103;0.546804;0.016566;-0.750829;0.370117;0.546804;0.016566;-0.750829;0.370117;0.351390;0.258387;-0.313155;0.843620;0.094959;0.908264;-0.319542;-0.252848;0.188906;0.709410;-0.593157;-0.330480;-0.273811;-0.515161;0.767924;0.264443;-0.455476;0.403663;-0.292001;0.737789;-0.194891;0.475972;-0.147169;0.844872;-0.194891;0.475972;-0.147169;0.844872;-0.250824;-0.082540;0.182966;0.946994;-0.168035;0.608552;-0.232931;0.739711;0.658621;-0.239851;0.605901;-0.376263;0.496105;-0.490275;0.526478;-0.486139;0.698626;0.023302;0.715093;0.004620;0.536201;0.455400;0.675765;0.220095;0.167855;0.811548;0.073301;0.554835;0.270645;0.757082;0.343205;0.485580;-0.151541;0.782324;-0.288582;0.530778;0.847533;0.347807;0.383641;0.116350;0.847533;0.347807;0.383641;0.116350;0.517025;0.517212;0.025338;0.681569;-0.116350;0.383641;-0.347807;0.847533;0.517025;0.517212;0.025338;0.681569;0.847533;0.347807;0.383641;0.116350
8233533;1;0.484181;-0.256849;0.758138;-0.353304;0.546081;-0.096762;0.794596;-0.247083;0.546972;0.035317;0.803466;-0.232414;0.563848;0.099636;0.798047;-0.187802;0.988427;-0.105722;0.053286;-0.094844;0.872743;0.234453;-0.287314;0.317493;0.455612;-0.009156;-0.370721;0.809259;-0.474257;0.140366;0.785191;-0.372630;0.515442;-0.045392;-0.796346;0.313197;0.515442;-0.045392;-0.796346;0.313197;0.390277;0.229185;-0.390467;0.801682;0.099229;0.901046;-0.331797;-0.261116;0.198444;0.700911;-0.597130;-0.335827;-0.286283;-0.500616;0.772802;0.264956;-0.468830;0.414583;-0.362471;0.690604;-0.126012;0.530215;-0.148784;0.825140;-0.126012;0.530215;-0.148784;0.825140;-0.254507;-0.025768;0.295022;0.920611;-0.164000;0.610892;-0.231114;0.739257;0.659577;-0.236268;0.608961;-0.371890;0.494210;-0.495760;0.527323;-0.481570;0.694086;0.020017;0.719584;0.006543;0.537487;0.443610;0.687202;0.205113;0.167527;0.814841;0.070731;0.550423;0.272437;0.759979;0.342188;0.480746;-0.146880;0.783652;-0.291371;0.528601;0.838811;0.349245;0.397914;0.126839;0.838811;0.349245;0.397914;0.126839;0.503441;0.528321;0.034414;0.682818;-0.126839;0.397914;-0.349245;0.838811;0.503441;0.528321;0.034414;0.682818;0.838811;0.349245;0.397914;0.126839
8266888;1;0.468228;-0.273663;0.747799;-0.382973;0.524065;-0.148955;0.782244;-0.302096;0.548145;0.045998;0.801850;-0.233364;0.565094;0.110153;0.795578;-0.188654;0.988176;-0.082915;0.100594;-0.080705;0.877528;0.222618;-0.281326;0.318184;0.462493;-0.012605;-0.358530;0.810800;-0.491676;0.055404;0.762092;-0.417613;0.520913;0.000503;-0.764104;0.380520;0.520913;0.000503;-0.764104;0.380520;0.341319;0.288873;-0.348788;0.823651;0.094906;0.908807;-0.339697;-0.222866;0.201525;0.692761;-0.619711;-0.308916;-0.272169;-0.516413;0.772837;0.248929;0.598364;-0.372743;0.195616;-0.681732;-0.211479;0.420954;0.000743;0.882085;-0.211479;0.420954;0.000743;0.882085;-0.359522;-0.158306;0.486828;0.780181;-0.142786;0.616893;-0.209682;0.745043;0.668663;-0.225618;0.611289;-0.358207;0.528582;-0.458602;0.548226;-0.457967;0.701769;0.061342;0.708182;0.047280;0.542776;0.413682;0.710362;0.172182;0.181487;0.817552;0.085328;0.539806;0.294581;0.766789;0.319648;0.472315;-0.125343;0.772672;-0.312296;0.538274;0.839434;0.384235;0.356509;0.143579;0.839434;0.384235;0.356509;0.143579;0.492044;0.523786;-0.019605;0.695095;-0.143579;0.356509;-0.384235;0.839434;0.492044;0.523786;-0.019605;0.695095;0.839434;0.384235;0.356509;0.143579
8300222;1;0.472047;-0.272559;0.747533;-0.379577;0.528185;-0.145536;0.782248;-0.296525;0.548972;0.049726;0.803148;-0.226075;0.565334;0.113973;0.796574;-0.181323;0.989065;-0.075582;0.098232;-0.079922;0.876263;0.218495;-0.287217;0.319264;0.463050;-0.018574;-0.360401;0.809537;-0.497954;0.044198;0.765206;-0.405646;0.511523;-0.018028;-0.766269;0.388396;0.511523;-0.018028;-0.766269;0.388396;0.364308;0.270666;-0.351021;0.819026;0.086946;0.910133;-0.335789;-0.226592;0.193929;0.696955;-0.614150;-0.315382;-0.265989;-0.523161;0.767612;0.257534;0.598369;-0.367753;0.160086;-0.693602;-0.221231;0.400427;0.022982;0.888925;-0.221231;0.400427;0.022982;0.888925;-0.365644;-0.155738;0.540810;0.741333;-0.146116;0.617175;-0.211191;0.743736;0.669869;-0.224410;0.612538;-0.354562;0.526897;-0.459199;0.542909;-0.465582;0.705922;0.057134;0.704807;0.040715;0.546257;0.404583;0.715869;0.159524;0.195703;0.816270;0.098893;0.534438;0.310711;0.759921;0.337265;0.460685;-0.105599;0.780221;-0.295067;0.541332;0.812390;0.401414;0.381284;0.183062;0.812390;0.401414;0.381284;0.183062;0.445002;0.553451;-0.014235;0.703891;-0.183062;0.381284;-0.401414;0.812390;0.445002;0.553451;-0.014235;0.703891;0.812390;0.401414;0.381284;0.183062
8333555;1;0.444890;-0.294203;0.746881;-0.397098;0.513328;-0.144101;0.789697;-0.303494;0.545861;0.048908;0.801128;-0.240497;0.563389;0.112996;0.794625;-0.195948;0.986875;-0.081169;0.114722;-0.079544;0.884588;0.209376;-0.272047;0.315684;0.453744;-0.023281;-0.342500;0.822356;-0.462871;0.134082;0.800128;-0.357166;0.518770;0.009624;-0.811228;0.269620;0.518770;0.009624;-0.811228;0.269620;0.382057;0.326897;-0.402821;0.764792;0.100022;0.897811;-0.360425;-0.232432;0.231703;0.688513;-0.608392;-0.319566;-0.290406;-0.554377;0.732706;0.267345;0.685415;-0.097096;-0.230162;-0.683962;-0.413099;0.013360;0.249447;0.875755;-0.413099;0.013360;0.249447;0.875755;0.510165;0.370659;-0.658120;-0.411366;-0.139673;0.636141;-0.206725;0.730124;0.663205;-0.225259;0.629860;-0.335699;0.527401;-0.454535;0.553516;-0.457019;0.700268;0.067954;0.709077;0.047083;0.529740;0.384529;0.745741;0.124031;0.201523;0.831568;0.111375;0.505449;0.321928;0.770285;0.342376;0.431047;-0.076787;0.791102;-0.298906;0.528125;0.827214;0.380345;0.373488;0.177656;0.827214;0.380345;0.373488;0.177656;0.459307;0.533040;-0.004849;0.710550;-0.177656;0.373488;-0.380345;0.827214;0.459307;0.533040;-0.004849;0.710550;0.827214;0.380345;0.373488;0.177656
8366888;1;0.437747;-0.306346;0.743115;-0.402878;0.514048;-0.139625;0.791563;-0.299479;0.541286;0.052925;0.802651;-0.244868;0.559179;0.117122;0.795822;-0.200672;0.986873;-0.087380;0.103335;-0.088136;0.883634;0.199167;-0.270182;0.326383;0.443835;-0.030544;-0.334265;0.830870;-0.451989;0.130216;0.790832;-0.391580;0.530727;0.057460;-0.799419;0.275603;0.530727;0.057460;-0.799419;0.275603;0.353994;0.351643;-0.375274;0.781156;0.102580;0.885219;-0.378605;-0.250048;0.241291;0.694380;-0.591516;-0.331245;-0.293857;-0.584286;0.700475;0.285644;0.711249;-0.179292;-0.196463;-0.650678;-0.340340;0.071130;0.256289;0.901901;-0.340340;0.071130;0.256289;0.901901;-0.178829;-0.584511;0.596140;0.520561;-0.124724;0.653814;-0.189406;0.721870;0.662010;-0.221591;0.643663;-0.313589;0.547691;-0.427988;0.576016;-0.430193;0.695739;0.102833;0.706356;0.080218;0.524869;0.363692;0.763980;0.092606;0.212135;0.837862;0.117629;0.489029;0.315270;0.782080;0.337252;0.418589;-0.072811;0.795788;-0.310875;0.514564;0.824502;0.383581;0.376293;0.177387;0.824502;0.383581;0.376293;0.177387;0.457579;0.537312;-0.005153;0.708442;-0.177387;0.376293;-0.383581;0.824502;0.457579;0.537312;-0.005153;0.708442;0.824502;0.383581;0.376293;0.177387
8400222;1;0.419925;-0.311105;0.743902;-0.416516;0.489082;-0.169657;0.788285;-0.332599;0.547310;0.048552;0.799058;-0.244132;0.565125;0.112475;0.792591;-0.199455;0.986517;-0.083818;0.114342;-0.081755;0.885113;0.192876;-0.262478;0.332386;0.439995;-0.030503;-0.324292;0.836845;-0.457398;0.193031;0.731022;-0.468116;0.581193;0.046122;-0.754670;0.300933;0.581193;0.046122;-0.754670;0.300933;0.368604;0.349866;-0.304649;0.805552;0.101359;0.896176;-0.361631;-0.236260;0.253872;0.706291;-0.587976;-0.301638;-0.291354;-0.622785;0.675798;0.265611;0.677551;-0.188979;0.000434;-0.710782;-0.346353;0.174157;0.073367;0.918872;-0.346353;0.174157;0.073367;0.918872;-0.428280;-0.353976;0.499082;0.664977;-0.123589;0.664394;-0.191510;0.711780;0.660463;-0.209906;0.658857;-0.292637;0.566686;-0.405847;0.613115;-0.371813;0.668128;0.144995;0.717227;0.134782;0.514258;0.348375;0.781322;0.060912;0.224265;0.846296;0.124581;0.466870;0.316083;0.799707;0.308347;0.406796;-0.064122;0.787902;-0.343862;0.506811;0.830449;0.379157;0.369148;0.174139;0.830449;0.379157;0.369148;0.174139;0.464081;0.529132;-0.007077;0.710351;-0.174139;0.369148;-0.379157;0.830449;0.464081;0.529132;-0.007077;0.710351;0.830449;0.379157;0.369148;0.174139
8433533;1;0.418335;-0.314080;0.742999;-0.417495;0.488161;-0.171652;0.788181;-0.333174;0.548025;0.047865;0.798966;-0.242963;0.565745;0.111783;0.792554;-0.198233;0.987386;-0.083019;0.113258;-0.073134;0.885792;0.189600;-0.267602;0.328349;0.440672;-0.037339;-0.325829;0.835613;-0.417217;0.246257;0.708133;-0.513648;0.515046;-0.093374;-0.743893;0.415491;0.515046;-0.093374;-0.743893;0.415491;0.354436;0.373751;-0.265038;0.815132;0.101412;0.897037;-0.361086;-0.233788;0.266044;0.712783;-0.579102;-0.292921;-0.297682;-0.642170;0.656533;0.260706;0.756798;-0.233953;0.192551;-0.579177;-0.472432;0.290372;-0.086567;0.827646;-0.472432;0.290372;-0.086567;0.827646;-0.434978;-0.359729;0.051989;0.823824;-0.120828;0.665569;-0.183676;0.713219;0.661280;-0.214499;0.656328;-0.293140;0.581981;-0.376680;0.615939;-0.374206;0.680559;0.167728;0.698603;0.143737;0.513875;0.338679;0.787202;0.039256;0.241227;0.846394;0.133846;0.455534;0.325277;0.804344;0.294761;0.400426;-0.053184;0.781639;-0.356838;0.508801;0.830239;0.394391;0.365944;0.145753;0.830239;0.394391;0.365944;0.145753;0.484004;0.537638;-0.020115;0.690131;-0.145753;0.365944;-0.394391;0.830239;0.484004;0.537638;-0.020115;0.690131;0.830239;0.394391;0.365944;0.145753
8466888;1;0.418609;-0.300613;0.741917;-0.428904;0.485873;-0.169122;0.782436;-0.350883;0.548790;0.042108;0.792721;-0.262011;0.568034;0.105543;0.786791;-0.217158;0.985694;-0.100668;0.112468;-0.074996;0.888247;0.175302;-0.267269;0.329929;0.439824;-0.048378;-0.315948;0.839280;0.506720;-0.021315;-0.393479;0.766782;0.577345;0.016202;-0.393723;0.715117;0.577345;0.016202;-0.393723;0.715117;0.122720;0.321133;0.089545;0.934770;0.119152;0.900304;-0.367880;-0.199798;0.249983;0.723533;-0.579811;-0.278976;0.272320;0.672803;-0.637979;-0.257218;0.700059;-0.459319;0.336174;-0.431196;0.660305;-0.486575;0.295350;-0.489909;0.660305;-0.486575;0.295350;-0.489909;0.580327;0.083968;0.040793;-0.809015;-0.121688;0.672139;-0.174767;0.709139;0.660908;-0.219702;0.658865;-0.284302;0.593996;-0.362134;0.626904;-0.350742;0.672530;0.185917;0.696176;0.168748;0.518103;0.331013;0.788396;0.020787;0.258024;0.843644;0.138948;0.449868;0.327665;0.809597;0.275496;0.401610;-0.052424;0.771816;-0.374219;0.511382;0.842736;0.379545;0.359894;0.127350;0.842736;0.379545;0.359894;0.127350;0.505854;0.522862;-0.013895;0.685955;-0.127350;0.359894;-0.379545;0.842736;0.505854;0.522862;-0.013895;0.685955;0.842736;0.379545;0.359894;0.127350
8500211;1;0.419237;-0.308658;0.733524;-0.436937;0.491490;-0.170590;0.777320;-0.353711;0.553494;0.040553;0.789716;-0.261437;0.572676;0.103752;0.783920;-0.216208;0.985947;-0.100007;0.112126;-0.073048;0.887423;0.175285;-0.265628;0.333463;0.434248;-0.048263;-0.314569;0.842701;0.513416;-0.134948;-0.530713;0.660710;0.561192;-0.095053;-0.539288;0.620642;0.561192;-0.095053;-0.539288;0.620642;0.259112;0.357898;-0.102539;0.891210;0.120146;0.899218;-0.372247;-0.195972;0.244294;0.727165;-0.578483;-0.277324;0.263663;0.683541;-0.629431;-0.258979;0.806617;-0.307454;0.236690;-0.445891;0.759592;-0.328951;0.205770;-0.521986;0.759592;-0.328951;0.205770;-0.521986;0.602619;0.226205;0.245233;-0.724943;-0.116247;0.672891;-0.172707;0.709843;0.662118;-0.213544;0.661111;-0.280945;0.585339;-0.376591;0.620366;-0.361530;0.674025;0.170975;0.701719;0.155077;0.528665;0.323817;0.784576;0.009801;0.270530;0.837330;0.138557;0.454416;0.352396;0.796157;0.291589;0.396141;-0.030892;0.773688;-0.353453;0.524903;0.860455;0.362801;0.340941;0.108410;0.860455;0.362801;0.340941;0.108410;0.531776;0.497621;-0.015457;0.685090;-0.108410;0.340941;-0.362801;0.860455;0.531776;0.497621;-0.015457;0.685090;0.860455;0.362801;0.340941;0.108410
8533555;1;0.433235;-0.305939;0.730912;-0.429508;0.501469;-0.173853;0.773049;-0.347417;0.545797;0.028718;0.796725;-0.257896;0.564721;0.092518;0.791856;-0.213297;0.986458;-0.112259;0.101111;-0.063830;0.883548;0.184333;-0.266509;0.338137;0.431176;-0.041027;-0.321438;0.842070;0.502596;-0.193971;-0.532614;0.652759;0.591487;-0.115126;-0.555021;0.573447;0.591487;-0.115126;-0.555021;0.573447;0.306718;0.360841;-0.114739;0.873243;0.128014;0.894653;-0.366782;-0.220632;0.259278;0.730989;-0.554702;-0.301223;0.289729;0.668114;-0.629018;-0.272061;0.757004;-0.395462;0.275223;-0.441370;0.713167;-0.419115;0.237656;-0.509172;0.713167;-0.419115;0.237656;-0.509172;0.587311;0.135886;0.207606;-0.770389;-0.111502;0.673041;-0.164807;0.712335;0.662664;-0.218058;0.657766;-0.284028;0.604906;-0.342926;0.633492;-0.339380;0.672212;0.204275;0.687315;0.184394;0.535763;0.322599;0.780214;0.012390;0.278280;0.831052;0.148522;0.458098;0.334460;0.801671;0.280034;0.408706;-0.052545;0.769442;-0.365415;0.521219;0.835981;0.381735;0.373811;0.125220;0.835981;0.381735;0.373811;0.125220;0.502584;0.534252;-0.005603;0.679672;-0.125220;0.373811;-0.381735;0.835981;0.502584;0.534252;-0.005603;0.679672;0.835981;0.381735;0.373811;0.125220
8566888;1;0.439101;-0.305766;0.733066;-0.419895;0.517988;-0.143773;0.781158;-0.317505;0.556367;-0.008481;0.785801;-0.270001;0.576227;0.054562;0.783950;-0.224515;0.983411;-0.155394;0.068328;-0.063928;0.877096;0.186005;-0.268959;0.351802;0.416262;-0.041796;-0.324330;0.848404;0.522994;-0.175280;-0.510475;0.659674;0.592419;-0.118033;-0.526665;0.598106;0.592419;-0.118033;-0.526665;0.598106;0.314461;0.353375;-0.087446;0.876695;0.154164;0.891403;-0.340997;-0.255648;0.267769;0.741055;-0.525459;-0.320983;0.314997;0.649012;-0.635652;-0.274786;0.741008;-0.290529;0.221682;-0.563344;0.665854;-0.315657;0.184149;-0.650452;0.665854;-0.315657;0.184149;-0.650452;0.559392;0.288403;-0.066770;-0.774239;-0.106864;0.672808;-0.155377;0.715380;0.665535;-0.219629;0.654702;-0.283181;0.620975;-0.315936;0.635472;-0.332791;0.678867;0.224908;0.669660;0.200278;0.530905;0.325366;0.782400;0.011220;0.270473;0.836308;0.136035;0.457086;0.299302;0.820090;0.256743;0.414673;-0.081881;0.765995;-0.394751;0.500718;0.870195;0.314964;0.359784;0.118798;0.870195;0.314964;0.359784;0.118798;0.531318;0.477119;0.031693;0.699324;-0.118798;0.359784;-0.314964;0.870195;0.531318;0.477119;0.031693;0.699324;0.870195;0.314964;0.359784;0.118798
8600222;1;0.446320;-0.306823;0.745163;-0.389089;0.510077;-0.165040;0.788778;-0.300689;0.567725;-0.022155;0.781850;-0.256726;0.586484;0.040615;0.781108;-0.210371;0.985734;-0.156790;0.049807;-0.035558;0.881100;0.172180;-0.269696;0.348254;0.419587;-0.053314;-0.315499;0.849450;0.523528;-0.258113;-0.617472;0.527280;0.556195;-0.218073;-0.632723;0.492700;0.556195;-0.218073;-0.632723;0.492700;0.394859;0.351149;-0.250401;0.811221;0.161387;0.880484;-0.350857;-0.274958;0.276619;0.738537;-0.506990;-0.347860;-0.338129;-0.627750;0.639066;0.288433;0.728334;-0.276062;0.151964;-0.608462;0.560276;-0.304544;0.080973;-0.766020;0.560276;-0.304544;0.080973;-0.766020;-0.430508;-0.335225;0.107043;0.831161;-0.109905;0.657135;-0.161016;0.728126;0.673928;-0.215566;0.641361;-0.296661;0.624342;-0.318818;0.623324;-0.346437;0.690836;0.214261;0.663005;0.193031;0.518504;0.335754;0.785861;0.029076;0.248064;0.844924;0.127739;0.456344;0.272898;0.830410;0.248021;0.417650;-0.102802;0.767083;-0.408089;0.484231;0.879416;0.308845;0.344225;0.112926;0.879416;0.308845;0.344225;0.112926;0.541990;0.461790;0.025017;0.701692;-0.112926;0.344225;-0.308845;0.879416;0.541990;0.461790;0.025017;0.701692;0.879416;0.308845;0.344225;0.112926
8633533;1;0.451249;-0.313100;0.749748;-0.369081;0.513026;-0.165315;0.795503;-0.276860;0.559870;-0.040238;0.784180;-0.264553;0.579283;0.022777;0.784881;-0.218803;0.982742;-0.176042;0.049997;-0.026966;0.882716;0.175880;-0.255688;0.352849;0.417349;-0.041298;-0.307578;0.854113;0.564802;-0.152161;-0.468624;0.661995;0.583240;-0.138889;-0.472727;0.645810;0.583240;-0.138889;-0.472727;0.645810;0.334798;0.354202;-0.050260;0.871737;0.179459;0.872216;-0.343436;-0.298473;0.269263;0.736431;-0.512692;-0.349734;-0.341326;-0.601533;0.665840;0.279844;0.642348;-0.315768;0.292944;-0.633927;-0.314840;0.409895;-0.132331;0.845784;-0.314840;0.409895;-0.132331;0.845784;-0.346573;-0.212684;-0.053096;0.912049;-0.108569;0.651392;-0.159349;0.733832;0.675494;-0.219211;0.633806;-0.306503;0.631052;-0.310488;0.622436;-0.343431;0.693440;0.219583;0.656489;0.199863;0.506990;0.341235;0.789798;0.052337;0.221266;0.851418;0.123364;0.459250;0.233225;0.841333;0.236997;0.426142;-0.137040;0.766945;-0.423409;0.462321;0.873348;0.293191;0.367390;0.127775;0.873348;0.293191;0.367390;0.127775;0.527200;0.467101;0.052466;0.707901;-0.127775;0.367390;-0.293191;0.873348;0.527200;0.467101;0.052466;0.707901;0.873348;0.293191;0.367390;0.127775
8666888;1;0.460328;-0.324158;0.759661;-0.325476;0.515929;-0.166368;0.809003;-0.227275;0.545180;-0.077478;0.791537;-0.265037;0.564679;-0.013753;0.795201;-0.220464;0.977844;-0.202920;0.047408;-0.019927;0.882063;0.171494;-0.253478;0.358195;0.428461;-0.037670;-0.303714;0.850153;0.575434;-0.052826;-0.330271;0.746328;0.587869;-0.047280;-0.331111;0.736573;0.587869;-0.047280;-0.331111;0.736573;0.223858;0.340072;0.131444;0.903859;0.214013;0.869519;-0.325611;-0.303501;0.250072;0.730135;-0.532827;-0.347075;-0.321010;-0.593321;0.681889;0.282754;0.624378;-0.246178;0.067160;-0.738267;-0.442098;0.254978;-0.010000;0.859904;-0.442098;0.254978;-0.010000;0.859904;-0.358479;-0.355261;0.130651;0.853354;-0.107372;0.647513;-0.157976;0.737727;0.677849;-0.218811;0.629612;-0.310212;0.643324;-0.287858;0.618204;-0.347988;0.705251;0.232686;0.637471;0.205206;0.480821;0.355204;0.796166;0.093596;0.178112;0.862672;0.125559;0.456408;0.169918;0.855200;0.239363;0.427159;-0.182749;0.778197;-0.431228;0.418395;0.892857;0.267092;0.357515;0.060430;0.892857;0.267092;0.357515;0.060430;0.588615;0.441663;0.063938;0.674075;-0.060430;0.357515;-0.267092;0.892857;0.588615;0.441663;0.063938;0.674075;0.892857;0.267092;0.357515;0.060430
8700211;1;0.460419;-0.324837;0.758423;-0.327551;0.515697;-0.169857;0.807387;-0.230938;0.541779;-0.082152;0.790488;-0.273598;0.561975;-0.018496;0.794530;-0.229269;0.975655;-0.212690;0.049438;-0.020395;0.885097;0.165023;-0.244680;0.359866;0.433277;-0.035506;-0.292985;0.851569;0.590635;-0.083080;-0.322379;0.735064;0.596440;-0.080524;-0.323027;0.730363;0.596440;-0.080524;-0.323027;0.730363;0.257329;0.326268;0.136126;0.899333;0.223675;0.862982;-0.332652;-0.307531;0.255812;0.719028;-0.542235;-0.351482;-0.329896;-0.574790;0.693280;0.283105;0.610130;-0.237712;0.067932;-0.752741;-0.470525;0.245885;-0.025731;0.847045;-0.470525;0.245885;-0.025731;0.847045;-0.272302;-0.372852;0.290301;0.838188;-0.105692;0.646913;-0.155966;0.738923;0.679100;-0.217832;0.628833;-0.309743;0.646443;-0.283488;0.618631;-0.345025;0.705359;0.236111;0.634694;0.209487;0.474072;0.359282;0.795641;0.114580;0.154587;0.864976;0.117743;0.462662;0.144113;0.857231;0.233471;0.435748;-0.207152;0.775417;-0.436699;0.406337;0.902697;0.256770;0.344166;0.027531;0.902697;0.256770;0.344166;0.027531;0.618836;0.424926;0.061798;0.657770;-0.027531;0.344166;-0.256770;0.902697;0.618836;0.424926;0.061798;0.657770;0.902697;0.256770;0.344166;0.027531
8733555;1;0.485803;-0.310458;0.758468;-0.303869;0.537573;-0.149217;0.805849;-0.198386;0.505710;-0.151125;0.789025;-0.314417;0.529295;-0.087364;0.798603;-0.272850;0.954699;-0.292454;0.044806;-0.031817;0.886015;0.133288;-0.247832;0.368499;0.422972;-0.063260;-0.274198;0.861341;0.538451;-0.256574;-0.715274;0.364175;-0.474729;0.365494;0.666229;-0.444056;-0.474729;0.365494;0.666229;-0.444056;0.526009;0.206736;-0.349898;0.747092;0.298297;0.842070;-0.304141;-0.330810;0.257786;0.707044;-0.547146;-0.366423;-0.339192;-0.552675;0.702731;0.292692;0.618327;0.078166;-0.411353;-0.665095;0.564771;0.109897;-0.404034;-0.711135;0.564771;0.109897;-0.404034;-0.711135;-0.253972;-0.588816;0.693527;0.328352;-0.098089;0.649299;-0.139575;0.741153;0.684235;-0.218050;0.627364;-0.301151;0.650639;-0.286517;0.615344;-0.340484;0.705134;0.231680;0.634498;0.215691;0.478941;0.379000;0.775917;0.157880;0.123526;0.858146;0.095913;0.489006;0.089443;0.846779;0.255776;0.457761;-0.261331;0.783566;-0.413186;0.383416;0.902129;0.183102;0.390479;0.012796;0.902129;0.183102;0.390479;0.012796;0.628853;0.405583;0.146637;0.646949;-0.012796;0.390479;-0.183102;0.902129;0.628853;0.405583;0.146637;0.646949;0.902129;0.183102;0.390479;0.012796
8766888;1;0.498456;-0.295946;0.756075;-0.303823;0.544614;-0.156496;0.796707;-0.210149;0.508036;-0.159095;0.782255;-0.323522;0.532344;-0.095851;0.792494;-0.281739;0.950839;-0.306589;0.024667;-0.036068;0.883612;0.116763;-0.251797;0.377087;0.421241;-0.076528;-0.266793;0.863436;0.607990;-0.180263;-0.656123;0.409092;0.560594;-0.249612;-0.632997;0.471957;0.560594;-0.249612;-0.632997;0.471957;0.475933;0.252358;-0.293571;0.789696;0.304679;0.844527;-0.295365;-0.326657;0.241522;0.718049;-0.547808;-0.354937;-0.324403;-0.553717;0.713502;0.281204;0.565971;-0.108626;-0.157085;-0.801998;0.539163;-0.103376;-0.160589;-0.820261;0.539163;-0.103376;-0.160589;-0.820261;-0.303777;-0.450470;0.538592;0.643983;-0.100433;0.647439;-0.142280;0.741952;0.685337;-0.216438;0.626606;-0.301385;0.657558;-0.274435;0.620313;-0.327894;0.701141;0.243832;0.629531;0.229431;0.488071;0.401789;0.750425;0.192910;0.108757;0.847471;0.079342;0.513487;0.061070;0.838232;0.244193;0.483743;-0.299784;0.769331;-0.415165;0.381965;0.857749;0.083249;0.505704;-0.040007;0.857749;0.083249;0.505704;-0.040007;0.634809;0.416453;0.298720;0.578231;0.040007;0.505704;-0.083249;0.857749;0.634809;0.416453;0.298720;0.578231;0.857749;0.083249;0.505704;-0.040007
8800222;1;0.501074;-0.305182;0.755724;-0.290982;0.533476;-0.208462;0.787907;-0.226160;0.534569;-0.137777;0.777641;-0.300879;0.556976;-0.074971;0.786185;-0.257041;0.960381;-0.272228;0.028176;-0.052599;0.871508;0.147802;-0.238002;0.402471;0.382728;-0.048046;-0.276011;0.880357;0.547224;-0.291395;-0.685949;0.380931;0.545181;-0.295057;-0.684381;0.383851;0.545181;-0.295057;-0.684381;0.383851;0.484012;0.357874;-0.367535;0.708926;0.273043;0.870799;-0.286556;-0.291619;0.212750;0.726440;-0.566625;-0.325513;-0.291272;-0.550693;0.738591;0.257646;0.527842;-0.367333;0.196152;-0.740253;-0.325619;0.404752;-0.097901;0.848860;-0.325619;0.404752;-0.097901;0.848860;-0.330880;-0.161842;0.305044;0.878222;-0.083501;0.647902;-0.127466;0.746326;0.685179;-0.219497;0.622822;-0.307317;0.678471;-0.234006;0.632249;-0.291855;0.690462;0.281152;0.609566;0.269527;0.483056;0.389129;0.758562;0.199548;0.095614;0.848117;0.086399;0.513897;0.029535;0.848399;0.202352;0.488262;-0.325571;0.746972;-0.451881;0.363099;0.687561;-0.093769;0.704015;-0.151097;0.687561;-0.093769;0.704015;-0.151097;0.593021;0.431509;0.564118;0.379337;0.151097;0.704015;0.093769;0.687561;0.593021;0.431509;0.564118;0.379337;0.687561;-0.093769;0.704015;-0.151097
8833555;1;0.499867;-0.306128;0.754974;-0.293995;0.531671;-0.212855;0.786380;-0.231573;0.531622;-0.145353;0.774693;-0.310001;0.554770;-0.082760;0.783855;-0.266370;0.957126;-0.283148;0.037995;-0.047892;0.873680;0.151074;-0.219748;0.406904;0.379531;-0.034015;-0.264491;0.885914;0.545979;-0.281047;-0.678729;0.402798;0.547880;-0.277831;-0.680052;0.400209;0.547880;-0.277831;-0.680052;0.400209;0.468258;0.356703;-0.352162;0.727653;0.285269;0.867607;-0.290336;-0.285629;0.219204;0.723219;-0.572285;-0.318423;-0.294945;-0.548102;0.741714;0.249902;0.526493;-0.369330;0.238925;-0.727541;-0.317753;0.418984;-0.133948;0.839966;-0.317753;0.418984;-0.133948;0.839966;-0.327673;-0.148232;0.237354;0.902397;-0.080411;0.646176;-0.125194;0.748543;0.685532;-0.220547;0.620192;-0.311073;0.685769;-0.219558;0.617652;-0.316261;0.712724;0.281046;0.588901;0.257358;0.472123;0.409146;0.747717;0.224984;0.077621;0.848638;0.078944;0.517259;0.021708;0.845137;0.202141;0.494380;-0.335423;0.744500;-0.449676;0.361944;0.689461;-0.108509;0.691512;-0.186224;0.689461;-0.108509;0.691512;-0.186224;0.619203;0.412246;0.565701;0.355843;0.186224;0.691512;0.108509;0.689461;0.619203;0.412246;0.565701;0.355843;0.689461;-0.108509;0.691512;-0.186224
8866888;1;0.509972;-0.319864;0.756484;-0.255630;0.533660;-0.239971;0.785490;-0.201558;0.547482;-0.188784;0.758636;-0.298489;0.569655;-0.127339;0.771332;-0.253624;0.950765;-0.294694;0.086514;-0.041432;0.866891;0.158346;-0.226675;0.414782;0.344406;-0.040837;-0.273473;0.897179;0.607732;-0.149686;-0.539668;0.563040;0.614658;-0.142992;-0.541480;0.555471;0.614658;-0.142992;-0.541480;0.555471;0.318133;0.435463;-0.233480;0.809105;0.315941;0.882195;-0.265462;-0.226811;0.208726;0.721607;-0.587790;-0.300365;-0.279490;-0.544451;0.754843;0.235946;0.540724;-0.411147;0.370280;-0.633615;-0.243393;0.524658;-0.175736;0.796625;-0.243393;0.524658;-0.175736;0.796625;-0.353624;-0.054444;0.230611;0.904878;-0.042130;0.635912;-0.100970;0.763967;0.688664;-0.219850;0.605233;-0.333317;0.687759;-0.222717;0.612677;-0.319394;0.716337;0.275294;0.587577;0.256570;0.469418;0.420502;0.734403;0.251949;0.057131;0.843540;0.067457;0.529741;0.014552;0.836682;0.197616;0.510587;-0.351900;0.735348;-0.446838;0.368465;0.607600;-0.194668;0.731284;-0.241144;0.607600;-0.194668;0.731284;-0.241144;0.600152;0.379445;0.654747;0.259124;0.241144;0.731284;0.194668;0.607599;0.600152;0.379445;0.654747;0.259124;0.607600;-0.194668;0.731284;-0.241144
8900200;1;0.509966;-0.319871;0.756485;-0.255633;0.533652;-0.239985;0.785489;-0.201566;0.547472;-0.188812;0.758633;-0.298496;0.569646;-0.127366;0.771331;-0.253632;0.950759;-0.294716;0.086523;-0.041389;0.866880;0.158359;-0.226628;0.414827;0.344369;-0.040795;-0.273447;0.897203;0.607716;-0.149638;-0.539650;0.563088;0.614647;-0.142939;-0.541463;0.555514;0.614647;-0.142939;-0.541463;0.555514;0.318138;0.435498;-0.233405;0.809106;0.315967;0.882189;-0.265448;-0.226813;0.208748;0.721610;-0.587780;-0.300364;-0.279509;-0.544465;0.754827;0.235942;0.540754;-0.411152;0.370288;-0.633582;-0.243440;0.524664;-0.175747;0.796604;-0.243440;0.524664;-0.175747;0.796604;-0.353663;-0.054469;0.230426;0.904909;-0.042124;0.635918;-0.100967;0.763963;0.688657;-0.219856;0.605237;-0.333321;0.687765;-0.222696;0.612674;-0.319401;0.716346;0.275306;0.587561;0.256569;0.469351;0.420466;0.734451;0.251992;0.057057;0.843560;0.067511;0.529710;0.014459;0.836690;0.197671;0.510555;-0.351944;0.735391;-0.446804;0.368377;0.607542;-0.194826;0.731267;-0.241213;0.607542;-0.194826;0.731267;-0.241213;0.600160;0.379321;0.654847;0.259034;0.241213;0.731267;0.194826;0.607542;0.600160;0.379321;0.654847;0.259034;0.607542;-0.194826;0.731267;-0.241213
8933555;1;0.518309;-0.326269;0.760703;-0.215023;0.533425;-0.266286;0.783717;-0.174175;0.556805;-0.198361;0.754407;-0.285466;0.577905;-0.137224;0.767884;-0.239894;0.951066;-0.288792;0.105047;-0.032228;0.856405;0.186482;-0.204005;0.436093;0.322894;-0.004589;-0.276356;0.905177;0.611944;-0.167147;-0.500355;0.589264;0.661701;-0.122201;-0.513186;0.532784;0.661701;-0.122201;-0.513186;0.532784;0.309014;0.482722;-0.238022;0.784115;0.315848;0.893389;-0.255219;-0.192248;0.196661;0.725365;-0.599918;-0.274352;-0.256237;-0.561976;0.755142;0.219742;0.541167;-0.439083;0.365831;-0.616857;-0.266547;0.545078;-0.171804;0.776097;-0.266547;0.545078;-0.171804;0.776097;-0.358345;-0.047129;-0.012060;0.932321;-0.032214;0.623141;-0.105782;0.774253;0.691546;-0.211696;0.595602;-0.349581;0.661581;-0.270805;0.602097;-0.355604;0.723437;0.233474;0.613923;0.212667;0.245042;0.559231;0.664484;0.430902;-0.133703;0.865671;0.070054;0.477316;-0.055989;0.822093;0.274391;0.495720;-0.391134;0.778701;-0.381826;0.307975;0.543192;-0.352338;0.702419;-0.295649;0.543192;-0.352338;0.702419;-0.295649;0.593150;0.247544;0.745826;0.175039;0.295649;0.702419;0.352338;0.543192;0.593150;0.247544;0.745826;0.175039;0.543192;-0.352338;0.702419;-0.295649
8966877;1;0.518258;-0.326363;0.760701;-0.215009;0.533358;-0.266448;0.783700;-0.174211;0.556763;-0.198686;0.754371;-0.285418;0.577858;-0.137550;0.767875;-0.239850;0.951040;-0.288951;0.105049;-0.031555;0.856165;0.186156;-0.203759;0.436819;0.322040;-0.004712;-0.275952;0.905604;0.610370;-0.168370;-0.499167;0.591551;0.658711;-0.125076;-0.511734;0.537200;0.658711;-0.125076;-0.511734;0.537200;0.309419;0.479911;-0.233933;0.786906;0.316044;0.893410;-0.254836;-0.192337;0.196571;0.725599;-0.599461;-0.274795;-0.256145;-0.562689;0.754473;0.220322;0.542114;-0.438743;0.367481;-0.615284;-0.269652;0.545023;-0.174609;0.774435;-0.269652;0.545023;-0.174609;0.774435;-0.365495;-0.046796;0.017155;0.929478;-0.032111;0.623224;-0.105692;0.774202;0.691375;-0.211946;0.595584;-0.349798;0.661137;-0.271334;0.601464;-0.357095;0.724172;0.232645;0.613843;0.211300;0.243440;0.559538;0.664141;0.431938;-0.135999;0.865706;0.068809;0.476783;-0.059714;0.822188;0.273304;0.495728;-0.393789;0.777987;-0.382649;0.305361;0.543052;-0.353343;0.701362;-0.297210;0.543052;-0.353343;0.701362;-0.297210;0.594155;0.246086;0.745789;0.173836;0.297210;0.701362;0.353343;0.543052;0.594155;0.246086;0.745789;0.173836;0.543052;-0.353343;0.701362;-0.297210
9000222;1;0.539469;-0.309098;0.753858;-0.212437;0.551307;-0.263035;0.771139;-0.179490;0.551960;-0.201948;0.751585;-0.299461;0.574197;-0.141026;0.765359;-0.254233;0.947701;-0.300866;0.104135;-0.022325;0.857431;0.169384;-0.193765;0.445618;0.313673;-0.010947;-0.257131;0.913988;0.608286;-0.077133;-0.476452;0.630105;0.630124;-0.060287;-0.478876;0.608266;0.630124;-0.060287;-0.478876;0.608266;0.239489;0.489986;-0.177048;0.819276;0.329009;0.882581;-0.270143;-0.199567;0.205072;0.729653;-0.597090;-0.262748;-0.248701;-0.611282;0.717805;0.221898;0.640010;-0.278317;0.188944;-0.690816;-0.283190;0.332380;-0.051804;0.898133;-0.283190;0.332380;-0.051804;0.898133;0.523601;0.205760;-0.357929;-0.745246;-0.027410;0.621255;-0.098857;0.776864;0.690596;-0.218289;0.590037;-0.356768;0.617800;-0.343763;0.570146;-0.418429;0.736822;0.158773;0.642599;0.137662;0.219395;0.564251;0.613245;0.507363;-0.200941;0.832453;0.038768;0.514918;-0.072836;0.763011;0.318262;0.557870;-0.446434;0.767836;-0.308744;0.340296;0.537579;-0.373284;0.664288;-0.361095;0.537579;-0.373284;0.664288;-0.361095;0.635458;0.205771;0.733674;0.124793;0.361095;0.664288;0.373284;0.537579;0.635458;0.205771;0.733674;0.124793;0.537579;-0.373284;0.664288;-0.361095
9033544;1;0.556289;-0.300500;0.740028;-0.229350;0.577472;-0.220335;0.767720;-0.169070;0.541434;-0.212353;0.752876;-0.308111;0.564399;-0.151294;0.767481;-0.263700;0.942843;-0.316958;0.097702;-0.032245;0.859129;0.143913;-0.200847;0.448159;0.313606;-0.034154;-0.244712;0.916843;0.615128;-0.190229;-0.602000;0.472257;0.599898;-0.209157;-0.595688;0.491459;0.599898;-0.209157;-0.595688;0.491459;0.383267;0.463700;-0.321553;0.731226;0.342134;0.869380;-0.266574;-0.236773;0.246371;0.722573;-0.582540;-0.278992;-0.289894;-0.613977;0.696058;0.233445;0.662908;-0.194470;0.077905;-0.718794;-0.329262;0.209450;0.004295;0.920706;-0.329262;0.209450;0.004295;0.920706;0.593734;0.307266;-0.353673;-0.654204;-0.027398;0.620277;-0.099021;0.777625;0.691042;-0.218015;0.589136;-0.357560;0.594620;-0.376316;0.552579;-0.446621;0.740307;0.123094;0.653059;0.101526;0.271785;0.547978;0.588396;0.528813;-0.194490;0.803998;0.010217;0.561833;-0.051214;0.717937;0.334412;0.608369;-0.466391;0.747507;-0.265415;0.391494;0.534746;-0.401859;0.644672;-0.370073;0.534746;-0.401859;0.644672;-0.370073;0.639804;0.171695;0.740009;0.116442;0.370073;0.644672;0.401859;0.534746;0.639804;0.171695;0.740009;0.116442;0.534746;-0.401859;0.644672;-0.370073
9066888;1;0.556506;-0.294749;0.737729;-0.243269;0.583968;-0.193777;0.770436;-0.166914;0.532111;-0.223058;0.751417;-0.320119;0.556068;-0.162081;0.766884;-0.276417;0.936276;-0.333419;0.104742;-0.035340;0.851730;0.148358;-0.187639;0.466195;0.295646;-0.021874;-0.238202;0.924865;0.671298;-0.192803;-0.537137;0.472937;0.650034;-0.216045;-0.528217;0.501764;0.650034;-0.216045;-0.528217;0.501764;0.120399;0.410452;-0.560791;0.708906;0.355343;0.862770;-0.258828;-0.249736;0.251718;0.726393;-0.582448;-0.264093;-0.290349;-0.625036;0.690089;0.220917;0.710232;-0.166178;0.102062;-0.676416;-0.499977;0.187641;-0.053127;0.843796;-0.499977;0.187641;-0.053127;0.843796;-0.493968;-0.381002;0.316998;0.714384;-0.034471;0.628267;-0.091415;0.771839;0.690947;-0.226039;0.593334;-0.345620;0.584968;-0.387806;0.535148;-0.470144;0.750015;0.102525;0.648736;0.078152;0.414573;0.442785;0.663779;0.437571;-0.122085;0.797739;0.015892;0.590301;-0.031773;0.714134;0.336126;0.613207;-0.455973;0.746115;-0.261581;0.408629;0.558024;-0.411263;0.636741;-0.337688;0.558024;-0.411263;0.636741;-0.337688;0.633364;0.159437;0.741050;0.155801;0.337688;0.636741;0.411263;0.558024;0.633364;0.159437;0.741050;0.155801;0.558024;-0.411263;0.636741;-0.337688
9100211;1;0.555671;-0.294611;0.727713;-0.273619;0.593683;-0.168421;0.766810;-0.176573;0.531487;-0.227134;0.745853;-0.331112;0.556328;-0.166590;0.761666;-0.287424;0.933143;-0.344197;0.099624;-0.029129;0.852487;0.139107;-0.181640;0.470024;0.290624;-0.025158;-0.227400;0.929082;0.655094;-0.186000;-0.577326;0.450500;0.620285;-0.227846;-0.562128;0.497338;0.620285;-0.227846;-0.562128;0.497338;0.161812;0.428283;-0.525891;0.716818;0.364069;0.857112;-0.264799;-0.250386;0.252528;0.726465;-0.583422;-0.260954;-0.289762;-0.627765;0.688508;0.218873;0.700778;-0.186104;0.150848;-0.671953;0.505399;-0.218520;0.098177;-0.828964;0.505399;-0.218520;0.098177;-0.828964;-0.463945;-0.332208;0.357765;0.739187;-0.038950;0.627589;-0.098557;0.771299;0.690390;-0.223397;0.594758;-0.346004;0.573617;-0.407345;0.534847;-0.467945;0.740490;0.088415;0.662347;0.071791;0.476433;0.394164;0.693630;0.369492;-0.050928;0.796427;0.046327;0.600803;0.031196;0.713570;0.364818;0.597287;-0.399935;0.766117;-0.241140;0.441552;0.569219;-0.413724;0.634546;-0.319647;0.569219;-0.413724;0.634546;-0.319647;0.628523;0.156144;0.741239;0.176474;0.319647;0.634546;0.413724;0.569219;0.628523;0.156144;0.741239;0.176474;0.569219;-0.413724;0.634546;-0.319647
9133555;1;0.546615;-0.316389;0.740131;-0.230903;0.579458;-0.176718;0.785282;-0.127796;0.529227;-0.245776;0.745817;-0.321356;0.553293;-0.185175;0.763125;-0.277880;0.929685;-0.349663;0.112440;-0.027925;0.837074;0.169905;-0.153470;0.496876;0.288181;0.023227;-0.227775;0.929801;0.595544;-0.152120;-0.582244;0.532145;0.550251;-0.199010;-0.567929;0.578856;0.550251;-0.199010;-0.567929;0.578856;0.336093;0.493490;-0.274042;0.753930;0.377277;0.854734;-0.257595;-0.246449;0.265647;0.717738;-0.582972;-0.272814;-0.305248;-0.617118;0.688599;0.227639;0.740947;-0.000607;-0.066494;-0.668263;0.630184;0.009556;-0.065806;-0.773593;0.630184;0.009556;-0.065806;-0.773593;-0.439339;-0.490139;0.513573;0.550442;-0.034186;0.632486;-0.087612;0.768841;0.690738;-0.226971;0.596877;-0.339268;0.570792;-0.399980;0.521059;-0.492656;0.755818;0.083812;0.647286;0.052296;0.315277;0.366035;0.781576;0.394662;-0.149735;0.852335;0.135426;0.482456;-0.043477;0.740143;0.438711;0.507770;-0.389717;0.836338;-0.207457;0.324994;0.570183;-0.406049;0.638526;-0.319843;0.570183;-0.406049;0.638526;-0.319843;0.629344;0.164386;0.738626;0.177017;0.319843;0.638526;0.406049;0.570183;0.629344;0.164386;0.738626;0.177017;0.570183;-0.406049;0.638526;-0.319843
9166877;1;0.546504;-0.316630;0.740024;-0.231178;0.579349;-0.177284;0.785150;-0.128316;0.529055;-0.246644;0.745317;-0.322135;0.553184;-0.186080;0.762695;-0.278671;0.929292;-0.350816;0.112232;-0.027348;0.836915;0.168364;-0.152841;0.497862;0.287139;0.022441;-0.226281;0.930508;0.593475;-0.153883;-0.580578;0.535758;0.545449;-0.203003;-0.565279;0.584581;0.545449;-0.203003;-0.565279;0.584581;0.338181;0.491099;-0.268667;0.756487;0.378417;0.854249;-0.257773;-0.246196;0.266553;0.717252;-0.583349;-0.272402;-0.306319;-0.615846;0.689551;0.226764;0.739219;-0.003826;-0.074097;-0.669366;0.626949;0.007666;-0.073799;-0.775519;0.626949;0.007666;-0.073799;-0.775519;-0.441118;-0.485842;0.522414;0.544478;-0.034028;0.632454;-0.087061;0.768937;0.690639;-0.227627;0.596512;-0.339672;0.569530;-0.402303;0.520101;-0.493237;0.755338;0.081482;0.648246;0.051007;0.328771;0.364246;0.778830;0.390715;-0.138961;0.849075;0.135257;0.491394;-0.032223;0.737146;0.439060;0.512643;-0.385144;0.834523;-0.205124;0.336391;0.569440;-0.407921;0.635108;-0.325539;0.569440;-0.407921;0.635108;-0.325539;0.632846;0.160646;0.737533;0.172464;0.325539;0.635108;0.407921;0.569440;0.632846;0.160646;0.737533;0.172464;0.569440;-0.407921;0.635108;-0.325539
9200222;1;0.546504;-0.316630;0.740024;-0.231178;0.579349;-0.177286;0.785149;-0.128317;0.529055;-0.246646;0.745315;-0.322136;0.553184;-0.186082;0.762694;-0.278672;0.929292;-0.350818;0.112232;-0.027346;0.836914;0.168360;-0.152839;0.497866;0.287135;0.022439;-0.226277;0.930510;0.593468;-0.153888;-0.580574;0.535769;0.545425;-0.203023;-0.565269;0.584606;0.545425;-0.203023;-0.565269;0.584606;0.338184;0.491092;-0.268653;0.756496;0.378420;0.854248;-0.257773;-0.246195;0.266554;0.717252;-0.583349;-0.272402;-0.306321;-0.615844;0.689552;0.226763;0.739216;-0.003837;-0.074083;-0.669371;0.626944;0.007652;-0.073786;-0.775524;0.626944;0.007652;-0.073786;-0.775524;-0.441140;-0.485805;0.522434;0.544473;-0.034028;0.632454;-0.087060;0.768937;0.690639;-0.227628;0.596511;-0.339672;0.569529;-0.402306;0.520100;-0.493238;0.755337;0.081479;0.648248;0.051006;0.328791;0.364243;0.778826;0.390709;-0.138943;0.849070;0.135257;0.491407;-0.032204;0.737141;0.439062;0.512650;-0.385136;0.834521;-0.205120;0.336409;0.569439;-0.407925;0.635099;-0.325554;0.569439;-0.407925;0.635099;-0.325554;0.632856;0.160636;0.737530;0.172452;0.325555;0.635099;0.407925;0.569439;0.632856;0.160636;0.737530;0.172452;0.569439;-0.407925;0.635099;-0.325554
9233555;1;0.537975;-0.330543;0.743363;-0.220763;0.569853;-0.185125;0.792197;-0.115851;0.527045;-0.253282;0.751544;-0.305372;0.549837;-0.192198;0.769435;-0.262123;0.932636;-0.343898;0.107986;-0.016210;0.830992;0.156219;-0.132329;0.517240;0.295252;0.032694;-0.202105;0.933226;0.615071;-0.043862;-0.532086;0.580214;0.578875;-0.075944;-0.528462;0.616331;0.578875;-0.075944;-0.528462;0.616331;0.319671;0.520512;-0.179673;0.771100;0.373406;0.872465;-0.230042;-0.215531;0.233172;0.728629;-0.579118;-0.281696;-0.295353;-0.563606;0.740693;0.215612;0.632679;0.024337;-0.144312;-0.760460;0.691318;0.012749;-0.145794;-0.707574;0.691318;0.012749;-0.145794;-0.707574;-0.439837;-0.393584;0.634148;0.499492;-0.044168;0.631890;-0.099650;0.767355;0.689054;-0.225397;0.598727;-0.340479;0.567476;-0.411305;0.528626;-0.478910;0.743853;0.081153;0.660704;0.059725;0.259614;0.440932;0.727454;0.457155;-0.187318;0.841746;0.122775;0.491225;-0.060934;0.717530;0.446321;0.531258;-0.418525;0.825667;-0.185959;0.329439;0.556622;-0.426263;0.608998;-0.370936;0.556622;-0.426263;0.608998;-0.370936;0.655882;0.129213;0.732040;0.131300;0.370936;0.608998;0.426263;0.556622;0.655882;0.129213;0.732040;0.131300;0.556622;-0.426263;0.608998;-0.370936
9266888;1;0.534321;-0.313301;0.721962;-0.308408;0.588300;-0.150057;0.772573;-0.185787;0.519672;-0.237305;0.751031;-0.331029;0.544544;-0.176314;0.767642;-0.288289;0.931252;-0.351917;0.094097;-0.008310;0.835016;0.159517;-0.110349;0.514904;0.288889;0.047292;-0.188112;0.937508;0.569656;-0.071751;-0.522087;0.630690;0.521584;-0.110065;-0.515372;0.670990;0.521584;-0.110065;-0.515372;0.670990;0.318062;0.528860;-0.130778;0.775913;0.368299;0.867610;-0.229440;-0.242832;0.240841;0.721270;-0.582130;-0.287908;-0.300110;-0.569645;0.731170;0.225453;0.634196;-0.110364;-0.043023;-0.764044;0.661591;-0.111857;-0.038977;-0.740450;0.661591;-0.111857;-0.038977;-0.740450;0.528206;0.345337;-0.498817;-0.594072;-0.061545;0.635262;-0.110667;0.761845;0.690960;-0.221001;0.605826;-0.326661;0.585705;-0.389328;0.543530;-0.458202;0.742162;0.107403;0.655798;0.087116;0.440231;0.404366;0.703493;0.384425;-0.066353;0.808667;0.066579;0.580708;0.007873;0.724935;0.370372;0.580717;-0.404849;0.777930;-0.245173;0.413293;0.554643;-0.439697;0.594716;-0.381249;0.554643;-0.439697;0.594716;-0.381249;0.661775;0.109615;0.731440;0.122608;0.381249;0.594716;0.439697;0.554643;0.661775;0.109615;0.731440;0.122608;0.554643;-0.439697;0.594716;-0.381249
9300200;1;0.533673;-0.313873;0.721237;-0.310637;0.588550;-0.149119;0.772309;-0.186844;0.517755;-0.236136;0.750437;-0.336174;0.543047;-0.175196;0.766957;-0.293571;0.930145;-0.354678;0.094970;-0.003878;0.836240;0.163079;-0.089059;0.515923;0.290558;0.064262;-0.174346;0.938643;0.544095;-0.067676;-0.490551;0.677303;0.536318;-0.073280;-0.489746;0.683478;0.536318;-0.073280;-0.489746;0.683478;0.285704;0.542871;-0.091248;0.784435;0.371578;0.862430;-0.239638;-0.246410;0.234897;0.719428;-0.590394;-0.280502;-0.285286;-0.589861;0.719865;0.229063;0.635617;-0.065266;-0.120417;-0.759757;0.647509;-0.067155;-0.119374;-0.749648;0.647509;-0.067155;-0.119374;-0.749648;0.509999;0.424960;-0.491302;-0.563855;-0.064762;0.634507;-0.114553;0.761633;0.691216;-0.219433;0.606327;-0.326247;0.584449;-0.393573;0.545389;-0.453950;0.738298;0.105714;0.660131;0.089255;0.457073;0.382061;0.728312;0.338638;-0.023183;0.817115;0.093171;0.568422;0.048526;0.736725;0.384932;0.553814;-0.357030;0.796612;-0.243419;0.422712;0.561220;-0.460561;0.589320;-0.354426;0.561220;-0.460561;0.589320;-0.354426;0.647460;0.091047;0.742378;0.146225;0.354426;0.589320;0.460561;0.561220;0.647460;0.091047;0.742378;0.146225;0.561220;-0.460561;0.589320;-0.354426
9333555;1;0.525710;-0.310399;0.713260;-0.344300;0.591397;-0.135900;0.765910;-0.212514;0.521241;-0.234571;0.745454;-0.342903;0.547061;-0.174035;0.761865;-0.299998;0.929634;-0.359696;0.079852;0.004742;0.859928;0.078697;-0.110477;0.492063;0.273342;-0.020616;-0.134065;0.952305;-0.466255;0.294824;0.806553;-0.212502;-0.421995;0.431107;0.742695;-0.290639;-0.421995;0.431107;0.742695;-0.290639;0.621982;0.168561;-0.478996;0.596060;0.371363;0.859230;-0.243088;-0.254406;0.222105;0.723243;-0.596097;-0.268807;-0.265871;-0.607282;0.713877;0.225610;0.535869;-0.432147;0.339309;-0.641064;-0.369935;0.499867;-0.228067;0.749177;-0.369935;0.499867;-0.228067;0.749177;-0.319343;-0.064769;0.219661;0.919551;-0.073723;0.631348;-0.120235;0.762567;0.691081;-0.223063;0.602794;-0.330589;0.605267;-0.363000;0.555259;-0.439966;0.743127;0.134498;0.645560;0.113687;0.528081;0.340310;0.739182;0.242751;0.071546;0.807601;0.099541;0.576848;0.098581;0.758564;0.349547;0.540999;-0.312706;0.787355;-0.284180;0.448921;0.550019;-0.456259;0.590281;-0.375335;0.550019;-0.456259;0.590281;-0.375335;0.654324;0.094768;0.740015;0.123520;0.375335;0.590281;0.456259;0.550019;0.654324;0.094768;0.740015;0.123520;0.550019;-0.456259;0.590281;-0.375335
9366888;1;0.524833;-0.311397;0.712736;-0.345816;0.590450;-0.138589;0.765346;-0.215424;0.517543;-0.240684;0.744028;-0.347338;0.543730;-0.180242;0.760932;-0.304716;0.926416;-0.366822;0.084666;0.005173;0.861442;0.054298;-0.104761;0.493959;0.268622;-0.034651;-0.112794;0.955991;-0.455846;0.302889;0.805991;-0.225479;-0.411683;0.433502;0.743935;-0.298586;-0.411683;0.433502;0.743935;-0.298586;0.602579;0.157894;-0.476709;0.620254;0.378966;0.856187;-0.241917;-0.254567;0.231238;0.724185;-0.593745;-0.263725;-0.271956;-0.615106;0.706132;0.221500;0.532462;-0.457568;0.399120;-0.589762;-0.334693;0.554978;-0.246303;0.720636;-0.334693;0.554978;-0.246303;0.720636;-0.436691;-0.015706;-0.047942;0.898196;-0.075163;0.629149;-0.114254;0.765159;0.694454;-0.226307;0.598105;-0.329832;0.603344;-0.382211;0.554759;-0.426771;0.732539;0.120562;0.658804;0.121770;0.532538;0.338826;0.745025;0.215726;0.101414;0.810927;0.110389;0.565621;0.135226;0.762136;0.357812;0.522335;-0.273527;0.795786;-0.281057;0.461427;0.541240;-0.472873;0.587516;-0.371855;0.541240;-0.472873;0.587516;-0.371855;0.645656;0.081065;0.749808;0.119773;0.371855;0.587516;0.472873;0.541240;0.645656;0.081065;0.749808;0.119773;0.541240;-0.472873;0.587516;-0.371855
9400222;1;0.514603;-0.297201;0.679631;-0.430066;0.611404;-0.103210;0.734557;-0.275606;0.523163;-0.218000;0.737092;-0.368066;0.550994;-0.158189;0.752200;-0.324926;0.926305;-0.366830;0.085765;-0.006259;0.874292;-0.004195;-0.101553;0.474640;0.253138;-0.076856;-0.066511;0.962076;-0.461443;0.270088;0.791354;-0.296448;-0.416059;0.376835;0.746447;-0.357361;-0.416059;0.376835;0.746447;-0.357361;0.560634;0.123049;-0.421746;0.701910;0.366034;0.855704;-0.257194;-0.260079;0.287041;0.703391;-0.580812;-0.292414;-0.330156;-0.601323;0.685939;0.242683;0.631157;-0.308254;0.228746;-0.674014;0.527026;-0.338099;0.181752;-0.758221;0.527026;-0.338099;0.181752;-0.758221;0.505428;0.228609;-0.141616;-0.819894;-0.074305;0.631693;-0.108435;0.763992;0.699106;-0.221310;0.601563;-0.316850;0.590529;-0.383260;0.527405;-0.475638;0.757783;0.100293;0.639994;0.078187;0.569926;0.315618;0.741011;0.162704;0.149722;0.798510;0.104902;0.573551;0.227953;0.740598;0.372077;0.510990;-0.199556;0.790880;-0.256192;0.518701;0.539001;-0.488347;0.562878;-0.392636;0.539001;-0.488347;0.562878;-0.392636;0.658767;0.052701;0.743329;0.103496;0.392636;0.562878;0.488347;0.539001;0.658767;0.052701;0.743329;0.103496;0.539001;-0.488347;0.562878;-0.392636
9433533;1;0.514726;-0.297113;0.679722;-0.429837;0.611433;-0.103172;0.734611;-0.275413;0.522939;-0.218251;0.737209;-0.368001;0.550766;-0.158429;0.752337;-0.324880;0.926219;-0.366785;0.086875;-0.006388;0.873351;-0.015469;-0.103737;0.475665;0.250071;-0.086274;-0.059644;0.962530;-0.444410;0.280545;0.789513;-0.316961;-0.389677;0.399978;0.736243;-0.382252;-0.389677;0.399978;0.736243;-0.382252;0.549857;0.081937;-0.406986;0.724780;0.366156;0.855664;-0.256801;-0.260425;0.286871;0.703624;-0.580306;-0.293024;-0.329880;-0.602213;0.684968;0.243592;0.632093;-0.308977;0.234719;-0.670745;0.531565;-0.338895;0.188971;-0.752914;0.531565;-0.338895;0.188971;-0.752914;0.506064;0.227440;-0.131655;-0.821485;-0.074285;0.631942;-0.110298;0.763522;0.698181;-0.220782;0.602356;-0.317749;0.589686;-0.379023;0.526622;-0.480917;0.760886;0.102723;0.636435;0.073834;0.565257;0.315304;0.744418;0.164040;0.149559;0.800641;0.111630;0.569338;0.230228;0.740340;0.377720;0.506181;-0.194530;0.794661;-0.252034;0.516867;0.538047;-0.488819;0.562585;-0.393775;0.538047;-0.488819;0.562585;-0.393775;0.658898;0.052161;0.743455;0.102016;0.393775;0.562585;0.488819;0.538047;0.658898;0.052161;0.743455;0.102016;0.538047;-0.488819;0.562585;-0.393775
9466888;1;0.518707;-0.313757;0.679125;-0.413870;0.617772;-0.099279;0.741484;-0.242288;0.527048;-0.229046;0.733181;-0.363599;0.554508;-0.169512;0.749187;-0.320163;0.925281;-0.372379;0.071898;-0.004406;0.876383;-0.073993;-0.091691;0.466980;0.239751;-0.117648;-0.006411;0.963658;0.549258;-0.168859;-0.562876;0.594115;0.443364;-0.259681;-0.527170;0.676820;0.443364;-0.259681;-0.527170;0.676820;0.428941;0.193968;-0.079974;0.878630;0.374805;0.851053;-0.261801;-0.258245;0.309115;0.695840;-0.570574;-0.307733;-0.357653;-0.586748;0.682258;0.249673;0.632008;-0.308708;0.297295;-0.645663;0.508007;-0.356372;0.238084;-0.747158;0.508007;-0.356372;0.238084;-0.747158;-0.481955;-0.208213;0.100346;0.845161;-0.068877;0.618853;-0.115396;0.773925;0.704439;-0.209899;0.593548;-0.327734;0.579555;-0.405424;0.522384;-0.476301;0.750535;0.080985;0.652094;0.070090;0.545596;0.345793;0.740134;0.186961;0.144335;0.808209;0.118691;0.558460;0.251228;0.732849;0.400717;0.489125;-0.167484;0.805554;-0.230589;0.519481;0.528084;-0.510016;0.550445;-0.397518;0.528084;-0.510016;0.550445;-0.397518;0.654500;0.028588;0.749859;0.092324;0.397518;0.550445;0.510016;0.528084;0.654500;0.028588;0.749859;0.092324;0.528084;-0.510016;0.550445;-0.397518
9500222;1;0.526976;-0.363342;0.686484;-0.344992;0.608136;-0.131826;0.765440;-0.163994;0.555937;-0.206341;0.725976;-0.348304;0.582078;-0.147458;0.740185;-0.302600;0.936808;-0.342911;0.068746;0.008780;0.867900;-0.092794;-0.073782;0.482384;0.224791;-0.116973;0.019283;0.967168;-0.428316;0.319637;0.612272;-0.582667;-0.413869;0.334586;0.604233;-0.593016;-0.413869;0.334586;0.604233;-0.593016;0.439094;0.149426;-0.143469;0.874234;0.344750;0.874226;-0.256050;-0.226529;0.281419;0.709993;-0.589933;-0.262093;-0.321613;-0.600254;0.701289;0.210842;0.695654;-0.092858;0.057090;-0.710059;0.638073;-0.097033;0.049663;-0.762221;0.638073;-0.097033;0.049663;-0.762221;-0.472565;-0.447338;0.308165;0.693978;-0.045116;0.612009;-0.111096;0.781708;0.695650;-0.216163;0.583294;-0.359322;0.535180;-0.433637;0.490512;-0.533798;0.759564;0.038100;0.649314;-0.001733;0.587697;0.315711;0.705221;0.240005;0.163314;0.752829;0.173719;0.613514;0.342845;0.644292;0.446278;0.517862;-0.122119;0.775267;-0.136138;0.604578;0.499435;-0.524942;0.558137;-0.404331;0.499435;-0.524942;0.558137;-0.404331;0.639060;0.023472;0.765852;0.067249;0.404331;0.558137;0.524942;0.499435;0.639060;0.023472;0.765852;0.067249;0.499435;-0.524942;0.558137;-0.404331
9533555;1;0.503724;-0.385559;0.722727;-0.274358;0.553107;-0.210121;0.791731;-0.151933;0.575652;-0.213758;0.727314;-0.306505;0.598378;-0.154744;0.742114;-0.259355;0.946437;-0.315115;0.062326;0.032791;0.852398;-0.147486;-0.070088;0.496742;0.254627;-0.154027;0.054222;0.953153;0.404304;0.074127;0.004547;0.911605;0.610188;0.070900;0.022107;0.788768;0.610188;0.070900;0.022107;0.788768;0.324388;0.050314;0.589011;0.738449;0.339676;0.879985;-0.281375;-0.176277;0.282837;0.712926;-0.582796;-0.268494;-0.329659;-0.585953;0.710333;0.208353;0.695513;0.143198;-0.193047;-0.677118;0.638473;0.158341;-0.180834;-0.731149;0.638473;0.158341;-0.180834;-0.731149;0.412514;0.592845;-0.537959;-0.434703;-0.028331;0.621179;-0.098647;0.776919;0.691533;-0.217708;0.590136;-0.355140;0.507069;-0.473711;0.479300;-0.537355;0.742245;0.001643;0.669702;-0.023863;0.283350;0.540227;0.663208;0.433616;0.009337;0.810286;0.274105;0.517895;0.257595;0.635091;0.556380;0.469836;-0.148329;0.845716;-0.051338;0.510026;0.502354;-0.515140;0.570713;-0.395674;0.502354;-0.515140;0.570713;-0.395674;0.635002;0.039296;0.767814;0.075434;0.395674;0.570713;0.515140;0.502354;0.635002;0.039296;0.767814;0.075434;0.502354;-0.515140;0.570713;-0.395674
9566866;1;0.503878;-0.384969;0.723742;-0.272218;0.552763;-0.209338;0.792579;-0.149831;0.574975;-0.213885;0.728689;-0.304416;0.597535;-0.154760;0.743495;-0.257326;0.946819;-0.313610;0.062554;0.035634;0.849141;-0.156960;-0.068651;0.499610;0.262226;-0.160500;0.059910;0.949678;0.390026;0.046134;0.008740;0.919606;0.627645;0.041958;0.021077;0.777082;0.627645;0.041958;0.021077;0.777082;0.350003;0.031462;0.600253;0.718473;0.338177;0.881437;-0.276715;-0.179261;0.283765;0.715241;-0.574018;-0.280020;-0.337666;-0.573982;0.715270;0.211934;0.596991;0.361495;-0.455425;-0.552731;0.541137;0.403570;-0.418594;-0.607521;0.541137;0.403570;-0.418594;-0.607521;-0.304065;-0.580552;0.750956;0.081046;-0.033290;0.621316;-0.103694;0.775955;0.689487;-0.219442;0.590502;-0.357435;0.503357;-0.480133;0.479775;-0.534714;0.737778;-0.002583;0.674590;-0.024582;0.276704;0.545460;0.648589;0.453035;-0.013904;0.810419;0.247847;0.530660;0.225815;0.656428;0.523052;0.494497;-0.188485;0.837364;-0.089792;0.505206;0.497820;-0.512822;0.573229;-0.400746;0.497820;-0.512822;0.573229;-0.400746;0.635382;0.042714;0.767954;0.068642;0.400746;0.573229;0.512822;0.497820;0.635382;0.042714;0.767954;0.068642;0.497820;-0.512822;0.573229;-0.400746
9600222;1;0.504123;-0.391809;0.725110;-0.257994;0.549995;-0.214241;0.795864;-0.134931;0.583015;-0.204864;0.729013;-0.294388;0.604745;-0.145742;0.743094;-0.246686;0.951574;-0.301576;0.046563;0.037302;0.842949;-0.158996;-0.076238;0.508276;0.269569;-0.168261;0.052729;0.946700;0.370024;0.057268;-0.004922;0.927242;0.636658;0.056016;0.012886;0.769001;0.636658;0.056016;0.012886;0.769001;0.372169;0.019544;0.597287;0.710181;0.323446;0.886041;-0.271757;-0.190950;0.284879;0.720013;-0.552395;-0.308683;-0.356207;-0.548822;0.722740;0.222616;0.507221;0.384534;-0.680954;-0.362164;-0.411514;-0.529385;0.575600;0.468073;-0.411514;-0.529385;0.575600;0.468073;-0.218868;-0.575172;0.766569;-0.183427;-0.036663;0.616449;-0.106738;0.779265;0.690200;-0.220635;0.585478;-0.363539;0.517863;-0.457704;0.486581;-0.534381;0.747771;0.018184;0.663555;-0.014239;0.278063;0.545700;0.639540;0.464631;-0.029231;0.810072;0.224940;0.540677;0.204592;0.678663;0.482950;0.514119;-0.217629;0.824902;-0.133751;0.504266;0.475842;-0.537813;0.565938;-0.405025;0.475842;-0.537813;0.565938;-0.405025;0.622867;0.019887;0.780470;0.050075;0.405025;0.565938;0.537813;0.475842;0.622867;0.019887;0.780470;0.050075;0.475842;-0.537813;0.565938;-0.405025
9633555;1;0.500752;-0.399283;0.732302;-0.231418;0.539658;-0.226563;0.802722;-0.114352;0.579237;-0.223427;0.729174;-0.287871;0.600457;-0.164232;0.744743;-0.240493;0.948622;-0.309132;0.045075;0.050219;0.836505;-0.160470;-0.085359;0.516936;0.261012;-0.175663;0.046683;0.948070;0.377859;0.067159;-0.010979;0.923359;0.643203;0.067285;0.010180;0.762665;0.643203;0.067285;0.010180;0.762665;0.396355;0.029057;0.598636;0.695481;0.334074;0.889352;-0.250967;-0.185641;0.279025;0.721890;-0.551110;-0.311926;-0.352546;-0.547361;0.724737;0.225531;0.515184;0.340891;-0.659068;-0.428962;-0.426608;-0.457302;0.584339;0.517135;-0.426608;-0.457302;0.584339;0.517135;-0.419721;-0.487569;0.744585;-0.178057;-0.035433;0.617917;-0.113920;0.777139;0.686827;-0.216674;0.589842;-0.365250;0.505838;-0.472142;0.488194;-0.531861;0.737529;0.009041;0.674932;-0.020875;0.287121;0.537763;0.643506;0.462895;-0.038909;0.813028;0.205641;0.543308;0.179300;0.682379;0.482605;0.518944;-0.239000;0.827213;-0.136488;0.489866;0.474714;-0.532096;0.585331;-0.385887;0.474714;-0.532096;0.585331;-0.385887;0.608537;0.037643;0.790140;0.062810;0.385887;0.585331;0.532096;0.474714;0.608537;0.037643;0.790140;0.062810;0.474714;-0.532096;0.585331;-0.385887
9666888;1;0.500651;-0.406210;0.728538;-0.231462;0.539974;-0.231293;0.801422;-0.112489;0.579803;-0.228406;0.728912;-0.283456;0.600666;-0.169216;0.744881;-0.236047;0.948349;-0.308757;0.046929;0.055694;0.836718;-0.158764;-0.082017;0.517659;0.260975;-0.172153;0.047916;0.948662;0.376888;0.063243;-0.009091;0.924053;0.637704;0.063044;0.010380;0.767627;0.637704;0.063044;0.010380;0.767627;0.392042;0.024180;0.597925;0.698716;0.335893;0.890223;-0.247137;-0.183307;0.275229;0.719715;-0.558908;-0.306402;-0.342726;-0.558282;0.720200;0.228412;-0.494886;-0.359772;0.658523;0.438177;-0.454999;-0.415556;0.624822;0.479466;-0.454999;-0.415556;0.624822;0.479466;-0.377483;-0.521747;0.749952;-0.151192;-0.034130;0.610220;-0.113961;0.783249;0.690394;-0.214337;0.582647;-0.371401;0.519961;-0.442563;0.488203;-0.543540;0.755661;0.030041;0.653989;-0.019325;0.281388;0.545134;0.635529;0.468779;-0.043716;0.813127;0.199767;0.544983;0.175711;0.691080;0.465916;0.523886;-0.245134;0.821642;-0.154430;0.490881;0.481343;-0.541094;0.581765;-0.370238;0.481343;-0.541094;0.581765;-0.370238;0.602158;0.028758;0.793981;0.078563;0.370238;0.581765;0.541094;0.481343;0.602158;0.028758;0.793981;0.078563;0.481343;-0.541094;0.581765;-0.370238
9700200;1;0.506671;-0.399484;0.726018;-0.237896;0.549162;-0.212066;0.801073;-0.108315;0.566898;-0.243522;0.728200;-0.298409;0.589002;-0.184341;0.745384;-0.251987;0.941033;-0.331307;0.041658;0.054374;0.837102;-0.157010;-0.094348;0.515468;0.259889;-0.179143;0.038226;0.948105;0.329846;0.079751;-0.025515;0.940314;0.600376;0.083733;-0.000033;0.795322;0.600376;0.083733;-0.000033;0.795322;0.288926;0.010960;0.567084;0.771244;0.354854;0.881154;-0.233885;-0.207231;0.281449;0.714825;-0.560067;-0.310058;-0.347822;-0.558947;0.715702;0.233171;0.535674;0.271840;-0.577974;-0.552361;-0.492481;-0.314665;0.555821;0.591195;-0.492481;-0.314665;0.555821;0.591195;-0.136893;-0.608084;0.776386;0.093372;-0.034476;0.609625;-0.127008;0.781689;0.689819;-0.201886;0.589132;-0.369208;0.518503;-0.453971;0.503660;-0.520952;0.738814;0.032925;0.673090;-0.004345;0.267538;0.550246;0.631866;0.475813;-0.049361;0.811561;0.208359;0.543616;0.185984;0.683490;0.474504;0.522587;-0.236858;0.822339;-0.143036;0.497189;0.484527;-0.525968;0.581624;-0.387692;0.484527;-0.525968;0.581624;-0.387692;0.616752;0.039355;0.783186;0.068473;0.387692;0.581624;0.525968;0.484527;0.616752;0.039355;0.783186;0.068473;0.484527;-0.525968;0.581624;-0.387692
9733555;1;0.508923;-0.397150;0.723093;-0.245777;0.554884;-0.198791;0.800671;-0.107294;0.558414;-0.252713;0.726786;-0.309986;0.581475;-0.193616;0.744711;-0.264207;0.935281;-0.345733;0.051324;0.055535;0.839334;-0.146010;-0.083241;0.516982;0.267838;-0.163819;0.037568;0.948691;0.308496;0.074030;-0.025730;0.947991;0.537758;0.078127;-0.006214;0.839449;0.537758;0.078127;-0.006214;0.839449;0.202580;-0.025322;0.542697;0.814739;0.370182;0.873324;-0.238608;-0.208176;0.269538;0.717825;-0.571285;-0.292763;-0.326904;-0.575938;0.714096;0.226925;0.546625;0.230442;-0.501371;-0.629861;0.561797;0.218168;-0.506833;-0.616367;0.561797;0.218168;-0.506833;-0.616367;-0.466889;-0.521250;0.704146;0.120382;-0.035066;0.610809;-0.127732;0.780620;0.687483;-0.204608;0.589576;-0.371352;0.515113;-0.459136;0.504191;-0.519273;0.735249;0.029629;0.677127;-0.005524;0.258915;0.554948;0.630108;0.477451;-0.048176;0.810837;0.218101;0.540976;0.198610;0.678042;0.481558;0.518570;-0.225013;0.823475;-0.134259;0.503222;0.501196;-0.518117;0.586028;-0.370040;0.501196;-0.518117;0.586028;-0.370040;0.616057;0.048020;0.780748;0.092741;0.370040;0.586028;0.518117;0.501196;0.616057;0.048020;0.780748;0.092741;0.501196;-0.518117;0.586028;-0.370040
9766888;1;0.511600;-0.395862;0.721565;-0.246786;0.558539;-0.191808;0.800358;-0.103305;0.553994;-0.257913;0.726552;-0.314157;0.577403;-0.198818;0.744895;-0.268718;0.932577;-0.352367;0.052951;0.057739;0.838923;-0.148219;-0.086700;0.516451;0.264860;-0.167669;0.037054;0.948875;0.308502;0.070217;-0.025356;0.948290;0.480924;0.073727;-0.011733;0.873578;0.480924;0.073727;-0.011733;0.873578;0.201863;-0.020217;0.545556;0.813149;0.375989;0.870393;-0.233855;-0.215314;0.270454;0.717468;-0.570726;-0.293882;-0.327749;-0.576627;0.712734;0.228238;-0.481290;-0.338908;0.627237;0.509975;0.503194;0.311072;-0.641498;-0.488376;0.503194;0.311072;-0.641498;-0.488376;0.270294;0.737345;-0.617861;-0.038872;-0.039174;0.610420;-0.128294;0.780636;0.687958;-0.206561;0.588613;-0.370918;0.518578;-0.453184;0.503322;-0.521888;0.739522;0.033242;0.672292;-0.004957;0.257909;0.554720;0.628834;0.479934;-0.047816;0.808904;0.221002;0.542721;0.204094;0.674922;0.482448;0.519682;-0.221887;0.821914;-0.131449;0.507882;0.497787;-0.509327;0.594687;-0.373016;0.497787;-0.509327;0.594687;-0.373016;0.615751;0.060358;0.780656;0.088227;0.373016;0.594687;0.509327;0.497787;0.615751;0.060358;0.780656;0.088227;0.497787;-0.509327;0.594687;-0.373016
9800222;1;0.512021;-0.395845;0.721408;-0.246398;0.558955;-0.190955;0.800412;-0.102207;0.554459;-0.256042;0.727141;-0.313503;0.577814;-0.196906;0.745332;-0.268029;0.933327;-0.350666;0.052680;0.056214;0.840659;-0.141521;-0.087919;0.515301;0.261817;-0.163410;0.032487;0.950628;0.286088;0.060078;-0.025229;0.955985;0.466984;0.063844;-0.013032;0.881862;0.466984;0.063844;-0.013032;0.881862;0.192984;-0.047865;0.542969;0.815875;0.374264;0.869571;-0.235931;-0.219338;0.269636;0.716021;-0.571217;-0.297189;-0.325553;-0.581549;0.707656;0.234605;0.514683;0.302940;-0.596068;-0.536685;0.528128;0.287727;-0.603559;-0.523460;0.528128;0.287727;-0.603559;-0.523460;-0.456265;-0.567465;0.685423;-0.001052;-0.037638;0.611513;-0.128728;0.779785;0.688361;-0.203682;0.590842;-0.368209;0.523349;-0.449392;0.509522;-0.514335;0.737593;0.040352;0.674029;0.003723;0.264765;0.549622;0.631673;0.478335;-0.045922;0.808128;0.219191;0.544772;0.204929;0.677040;0.476962;0.521659;-0.222717;0.819566;-0.136830;0.509888;0.487654;-0.523808;0.585823;-0.380304;0.487654;-0.523808;0.585823;-0.380304;0.613739;0.043851;0.784627;0.075908;0.380304;0.585823;0.523808;0.487654;0.613739;0.043851;0.784627;0.075908;0.487654;-0.523808;0.585823;-0.380304
9833533;1;0.509548;-0.405033;0.722530;-0.232936;0.553926;-0.191040;0.805981;-0.084048;0.551977;-0.250879;0.731268;-0.312456;0.575256;-0.191428;0.749031;-0.267184;0.935208;-0.346270;0.058289;0.045660;0.837367;-0.139450;-0.090359;0.520773;0.260892;-0.163722;0.028393;0.950960;0.285084;0.065984;-0.031750;0.955701;0.465978;0.070909;-0.018273;0.881761;0.465978;0.070909;-0.018273;0.881761;0.190376;-0.042026;0.537627;0.820334;0.370832;0.869353;-0.240764;-0.220774;0.271422;0.714076;-0.575368;-0.292192;-0.324042;-0.585593;0.705715;0.232471;0.543976;0.168620;-0.409010;-0.712999;0.610250;0.128358;-0.423375;-0.657171;0.610250;0.128358;-0.423375;-0.657171;-0.446382;-0.544574;0.647143;0.292212;-0.042363;0.616654;-0.117714;0.777230;0.691933;-0.210291;0.591573;-0.356438;0.527375;-0.440517;0.497325;-0.529611;0.751131;0.038006;0.659044;-0.004263;0.269135;0.543622;0.637069;0.475589;-0.050002;0.809878;0.213302;0.544151;0.194353;0.677390;0.480652;0.521865;-0.230357;0.822370;-0.134412;0.502570;0.486348;-0.529492;0.579231;-0.384180;0.486348;-0.529492;0.579231;-0.384180;0.615557;0.035171;0.783986;0.072243;0.384180;0.579231;0.529492;0.486348;0.615557;0.035171;0.783986;0.072243;0.486348;-0.529492;0.579231;-0.384180
9866888;1;0.509672;-0.409233;0.722746;-0.224501;0.551992;-0.192185;0.808021;-0.073968;0.546472;-0.252368;0.734627;-0.313054;0.569817;-0.192643;0.752499;-0.268222;0.934377;-0.347361;0.065048;0.045251;0.840613;-0.147870;-0.088951;0.513412;0.247659;-0.168144;0.038800;0.953356;0.308429;0.078488;-0.019399;0.947805;0.454399;0.080568;-0.006745;0.887122;0.454399;0.080568;-0.006745;0.887122;0.205549;-0.017003;0.550719;0.808807;0.374402;0.864738;-0.245168;-0.227913;0.287997;0.703553;-0.574989;-0.302420;-0.338291;-0.586977;0.693584;0.244866;0.613020;0.082418;-0.354413;-0.701289;0.581280;0.098072;-0.350404;-0.727814;0.581280;0.098072;-0.350404;-0.727814;0.577030;0.479629;-0.595492;-0.287022;-0.034613;0.620066;-0.111326;0.775839;0.686333;-0.218310;0.590998;-0.363331;0.512262;-0.460933;0.491292;-0.532692;0.742639;0.019199;0.669201;-0.016994;0.264679;0.544225;0.637791;0.476431;-0.053184;0.810406;0.214984;0.542397;0.198535;0.670589;0.491732;0.518743;-0.225115;0.825349;-0.121787;0.503280;0.498083;-0.526046;0.573930;-0.381828;0.498083;-0.526046;0.573930;-0.381828;0.622191;0.033859;0.777801;0.082205;0.381828;0.573930;0.526046;0.498083;0.622191;0.033859;0.777801;0.082205;0.498083;-0.526046;0.573930;-0.381828
9900211;1;0.509896;-0.406383;0.724832;-0.222432;0.549265;-0.212708;0.803296;-0.088194;0.553706;-0.251911;0.733312;-0.303653;0.576273;-0.192293;0.751151;-0.258272;0.937322;-0.339880;0.061591;0.045986;0.837922;-0.137263;-0.082942;0.521696;0.238077;-0.156270;0.036059;0.957914;0.355725;0.058177;-0.009402;0.932731;0.457815;0.058864;-0.002836;0.887092;0.457815;0.058864;-0.002836;0.887092;0.220791;-0.007757;0.556681;0.800811;0.365429;0.874687;-0.228430;-0.221820;0.293617;0.707297;-0.565274;-0.306571;-0.347725;-0.583596;0.692256;0.243483;0.684291;0.043170;-0.222701;-0.693027;0.626404;0.060921;-0.218513;-0.745760;0.626404;0.060921;-0.218513;-0.745760;-0.485073;-0.494249;0.589106;0.416384;-0.034531;0.617438;-0.113956;0.777555;0.688590;-0.213382;0.590546;-0.362721;0.521923;-0.450811;0.498929;-0.524819;0.743934;0.031832;0.667478;-0.004671;0.276885;0.540361;0.636460;0.475671;-0.045941;0.807728;0.211336;0.548454;0.191852;0.676907;0.478576;0.525314;-0.234568;0.820569;-0.135522;0.503268;0.479661;-0.538412;0.579994;-0.379003;0.479661;-0.538412;0.579994;-0.379003;0.607167;0.029403;0.790833;0.071176;0.379003;0.579994;0.538412;0.479661;0.607167;0.029403;0.790833;0.071176;0.479661;-0.538412;0.579994;-0.379003
9933555;1;0.506095;-0.415885;0.722182;-0.222175;0.546122;-0.217005;0.804621;-0.085114;0.555289;-0.248279;0.733312;-0.303752;0.577859;-0.188672;0.750861;-0.258243;0.938256;-0.337318;0.064099;0.042224;0.837150;-0.142577;-0.079283;0.522078;0.233885;-0.157386;0.042939;0.958480;0.339849;0.071316;-0.004383;0.937762;0.504346;0.070928;0.008629;0.860541;0.504346;0.070928;0.008629;0.860541;0.197966;0.011731;0.563433;0.802007;0.364563;0.873629;-0.239294;-0.215882;0.297790;0.705892;-0.570253;-0.296393;-0.345730;-0.593295;0.686639;0.238743;0.697252;0.142707;-0.299560;-0.635405;0.620274;0.175924;-0.281339;-0.710745;0.620274;0.175924;-0.281339;-0.710745;-0.442524;-0.546079;0.644471;0.301043;-0.025614;0.618707;-0.102466;0.778489;0.689453;-0.216639;0.588581;-0.362345;0.527951;-0.444863;0.499089;-0.523712;0.747407;0.036193;0.663380;0.000338;0.286420;0.534177;0.641418;0.470321;-0.043578;0.808802;0.206430;0.548932;0.190392;0.682070;0.471249;0.525791;-0.235993;0.819070;-0.144351;0.502587;0.486248;-0.546467;0.573198;-0.369298;0.486248;-0.546467;0.573198;-0.369298;0.604962;0.018902;0.791723;0.082696;0.369298;0.573198;0.546467;0.486248;0.604962;0.018902;0.791723;0.082696;0.486248;-0.546467;0.573198;-0.369298
9966888;1;0.507731;-0.410328;0.723721;-0.223757;0.547044;-0.220804;0.802114;-0.092743;0.554923;-0.252353;0.729445;-0.310305;0.578020;-0.193043;0.747333;-0.264804;0.935625;-0.345235;0.063726;0.036838;0.836453;-0.144752;-0.074791;0.523259;0.234214;-0.155884;0.047403;0.958435;0.336238;0.077657;-0.001165;0.938569;0.493407;0.076689;0.012275;0.866324;0.493407;0.076689;0.012275;0.866324;0.140995;0.021292;0.556900;0.818247;0.370468;0.872607;-0.237932;-0.211422;0.289423;0.711243;-0.570736;-0.290909;-0.336519;-0.598480;0.688061;0.234837;0.687745;0.200793;-0.359667;-0.597770;0.614308;0.240887;-0.334142;-0.673014;0.614308;0.240887;-0.334142;-0.673014;-0.377277;-0.609846;0.649299;0.253300;-0.021129;0.620500;-0.101414;0.777334;0.688205;-0.215239;0.590796;-0.361949;0.534845;-0.422210;0.501613;-0.532977;0.758746;0.054033;0.649140;-0.001476;0.268284;0.541528;0.641262;0.472815;-0.051471;0.811488;0.214417;0.541169;0.189132;0.687055;0.468170;0.522495;-0.234600;0.820423;-0.150056;0.499352;0.488553;-0.547563;0.572547;-0.365623;0.488553;-0.547563;0.572547;-0.365623;0.603994;0.017666;0.792037;0.086924;0.365623;0.572547;0.547563;0.488553;0.603994;0.017666;0.792037;0.086924;0.488553;-0.547563;0.572547;-0.365623
10000222;1;0.507740;-0.410341;0.723699;-0.223785;0.547056;-0.220848;0.802088;-0.092787;0.554965;-0.252417;0.729353;-0.310391;0.578069;-0.193115;0.747247;-0.264887;0.935590;-0.345352;0.063588;0.036883;0.836383;-0.144842;-0.074859;0.523336;0.234107;-0.155996;0.047418;0.958442;0.336110;0.077623;-0.001152;0.938618;0.493402;0.076652;0.012292;0.866330;0.493402;0.076652;0.012292;0.866330;0.136628;0.021060;0.556058;0.819566;0.370572;0.872574;-0.238014;-0.211282;0.289568;0.711198;-0.570851;-0.290650;-0.336627;-0.598384;0.688193;0.234542;0.688930;0.197695;-0.356832;-0.599135;0.615350;0.237473;-0.331692;-0.674486;0.615350;0.237473;-0.331692;-0.674486;-0.382137;-0.606814;0.648676;0.254889;-0.021181;0.620464;-0.101325;0.777373;0.688285;-0.215265;0.590733;-0.361883;0.534895;-0.422529;0.501624;-0.532663;0.758562;0.053816;0.649374;-0.001218;0.269424;0.541204;0.641266;0.472533;-0.050397;0.811233;0.214574;0.541590;0.190248;0.686725;0.468180;0.522515;-0.233820;0.820200;-0.149821;0.500153;0.488461;-0.547637;0.572279;-0.366054;0.488461;-0.547637;0.572279;-0.366054;0.604234;0.017424;0.791900;0.086555;0.366054;0.572279;0.547637;0.488461;0.604234;0.017424;0.791900;0.086555;0.488461;-0.547637;0.572279;-0.366054
10033533;1;0.511544;-0.401518;0.725224;-0.226180;0.551878;-0.207168;0.802650;-0.090910;0.556811;-0.251726;0.726212;-0.314979;0.580277;-0.192678;0.744060;-0.269313;0.934842;-0.348882;0.058753;0.029998;0.838363;-0.152726;-0.080971;0.516978;0.236752;-0.165744;0.049096;0.956069;0.343032;0.072995;-0.001781;0.936481;0.474310;0.072491;0.008749;0.877325;0.474310;0.072491;0.008749;0.877325;-0.051482;0.160138;0.535707;0.827480;0.371249;0.871943;-0.238573;-0.212068;0.295911;0.705813;-0.574601;-0.289997;-0.340487;-0.599068;0.685168;0.236073;0.686882;0.131186;-0.278723;-0.658253;0.592049;0.167502;-0.258533;-0.744703;0.592049;0.167502;-0.258533;-0.744703;-0.456019;-0.553861;0.609433;0.337455;-0.026498;0.619575;-0.102999;0.777699;0.687656;-0.219116;0.588671;-0.364121;0.529400;-0.434279;0.497589;-0.532486;0.754570;0.042615;0.654816;-0.004901;0.286623;0.534772;0.638829;0.473037;-0.044362;0.807528;0.204927;0.551303;0.195837;0.682399;0.466064;0.527982;-0.233692;0.815684;-0.148277;0.507997;0.492709;-0.543444;0.558867;-0.386750;0.492709;-0.543444;0.558867;-0.386750;0.621871;0.010906;0.779451;0.074924;0.386750;0.558867;0.543444;0.492709;0.621871;0.010906;0.779451;0.074924;0.492709;-0.543444;0.558867;-0.386750
10066888;1;0.506059;-0.398199;0.732749;-0.220049;0.543430;-0.216272;0.805425;-0.095921;0.557470;-0.250912;0.726347;-0.314152;0.580867;-0.191856;0.744129;-0.268435;0.935001;-0.346818;0.067534;0.030492;0.837984;-0.142293;-0.075875;0.521324;0.237316;-0.154909;0.044806;0.957955;0.334098;0.051311;-0.000700;0.941140;0.484715;0.050724;0.007771;0.873166;0.484715;0.050724;0.007771;0.873166;0.121734;0.062143;0.567789;0.811748;0.371726;0.873674;-0.243884;-0.197573;0.282905;0.713105;-0.577727;-0.278706;-0.325554;-0.606375;0.688910;0.227436;0.705368;0.091658;-0.253337;-0.655648;0.609479;0.125314;-0.238489;-0.745624;0.609479;0.125314;-0.238489;-0.745624;-0.428033;-0.567551;0.581978;0.394936;-0.026388;0.626015;-0.098472;0.773119;0.686949;-0.220759;0.594070;-0.355594;0.529655;-0.440196;0.500726;-0.524372;0.749069;0.040661;0.661243;0.001046;0.278216;0.530040;0.650907;0.466877;-0.054683;0.813549;0.206816;0.540717;0.180279;0.689449;0.467916;0.522699;-0.241040;0.821907;-0.151885;0.493254;0.472338;-0.549830;0.577480;-0.375634;0.472338;-0.549830;0.577480;-0.375634;0.599606;0.019551;0.797129;0.068380;0.375634;0.577480;0.549830;0.472338;0.599606;0.019551;0.797129;0.068380;0.472338;-0.549830;0.577480;-0.375634
10100211;1;0.507374;-0.398714;0.731405;-0.220556;0.544774;-0.217528;0.804119;-0.096407;0.560407;-0.252805;0.723145;-0.314793;0.583847;-0.194000;0.741089;-0.268838;0.934526;-0.348940;0.060794;0.034722;0.835603;-0.141270;-0.070787;0.526117;0.231158;-0.150573;0.047913;0.959999;0.329800;0.079373;0.000611;0.940708;0.493551;0.077970;0.014871;0.866087;0.493551;0.077970;0.014871;0.866087;0.200976;-0.028802;0.556796;0.805455;0.373254;0.874073;-0.244361;-0.192261;0.284877;0.713806;-0.579392;-0.271350;-0.325824;-0.608177;0.689446;0.220510;0.706054;0.061809;-0.175356;-0.683313;0.616239;0.082997;-0.166377;-0.765297;0.616239;0.082997;-0.166377;-0.765297;-0.430757;-0.533158;0.557720;0.468123;-0.027252;0.625179;-0.100908;0.773451;0.688766;-0.216369;0.595213;-0.352856;0.519974;-0.458592;0.496413;-0.522394;0.740862;0.024540;0.671195;-0.004283;0.275412;0.532264;0.649721;0.467660;-0.055259;0.813810;0.207770;0.539899;0.182330;0.682072;0.480860;0.519911;-0.237536;0.825782;-0.137520;0.492695;0.481953;-0.545416;0.573202;-0.376407;0.481953;-0.545416;0.573202;-0.376407;0.606952;0.019647;0.790982;0.074632;0.376407;0.573202;0.545416;0.481953;0.606952;0.019647;0.790982;0.074632;0.481953;-0.545416;0.573202;-0.376407
10133555;1;0.507346;-0.398725;0.731399;-0.220622;0.544764;-0.217525;0.804120;-0.096467;0.560342;-0.252748;0.723203;-0.314821;0.583784;-0.193938;0.741143;-0.268872;0.934535;-0.348906;0.061153;0.034198;0.835445;-0.142959;-0.071690;0.525789;0.230938;-0.152396;0.048500;0.959735;0.328809;0.073533;0.001543;0.941528;0.491855;0.072072;0.014666;0.867565;0.491855;0.072072;0.014666;0.867565;0.169807;-0.011533;0.558811;0.811642;0.373220;0.874071;-0.244336;-0.192372;0.284773;0.713788;-0.579351;-0.271596;-0.325767;-0.608147;0.689418;0.220761;0.705709;0.061539;-0.174713;-0.683859;0.616815;0.082436;-0.165880;-0.765002;0.616815;0.082436;-0.165880;-0.765002;-0.429727;-0.532723;0.557990;0.469243;-0.026506;0.625224;-0.101084;0.773418;0.687887;-0.217057;0.595039;-0.354439;0.519292;-0.455799;0.495750;-0.526132;0.743000;0.026037;0.668744;-0.007424;0.277663;0.531727;0.649770;0.466870;-0.053132;0.813466;0.207897;0.540582;0.184312;0.681602;0.480931;0.519763;-0.236022;0.825506;-0.137147;0.493988;0.482085;-0.544622;0.574418;-0.375534;0.482085;-0.544622;0.574418;-0.375534;0.606428;0.021069;0.791280;0.075343;0.375534;0.574418;0.544622;0.482085;0.606428;0.021069;0.791280;0.075343;0.482085;-0.544622;0.574418;-0.375534
10166888;1;0.507038;-0.399481;0.731735;-0.218842;0.543866;-0.219740;0.804199;-0.095861;0.561579;-0.255769;0.722958;-0.310713;0.584687;-0.196969;0.741141;-0.264677;0.934957;-0.348070;0.057283;0.037689;0.833175;-0.149885;-0.083187;0.525771;0.225667;-0.165208;0.045736;0.959004;0.338094;0.087273;-0.003352;0.937051;0.475293;0.086783;0.009823;0.875482;0.475293;0.086783;0.009823;0.875482;0.167595;0.008200;0.553924;0.815483;0.372613;0.877090;-0.236982;-0.188975;0.289747;0.715900;-0.572982;-0.274272;-0.335120;-0.598718;0.694520;0.216503;0.696531;0.041182;-0.119377;-0.706327;0.630684;0.051676;-0.115223;-0.765696;0.630684;0.051676;-0.115223;-0.765696;-0.398825;-0.526596;0.519538;0.541955;-0.030011;0.625780;-0.095268;0.773578;0.689421;-0.222937;0.592484;-0.352079;0.529827;-0.441641;0.494302;-0.529058;0.752473;0.035090;0.657684;-0.002126;0.274057;0.532493;0.649449;0.468572;-0.056541;0.813699;0.207944;0.539867;0.176934;0.684623;0.477519;0.521499;-0.242509;0.825225;-0.141660;0.490027;0.478398;-0.541900;0.580051;-0.375527;0.478398;-0.541900;0.580051;-0.375527;0.603816;0.026977;0.793339;0.072741;0.375527;0.580051;0.541900;0.478398;0.603816;0.026977;0.793339;0.072741;0.478398;-0.541900;0.580051;-0.375527
10200222;1;0.502639;-0.411095;0.730510;-0.211445;0.537714;-0.232791;0.805266;-0.090659;0.564524;-0.257068;0.725468;-0.298204;0.586619;-0.198062;0.743746;-0.251973;0.937598;-0.338830;0.059979;0.050059;0.834183;-0.133963;-0.073086;0.529954;0.220934;-0.146662;0.042163;0.963276;0.359297;0.086853;0.001533;0.929172;0.459884;0.086151;0.011132;0.883720;0.459884;0.086151;0.011132;0.883720;0.262667;-0.016872;0.564790;0.782134;0.367095;0.881545;-0.231080;-0.186337;0.292430;0.715880;-0.564664;-0.288366;-0.345996;-0.582828;0.701171;0.221261;0.719758;0.063014;-0.134770;-0.678097;0.667321;0.072865;-0.129709;-0.729760;0.667321;0.072865;-0.129709;-0.729760;0.383380;0.569223;-0.503490;-0.524883;-0.030949;0.621970;-0.097955;0.776273;0.693676;-0.216299;0.591370;-0.349728;0.533032;-0.456595;0.501733;-0.505629;0.738325;0.029826;0.673577;0.016784;0.271850;0.532468;0.650595;0.468296;-0.057427;0.814075;0.209983;0.538415;0.165685;0.687673;0.476287;0.522308;-0.251083;0.826479;-0.144632;0.482671;0.461032;-0.539504;0.598187;-0.372233;0.461032;-0.539504;0.598187;-0.372233;0.589207;0.041495;0.804469;0.062790;0.372233;0.598187;0.539504;0.461032;0.589207;0.041495;0.804469;0.062790;0.461032;-0.539504;0.598187;-0.372233
10233533;1;0.507618;-0.415972;0.719965;-0.225702;0.546978;-0.230794;0.798822;-0.097120;0.565363;-0.263048;0.719741;-0.305193;0.588017;-0.204482;0.738518;-0.258872;0.933370;-0.348298;0.052404;0.069009;0.832479;-0.131515;-0.069615;0.533701;0.224987;-0.142828;0.041743;0.962932;0.350164;0.082739;0.000128;0.933027;0.461106;0.082108;0.010196;0.883479;0.461106;0.082108;0.010196;0.883479;0.049496;0.196398;0.552830;0.808305;0.377612;0.872552;-0.243074;-0.192295;0.295912;0.721264;-0.555313;-0.289552;-0.356908;-0.566395;0.712595;0.209813;0.715472;0.119817;-0.152155;-0.671262;0.691180;0.125145;-0.147804;-0.696249;0.691180;0.125145;-0.147804;-0.696249;0.359697;0.605425;-0.505338;-0.498711;-0.030420;0.615840;-0.105738;0.780151;0.695825;-0.208163;0.589211;-0.354014;0.536164;-0.456053;0.508542;-0.495913;0.733723;0.035060;0.678051;0.025854;0.270135;0.539746;0.642072;0.472699;-0.049604;0.810379;0.216528;0.542163;0.188694;0.684246;0.472119;0.522786;-0.235087;0.821209;-0.145271;0.499245;0.468655;-0.532019;0.600786;-0.369289;0.468655;-0.532019;0.600786;-0.369289;0.592516;0.048626;0.801014;0.070262;0.369289;0.600786;0.532019;0.468655;0.592516;0.048626;0.801014;0.070262;0.468655;-0.532019;0.600786;-0.369289
10266888;1;0.510345;-0.427061;0.709377;-0.232274;0.553172;-0.228047;0.795984;-0.091673;0.563855;-0.280398;0.713170;-0.307951;0.586735;-0.222303;0.733359;-0.261742;0.926727;-0.362181;0.046537;0.088521;0.820188;-0.139263;-0.067522;0.550762;0.230173;-0.148180;0.044680;0.960764;0.377249;0.105884;-0.000108;0.920039;0.439879;0.105639;0.007204;0.891793;0.439879;0.105639;0.007204;0.891793;0.204018;0.036569;0.556608;0.804504;0.394289;0.866721;-0.241411;-0.187220;0.293683;0.728024;-0.543008;-0.298117;-0.364281;-0.550842;0.722114;0.205968;0.720630;0.077745;-0.127411;-0.677064;0.697165;0.082037;-0.124691;-0.701202;0.697165;0.082037;-0.124691;-0.701202;0.329696;0.594383;-0.489493;-0.546265;-0.039815;0.611228;-0.106947;0.783184;0.699860;-0.210193;0.583882;-0.353691;0.538096;-0.442723;0.494534;-0.519505;0.751612;0.034558;0.658617;0.010483;0.261193;0.546333;0.636022;0.478304;-0.047199;0.807117;0.227124;0.542908;0.201053;0.675219;0.481165;0.521668;-0.225451;0.821217;-0.132547;0.507154;0.470784;-0.516704;0.636009;-0.326914;0.470784;-0.516704;0.636009;-0.326914;0.564058;0.084361;0.815091;0.101731;0.326914;0.636009;0.516704;0.470784;0.564058;0.084361;0.815091;0.101731;0.470784;-0.516704;0.636009;-0.326914
10300222;1;0.513128;-0.425627;0.710901;-0.223968;0.551393;-0.246629;0.791020;-0.097099;0.563002;-0.287348;0.717183;-0.293444;0.584721;-0.228909;0.737916;-0.247350;0.928133;-0.355371;0.045127;0.101215;0.819521;-0.130682;-0.077091;0.552598;0.235534;-0.148581;0.030731;0.959949;0.372628;0.049886;-0.010143;0.926584;0.442438;0.050516;-0.006296;0.895353;0.442438;0.050516;-0.006296;0.895353;0.254688;0.050734;0.572517;0.777679;0.389524;0.873959;-0.214341;-0.196276;0.309381;0.718554;-0.528982;-0.328850;-0.395749;-0.520288;0.724873;0.217351;0.650993;0.369481;-0.319411;-0.581092;0.708723;0.333681;-0.356646;-0.509090;0.708723;0.333681;-0.356646;-0.509090;-0.296838;-0.653195;0.660885;0.220123;-0.042987;0.607846;-0.118340;0.784010;0.700732;-0.200978;0.585790;-0.354164;0.541047;-0.440862;0.503812;-0.509001;0.746332;0.042470;0.663917;0.019969;0.217369;0.564256;0.627424;0.490617;-0.060394;0.804071;0.256019;0.533176;0.193732;0.666921;0.497193;0.520080;-0.229430;0.826576;-0.115301;0.500840;0.461056;-0.514872;0.618231;-0.374333;0.461056;-0.514872;0.618231;-0.374333;0.590710;0.073086;0.801224;0.061323;0.374333;0.618231;0.514872;0.461056;0.590710;0.073086;0.801224;0.061323;0.461056;-0.514872;0.618231;-0.374333
10333555;1;0.479428;-0.473984;0.717559;-0.174920;0.505045;-0.317473;0.799226;-0.073336;0.574673;-0.257089;0.746166;-0.216548;0.590187;-0.196424;0.764380;-0.169766;0.948278;-0.271570;0.089805;0.137672;0.812775;-0.128077;-0.101763;0.559140;0.224526;-0.163214;0.010985;0.960640;0.357332;0.063762;-0.031060;0.931280;0.426151;0.065911;-0.026192;0.901867;0.426151;0.065911;-0.026192;0.901867;0.267882;0.013198;0.551215;0.790080;0.319440;0.914769;-0.191386;-0.156612;0.285955;0.716489;-0.551910;-0.316651;-0.365319;-0.526233;0.735555;0.220408;0.698676;0.278074;-0.314843;-0.579137;0.762391;0.238799;-0.345581;-0.492249;0.762391;0.238799;-0.345581;-0.492249;0.391317;0.635704;-0.626523;-0.224098;-0.041224;0.612592;-0.122685;0.779730;0.695997;-0.199830;0.591989;-0.353844;0.540508;-0.450917;0.519255;-0.484664;0.728899;0.046316;0.682059;0.036832;0.160579;0.144884;0.915953;0.338015;-0.194354;0.845195;0.381552;0.319829;-0.017927;0.746254;0.544120;0.383037;-0.283328;0.914498;-0.137549;0.253967;0.394380;-0.560228;0.609279;-0.399235;0.394380;-0.560228;0.609279;-0.399235;0.561170;0.034684;0.826966;-0.003433;0.399235;0.609279;0.560228;0.394380;0.561170;0.034684;0.826966;-0.003433;0.394380;-0.560228;0.609279;-0.399235
10366866;1;0.482389;-0.483318;0.707748;-0.181099;0.509826;-0.322190;0.794165;-0.074653;0.579116;-0.258955;0.744116;-0.209421;0.594046;-0.198448;0.762486;-0.162306;0.947552;-0.266449;0.101463;0.144414;0.810168;-0.137488;-0.093441;0.562133;0.217153;-0.164484;0.024061;0.961879;0.378706;0.097368;-0.017086;0.920223;0.428899;0.098162;-0.011688;0.897927;0.428899;0.098162;-0.011688;0.897927;0.250754;0.024691;0.550624;0.795818;0.310976;0.924096;-0.179824;-0.130398;0.266720;0.717871;-0.572732;-0.292403;-0.339098;-0.524483;0.753843;0.204087;0.704910;0.021996;-0.147147;-0.693517;0.788319;0.002871;-0.148754;-0.597007;0.788319;0.002871;-0.148754;-0.597007;-0.488135;-0.490154;0.542152;0.477016;-0.023681;0.610791;-0.111756;0.783508;0.690166;-0.208928;0.584779;-0.371557;0.513584;-0.469936;0.497163;-0.517901;0.733212;0.017014;0.679765;-0.005558;0.286108;0.109561;0.909627;0.280567;-0.115473;0.856388;0.325529;0.383792;0.008320;0.732318;0.548844;0.403003;-0.278677;0.908122;-0.124406;0.286664;0.433144;-0.558152;0.595205;-0.382863;0.433144;-0.558152;0.595205;-0.382863;0.577004;0.026200;0.815546;0.035554;0.382863;0.595205;0.558152;0.433144;0.577004;0.026200;0.815546;0.035554;0.433144;-0.558152;0.595205;-0.382863
10400222;1;0.489696;-0.470624;0.708895;-0.190208;0.517903;-0.318810;0.788910;-0.088080;0.584818;-0.254612;0.741718;-0.207398;0.599567;-0.194311;0.759748;-0.159832;0.950177;-0.262752;0.101960;0.133150;0.802993;-0.143560;-0.101806;0.569411;0.208509;-0.174649;0.021716;0.962055;0.379490;0.101700;-0.018167;0.919410;0.444121;0.102737;-0.010865;0.889991;0.444121;0.102737;-0.010865;0.889991;0.218326;0.049665;0.547795;0.806094;0.303625;0.928560;-0.171071;-0.127764;0.254426;0.721871;-0.575998;-0.287047;-0.326268;-0.525575;0.759370;0.201686;0.694949;0.019254;-0.182600;-0.695221;0.734312;0.008572;-0.183413;-0.653508;0.734312;0.008572;-0.183413;-0.653508;0.519648;0.467145;-0.570883;-0.431084;-0.024719;0.617788;-0.108316;0.778456;0.687159;-0.214047;0.589610;-0.366546;0.517681;-0.457244;0.498775;-0.523601;0.740091;0.027147;0.671924;-0.006771;0.296544;0.101582;0.909995;0.271390;-0.108962;0.858430;0.318510;0.387010;0.019469;0.737696;0.539820;0.404992;-0.272222;0.905641;-0.134638;0.295943;0.414737;-0.577439;0.580321;-0.397222;0.414737;-0.577439;0.580321;-0.397222;0.574142;0.002038;0.818660;0.012385;0.397222;0.580321;0.577439;0.414737;0.574142;0.002038;0.818660;0.012385;0.414737;-0.577439;0.580321;-0.397222
10433555;1;0.490175;-0.472034;0.706787;-0.193300;0.519050;-0.320114;0.787331;-0.090684;0.591321;-0.246679;0.740902;-0.201379;0.605565;-0.186470;0.758298;-0.153310;0.954568;-0.254257;0.086184;0.129327;0.794733;-0.150721;-0.098061;0.579713;0.215736;-0.177986;0.025566;0.959753;0.342235;0.123709;-0.024021;0.931125;0.450005;0.125683;-0.009214;0.884090;0.450005;0.125683;-0.009214;0.884090;0.206821;0.012742;0.535366;0.818808;0.292641;0.932321;-0.173872;-0.122092;0.246877;0.725757;-0.580150;-0.275234;-0.313419;-0.536801;0.758381;0.196139;0.692142;0.026107;-0.152960;-0.704884;0.739060;0.015506;-0.154396;-0.655524;0.739060;0.015506;-0.154396;-0.655524;0.511586;0.438553;-0.592637;-0.441285;-0.022245;0.618087;-0.102541;0.779076;0.686232;-0.219569;0.586854;-0.369427;0.517228;-0.457323;0.495107;-0.527447;0.742466;0.024489;0.669364;-0.009803;0.304598;0.099040;0.908848;0.267219;-0.104508;0.858603;0.313933;0.391566;0.015480;0.740237;0.535102;0.406788;-0.276348;0.904112;-0.139752;0.294418;-0.401098;0.585100;-0.571790;0.412110;-0.401098;0.585100;-0.571790;0.412110;0.575024;-0.009411;0.818045;-0.007786;0.412110;0.571790;0.585100;0.401098;0.575024;-0.009411;0.818045;-0.007786;-0.401098;0.585100;-0.571790;0.412110
10466888;1;0.491908;-0.470753;0.706112;-0.194486;0.520781;-0.320742;0.785701;-0.092654;0.590669;-0.248800;0.739614;-0.205378;0.605236;-0.188686;0.757184;-0.157349;0.952737;-0.258018;0.092727;0.130843;0.794372;-0.149214;-0.095924;0.580954;0.217826;-0.175530;0.025600;0.959732;0.359572;0.109299;-0.020913;0.926458;0.446045;0.110792;-0.010425;0.888065;0.446045;0.110792;-0.010425;0.888065;0.207517;0.067358;0.552247;0.804626;0.295581;0.932063;-0.178004;-0.110472;0.234948;0.728031;-0.589133;-0.260177;-0.294459;-0.550039;0.758001;0.190228;0.703221;-0.040096;-0.111628;-0.701008;0.718471;-0.042542;-0.110719;-0.685369;0.718471;-0.042542;-0.110719;-0.685369;0.508367;0.385011;-0.599897;-0.483170;-0.022048;0.617159;-0.103925;0.779633;0.688084;-0.215569;0.587604;-0.367140;0.517926;-0.456679;0.495454;-0.526993;0.742640;0.025196;0.669156;-0.008993;0.307182;0.103427;0.907470;0.267282;-0.102410;0.858517;0.311589;0.394174;0.017960;0.739068;0.535410;0.408402;-0.275719;0.903517;-0.138714;0.297314;-0.405804;0.586630;-0.576093;0.399130;-0.405804;0.586630;-0.576093;0.399130;0.569174;-0.007451;0.822170;0.004720;0.399130;0.576093;0.586630;0.405804;0.569174;-0.007451;0.822170;0.004720;-0.405804;0.586630;-0.576093;0.399130
10500200;1;0.516299;-0.424724;0.665856;-0.331181;0.587023;-0.227136;0.756415;-0.177903;0.576162;-0.250883;0.727803;-0.274585;0.596327;-0.191710;0.745579;-0.227496;0.939084;-0.313842;0.063572;0.124833;0.799144;-0.132772;-0.086686;0.579850;0.248573;-0.157604;0.017438;0.955546;0.332476;0.046664;-0.029898;0.941482;0.448707;0.050067;-0.023766;0.891959;0.448707;0.050067;-0.023766;0.891959;0.247824;0.021797;0.560045;0.790226;0.343316;0.898405;-0.199675;-0.187437;0.268727;0.721921;-0.569384;-0.287086;-0.332771;-0.553839;0.733914;0.209513;0.688433;-0.038273;-0.114293;-0.715215;0.705978;-0.041099;-0.113307;-0.697902;0.705978;-0.041099;-0.113307;-0.697902;-0.479363;-0.395912;0.596654;0.507415;-0.050427;0.614582;-0.120205;0.778008;0.700384;-0.200764;0.593225;-0.342405;0.562547;-0.411966;0.520129;-0.493245;0.750428;0.074618;0.655105;0.046119;0.483001;0.202305;0.820650;0.228726;0.043016;0.812026;0.234361;0.532765;0.192540;0.710870;0.457620;0.498172;-0.215194;0.829815;-0.174433;0.484430;-0.400814;0.585182;-0.585080;0.393182;-0.400814;0.585182;-0.585080;0.393182;0.561440;-0.000072;0.827500;0.005397;0.393182;0.585080;0.585182;0.400814;0.561440;-0.000072;0.827500;0.005397;-0.400814;0.585182;-0.585080;0.393182
10533555;1;0.516261;-0.420343;0.665692;-0.337106;0.587117;-0.228986;0.753259;-0.188307;0.572531;-0.257726;0.724373;-0.284725;0.593520;-0.198806;0.742708;-0.237895;0.935261;-0.326356;0.064096;0.121123;0.802633;-0.127846;-0.080782;0.576983;0.246635;-0.149917;0.019879;0.957236;0.344371;0.067708;-0.027914;0.935973;0.462001;0.070738;-0.018965;0.883850;0.462001;0.070738;-0.018965;0.883850;0.225556;0.013963;0.548657;0.804925;0.353835;0.896948;-0.197864;-0.176449;0.266676;0.722067;-0.572816;-0.281755;-0.328391;-0.556845;0.734453;0.206546;0.691408;0.097788;-0.240562;-0.674183;0.716660;0.088525;-0.244122;-0.647275;0.716660;0.088525;-0.244122;-0.647275;-0.497977;-0.452335;0.664049;0.326267;-0.049756;0.610926;-0.120921;0.780815;0.703866;-0.195952;0.591199;-0.341554;0.562063;-0.416936;0.518280;-0.491564;0.748913;0.069794;0.657305;0.046997;0.560944;0.228633;0.769805;0.201169;0.130821;0.772418;0.219435;0.581468;0.258074;0.672756;0.466865;0.512674;-0.178683;0.809598;-0.141239;0.540994;0.397950;-0.582701;0.582913;-0.402874;0.397950;-0.582701;0.582913;-0.402874;0.566268;0.000150;0.824214;-0.003482;0.402874;0.582913;0.582701;0.397950;0.566268;0.000150;0.824214;-0.003482;0.397950;-0.582701;0.582913;-0.402874
10566888;1;0.516507;-0.420126;0.665743;-0.336899;0.587374;-0.228465;0.753341;-0.187809;0.573145;-0.256852;0.724603;-0.283696;0.594049;-0.197916;0.742867;-0.236819;0.935781;-0.325027;0.063626;0.120924;0.803860;-0.124477;-0.080498;0.576051;0.247340;-0.147133;0.018066;0.957522;0.343459;0.075072;-0.030201;0.935675;0.464370;0.078411;-0.019991;0.881937;0.464370;0.078411;-0.019991;0.881937;0.207595;0.034485;0.547195;0.810119;0.352371;0.897813;-0.197176;-0.175749;0.264915;0.723418;-0.571864;-0.281884;-0.326650;-0.558629;0.733686;0.207216;0.691704;0.100339;-0.239044;-0.674044;0.714631;0.092001;-0.242375;-0.649686;0.714631;0.092001;-0.242375;-0.649686;-0.495229;-0.457435;0.661046;0.329425;-0.049875;0.610292;-0.120829;0.781317;0.704350;-0.195739;0.590596;-0.341720;0.563435;-0.415508;0.518549;-0.490919;0.749427;0.071006;0.656486;0.048415;0.573921;0.230968;0.760711;0.196438;0.147278;0.763968;0.219740;0.588537;0.274715;0.665523;0.465828;0.514408;-0.168064;0.803809;-0.136943;0.553978;0.395926;-0.580039;0.589581;-0.398988;0.395926;-0.580039;0.589581;-0.398988;0.562089;0.006747;0.827047;-0.002165;0.398988;0.589581;0.580039;0.395926;0.562089;0.006747;0.827047;-0.002165;0.395926;-0.580039;0.589581;-0.398988
10600222;1;0.521664;-0.411210;0.680832;-0.308611;0.579520;-0.239948;0.758321;-0.177569;0.578382;-0.267929;0.721248;-0.271089;0.598259;-0.209226;0.740411;-0.223834;0.938235;-0.323729;0.060353;0.106172;0.805711;-0.136038;-0.100146;0.567709;0.225577;-0.168218;0.015433;0.959468;0.379685;0.083947;-0.027696;0.920883;0.460792;0.086094;-0.020051;0.883095;0.460792;0.086094;-0.020051;0.883095;0.239765;0.052940;0.548183;0.799503;0.351190;0.904367;-0.173124;-0.169747;0.259917;0.728436;-0.569347;-0.278691;-0.321808;-0.561275;0.734673;0.204121;0.699638;0.054557;-0.204028;-0.682571;0.709420;0.051606;-0.204794;-0.672399;0.709420;0.051606;-0.204794;-0.672399;-0.483888;-0.428403;0.660936;0.381428;-0.047122;0.603182;-0.114489;0.787936;0.707736;-0.199446;0.580705;-0.349447;0.566024;-0.428130;0.517103;-0.478463;0.742529;0.061092;0.664395;0.059132;0.590164;0.253167;0.736550;0.212385;0.158005;0.750809;0.206869;0.607064;0.267062;0.655186;0.472875;0.525164;-0.180999;0.801446;-0.124584;0.556239;0.374612;-0.570065;0.603100;-0.413475;0.374612;-0.570065;0.603100;-0.413475;0.557261;0.023359;0.829553;-0.027480;0.413475;0.603100;0.570065;0.374612;0.557261;0.023359;0.829553;-0.027480;0.374612;-0.570065;0.603100;-0.413475
10633533;1;0.528466;-0.402358;0.686840;-0.295095;0.579520;-0.245420;0.757239;-0.174683;0.571569;-0.280091;0.719142;-0.278733;0.592081;-0.221519;0.739287;-0.231999;0.933393;-0.337839;0.062867;0.103395;0.812673;-0.113112;-0.089564;0.564576;0.223527;-0.143963;0.009521;0.963960;0.386318;0.068713;-0.026044;0.919434;0.498386;0.071433;-0.017236;0.863836;0.498386;0.071433;-0.017236;0.863836;0.285395;-0.021243;0.539736;0.791697;0.363940;0.900685;-0.160201;-0.175070;0.247926;0.736734;-0.570948;-0.264148;-0.308536;-0.561159;0.744217;0.189861;0.692694;0.003091;-0.149061;-0.705654;0.705108;0.000445;-0.149092;-0.693249;0.705108;0.000445;-0.149092;-0.693249;-0.462097;-0.403010;0.639669;0.463544;-0.050573;0.599560;-0.113915;0.790566;0.714782;-0.193030;0.579006;-0.341435;0.563848;-0.428502;0.503484;-0.494941;0.752546;0.051155;0.654939;0.045965;0.594739;0.273802;0.721926;0.223921;0.161975;0.747057;0.194837;0.614579;0.273125;0.645522;0.482489;0.525270;-0.176690;0.801381;-0.110977;0.560583;0.408672;-0.541897;0.608051;-0.411835;0.408672;-0.541897;0.608051;-0.411835;0.580187;0.046777;0.813136;-0.002237;0.411835;0.608051;0.541897;0.408672;0.580187;0.046777;0.813136;-0.002237;0.408672;-0.541897;0.608051;-0.411835
10666888;1;0.534491;-0.394705;0.676657;-0.317273;0.593843;-0.225615;0.750170;-0.183557;0.570069;-0.287460;0.711748;-0.292922;0.591723;-0.229457;0.732508;-0.246263;0.926828;-0.354007;0.055754;0.112075;0.814338;-0.108344;-0.076059;0.565093;0.223476;-0.131349;0.016460;0.965679;0.389160;0.070179;-0.016505;0.918345;0.498624;0.071671;-0.007792;0.863815;0.498624;0.071671;-0.007792;0.863815;0.166720;0.060887;0.544560;0.819726;0.376642;0.894853;-0.158976;-0.179181;0.249646;0.737809;-0.573884;-0.252926;-0.305027;-0.570600;0.740352;0.182356;0.669357;0.172316;-0.284148;-0.664476;0.700092;0.158657;-0.291994;-0.632011;0.700092;0.158657;-0.291994;-0.632011;-0.429116;-0.476763;0.709377;0.292130;-0.049089;0.596600;-0.120365;0.791941;0.713337;-0.189177;0.578526;-0.347376;0.563961;-0.423356;0.508040;-0.494584;0.752373;0.058019;0.654545;0.046259;0.626560;0.258971;0.708177;0.197084;0.191093;0.730690;0.185953;0.628488;0.305794;0.635619;0.471005;0.529748;-0.156655;0.786417;-0.112273;0.586858;0.430185;-0.529063;0.618127;-0.391092;0.430185;-0.529063;0.618127;-0.391092;0.580730;0.062978;0.811185;0.027643;0.391092;0.618127;0.529063;0.430185;0.580730;0.062978;0.811185;0.027643;0.430185;-0.529063;0.618127;-0.391092
10700211;1;0.535184;-0.394563;0.675733;-0.318249;0.594864;-0.225212;0.749383;-0.183961;0.571016;-0.287048;0.710452;-0.294622;0.592803;-0.229150;0.731183;-0.247882;0.926850;-0.355054;0.056735;0.108015;0.814283;-0.117599;-0.079293;0.562873;0.223958;-0.140356;0.020424;0.964223;0.393509;0.078447;-0.015560;0.915835;0.481518;0.079596;-0.007784;0.872780;0.481518;0.079596;-0.007784;0.872780;0.284007;-0.000806;0.551115;0.784609;0.377240;0.894473;-0.160871;-0.178125;0.248575;0.737696;-0.574646;-0.252579;-0.302895;-0.574369;0.737912;0.183957;0.678675;0.074837;-0.209041;-0.700072;0.694768;0.069956;-0.210725;-0.684104;0.694768;0.069956;-0.210725;-0.684104;-0.452374;-0.430681;0.673391;0.395495;-0.047098;0.595229;-0.118570;0.793363;0.714578;-0.188438;0.576982;-0.347795;0.565496;-0.422459;0.507464;-0.494188;0.753177;0.058257;0.653500;0.047621;0.641619;0.252552;0.700560;0.183734;0.204967;0.722413;0.180530;0.635230;0.316169;0.630210;0.469935;0.531068;-0.150201;0.781873;-0.109261;0.595128;0.456431;-0.516752;0.608398;-0.393052;0.456431;-0.516752;0.608398;-0.393052;0.600675;0.064804;0.795601;0.044815;0.393052;0.608398;0.516752;0.456431;0.600675;0.064804;0.795601;0.044815;0.456431;-0.516752;0.608398;-0.393052
10733555;1;0.534990;-0.394901;0.675293;-0.319091;0.594919;-0.225451;0.749092;-0.184673;0.570229;-0.286902;0.710575;-0.295990;0.592129;-0.228995;0.731294;-0.249308;0.926465;-0.355947;0.057307;0.108076;0.811421;-0.123456;-0.083929;0.565075;0.220979;-0.147822;0.020838;0.963785;0.384663;0.074382;-0.011215;0.919987;0.465974;0.075090;-0.004469;0.881595;0.465974;0.075090;-0.004469;0.881595;0.259148;0.031052;0.561676;0.785110;0.377932;0.893980;-0.161506;-0.178558;0.244938;0.739579;-0.573491;-0.253250;-0.298423;-0.580860;0.733806;0.187281;0.670666;0.064031;-0.235210;-0.700560;0.674544;0.062724;-0.235562;-0.696827;0.674544;0.062724;-0.235562;-0.696827;-0.450185;-0.429440;0.682534;0.383486;-0.049410;0.597062;-0.114489;0.792444;0.715032;-0.192690;0.576647;-0.345077;0.568064;-0.414655;0.502836;-0.502514;0.760817;0.060509;0.644673;0.043511;0.638645;0.252840;0.702803;0.185127;0.202446;0.724351;0.181877;0.633444;0.315683;0.630746;0.470911;0.529855;-0.149690;0.782933;-0.108949;0.593918;0.469902;-0.501682;0.608320;-0.396805;0.469902;-0.501682;0.608320;-0.396805;0.612855;0.075404;0.784890;0.051687;0.396805;0.608320;0.501682;0.469902;0.612855;0.075404;0.784890;0.051687;0.469902;-0.501682;0.608320;-0.396805
10766877;1;0.535069;-0.394583;0.675388;-0.319149;0.595146;-0.224566;0.749277;-0.184270;0.570646;-0.285270;0.711031;-0.295668;0.592518;-0.227332;0.731618;-0.248953;0.927122;-0.354582;0.057726;0.106694;0.811257;-0.124586;-0.085462;0.564834;0.218503;-0.149635;0.020853;0.964070;0.375056;0.073551;-0.014503;0.923966;0.456577;0.074557;-0.007834;0.886520;0.456577;0.074557;-0.007834;0.886520;0.239812;0.015429;0.553745;0.797257;0.376508;0.894355;-0.162719;-0.178589;0.243787;0.739456;-0.574491;-0.252454;-0.297055;-0.580738;0.734559;0.186879;0.673348;0.054872;-0.224411;-0.702305;0.685645;0.050900;-0.225345;-0.690304;0.685645;0.050900;-0.225345;-0.690304;-0.458868;-0.424002;0.675798;0.391100;-0.047877;0.598064;-0.114614;0.791764;0.713614;-0.193195;0.577541;-0.346234;0.566429;-0.416287;0.504140;-0.501702;0.759097;0.060266;0.646759;0.042937;0.640336;0.252890;0.701546;0.183984;0.204144;0.723391;0.180912;0.634272;0.317495;0.630272;0.470018;0.530129;-0.148599;0.781976;-0.109256;0.595395;0.482568;-0.490019;0.614060;-0.387222;0.482568;-0.490019;0.614060;-0.387222;0.615034;0.087710;0.780701;0.067420;0.387222;0.614060;0.490019;0.482568;0.615034;0.087710;0.780701;0.067420;0.482568;-0.490019;0.614060;-0.387222
10800222;1;0.535643;-0.394123;0.675431;-0.318664;0.595766;-0.223387;0.749425;-0.183091;0.572100;-0.283328;0.711311;-0.294047;0.593838;-0.225373;0.731741;-0.247222;0.928162;-0.352157;0.056119;0.106543;0.810560;-0.124371;-0.090103;0.565159;0.216040;-0.152574;0.017553;0.964230;0.366965;0.070107;-0.019057;0.927393;0.441471;0.071429;-0.013269;0.894329;0.441471;0.071429;-0.013269;0.894329;0.226793;0.006437;0.547769;0.805278;0.373887;0.895646;-0.162773;-0.177573;0.241247;0.740907;-0.574213;-0.251269;-0.294264;-0.582375;0.734509;0.186400;0.673435;0.061127;-0.229460;-0.700069;0.684376;0.057506;-0.230394;-0.689377;0.684376;0.057506;-0.230394;-0.689377;-0.454184;-0.436489;0.671660;0.389958;-0.048059;0.598246;-0.115154;0.791538;0.713142;-0.193420;0.577761;-0.346712;0.565605;-0.415897;0.503785;-0.503310;0.759642;0.060284;0.646228;0.041215;0.640765;0.251996;0.701619;0.183436;0.204427;0.723071;0.181228;0.634456;0.317776;0.629833;0.470430;0.530118;-0.148387;0.781956;-0.108655;0.595584;0.494137;-0.476146;0.623261;-0.375045;0.494137;-0.476146;0.623261;-0.375045;0.614605;0.104026;0.777398;0.084210;0.375045;0.623261;0.476146;0.494137;0.614605;0.104026;0.777398;0.084210;0.494137;-0.476146;0.623261;-0.375045
10833544;1;0.535909;-0.393847;0.675483;-0.318447;0.596035;-0.222858;0.749485;-0.182619;0.572558;-0.282418;0.711465;-0.293658;0.594263;-0.224454;0.731822;-0.246797;0.928592;-0.351299;0.055599;0.105896;0.810049;-0.125948;-0.093467;0.564997;0.214689;-0.155990;0.016314;0.964007;0.363082;0.063927;-0.020728;0.929331;0.435407;0.065365;-0.015610;0.897722;0.435407;0.065365;-0.015610;0.897722;0.224411;-0.006352;0.544759;0.807983;0.372930;0.896030;-0.163220;-0.177238;0.240476;0.741132;-0.574573;-0.250522;-0.293350;-0.582456;0.734952;0.185838;0.673994;0.058777;-0.228159;-0.700158;0.685798;0.054891;-0.229125;-0.688600;0.685798;0.054891;-0.229125;-0.688600;-0.458676;-0.434998;0.669756;0.389641;-0.048552;0.598355;-0.115851;0.791323;0.713360;-0.192595;0.578289;-0.345842;0.566593;-0.415374;0.505071;-0.501338;0.758956;0.061572;0.646776;0.043303;0.640490;0.251854;0.701876;0.183610;0.203936;0.723261;0.181267;0.634387;0.317205;0.629947;0.470569;0.530200;-0.148851;0.782133;-0.108634;0.595240;0.497901;-0.470677;0.627506;-0.369857;0.497901;-0.470677;0.627506;-0.369857;0.613597;0.110895;0.776533;0.090541;0.369857;0.627506;0.470677;0.497901;0.613597;0.110895;0.776533;0.090541;0.497901;-0.470677;0.627506;-0.369857
10866888;1;0.536056;-0.395345;0.673180;-0.321210;0.598629;-0.217473;0.749783;-0.179373;0.569098;-0.275792;0.714188;-0.300003;0.591323;-0.217631;0.734005;-0.253399;0.928621;-0.352554;0.047043;0.105618;0.800122;-0.159285;-0.118473;0.566036;0.215254;-0.197635;0.018664;0.956168;0.336299;0.045500;-0.028614;0.940220;0.425750;0.048056;-0.024074;0.903243;0.425750;0.048056;-0.024074;0.903243;0.243245;-0.040262;0.541997;0.803399;0.374109;0.891179;-0.183310;-0.179555;0.245562;0.737626;-0.581167;-0.240525;-0.290334;-0.600165;0.722253;0.184008;0.668097;0.103809;-0.274878;-0.683603;0.694633;0.092847;-0.278771;-0.656621;0.694633;0.092847;-0.278771;-0.656621;-0.469719;-0.465470;0.674595;0.328060;-0.058010;0.611055;-0.115552;0.780958;0.706035;-0.204223;0.587447;-0.338694;0.555015;-0.435665;0.504844;-0.497279;0.747962;0.046988;0.660978;0.038105;0.621601;0.246967;0.719219;0.187997;0.192867;0.733975;0.198632;0.620185;0.312099;0.627101;0.493927;0.515145;-0.141765;0.796478;-0.090088;0.580870;0.577470;-0.349285;0.690416;-0.260489;0.577470;-0.349285;0.690416;-0.260489;0.592527;0.241216;0.735179;0.224140;0.260489;0.690416;0.349285;0.577470;0.592527;0.241216;0.735179;0.224140;0.577470;-0.349285;0.690416;-0.260489
10900211;1;0.531460;-0.390863;0.663846;-0.352258;0.610392;-0.183116;0.748287;-0.184274;0.556918;-0.281335;0.718742;-0.306760;0.579725;-0.222791;0.738989;-0.261111;0.922375;-0.361721;0.042470;0.128758;0.802383;-0.171596;-0.154535;0.550322;0.231725;-0.230923;-0.000920;0.944975;0.319605;0.039273;-0.059643;0.944856;0.432566;0.046261;-0.054402;0.898770;0.432566;0.046261;-0.054402;0.898770;0.275027;-0.014401;0.533800;0.799506;0.386695;0.873309;-0.201744;-0.217021;0.297125;0.713392;-0.557545;-0.303203;-0.359193;-0.565103;0.707421;0.226264;0.655674;-0.042911;-0.104665;-0.746523;0.680720;-0.046451;-0.103142;-0.723757;0.680720;-0.046451;-0.103142;-0.723757;-0.451833;-0.380277;0.598460;0.541371;-0.072351;0.612420;-0.126282;0.777020;0.705658;-0.203004;0.591486;-0.333137;0.546707;-0.434621;0.496234;-0.515721;0.755028;0.041553;0.654093;0.019196;0.620363;0.261384;0.713836;0.193047;0.203470;0.732781;0.202043;0.617099;0.349934;0.610505;0.505757;0.499039;-0.103444;0.793117;-0.070225;0.596099;0.673615;-0.245685;0.670094;-0.191981;0.673615;-0.245685;0.670094;-0.191981;0.612068;0.300102;0.647553;0.340567;0.191981;0.670094;0.245685;0.673615;0.612068;0.300102;0.647553;0.340567;0.673615;-0.245685;0.670094;-0.191981
10933555;1;0.504032;-0.464196;0.679951;-0.261036;0.558190;-0.246174;0.785627;-0.103018;0.563441;-0.254455;0.747447;-0.243126;0.581124;-0.193695;0.765445;-0.197158;0.940368;-0.289302;0.076355;0.161811;0.794227;-0.190558;-0.158337;0.554815;0.217596;-0.247546;0.010204;0.944070;0.373233;0.031537;-0.045128;0.926103;0.606218;0.042409;-0.035109;0.793390;0.606218;0.042409;-0.035109;0.793390;0.160508;0.083061;0.532676;0.826798;0.344234;0.888774;-0.234633;-0.191132;0.307673;0.700027;-0.577191;-0.286619;-0.358580;-0.571087;0.705015;0.219620;0.666714;-0.011715;-0.116733;-0.736022;0.711490;-0.019001;-0.115771;-0.692833;0.711490;-0.019001;-0.115771;-0.692833;-0.478296;-0.370733;0.623401;0.495138;-0.060171;0.621318;-0.127436;0.770782;0.685803;-0.220731;0.594655;-0.356844;0.517923;-0.474926;0.503318;-0.502864;0.725737;0.017889;0.687692;0.008163;0.470886;0.087281;0.863773;0.156667;0.072808;0.810123;0.311976;0.490989;0.210409;0.671874;0.555900;0.441915;-0.162322;0.871181;-0.077504;0.456824;0.675806;-0.109749;0.715923;-0.136731;0.675806;-0.109749;0.715923;-0.136731;0.574551;0.428630;0.583838;0.381184;0.136731;0.715923;0.109749;0.675806;0.574551;0.428630;0.583838;0.381184;0.675806;-0.109749;0.715923;-0.136731
10966877;1;0.505182;-0.462442;0.706665;-0.177663;0.533594;-0.270420;0.800063;-0.045278;0.568545;-0.236051;0.759457;-0.210385;0.583586;-0.174387;0.775940;-0.164114;0.954116;-0.253570;0.066202;0.144851;0.800009;-0.192507;-0.190688;0.535318;0.197759;-0.270957;-0.001757;0.942057;0.365937;0.010551;-0.053945;0.929015;0.668469;0.028797;-0.046820;0.741706;0.668469;0.028797;-0.046820;0.741706;0.116034;0.213186;0.517524;0.820522;0.308454;0.905547;-0.215560;-0.195893;0.295970;0.697985;-0.582393;-0.293320;-0.350256;-0.562377;0.714211;0.225733;0.667427;-0.012534;-0.120001;-0.734836;0.705449;-0.018879;-0.119168;-0.698416;0.705449;-0.018879;-0.119168;-0.698416;-0.465700;-0.375740;0.626318;0.499669;-0.064351;0.622139;-0.126739;0.769896;0.680349;-0.233162;0.590606;-0.365985;0.501056;-0.464223;0.477416;-0.552734;0.748773;0.006960;0.661640;-0.039041;0.444841;0.113646;0.860114;0.222272;-0.001080;0.820816;0.280870;0.497365;0.117573;0.671069;0.566669;0.463388;-0.243307;0.877896;-0.068818;0.406651;0.725323;-0.078856;0.666736;-0.152157;0.725323;-0.078856;0.666736;-0.152157;0.620472;0.415694;0.527213;0.405289;0.152157;0.666736;0.078856;0.725323;0.620472;0.415694;0.527213;0.405289;0.725323;-0.078856;0.666736;-0.152157
11000222;1;0.520961;-0.429253;0.699990;-0.233144;0.564702;-0.222983;0.790267;-0.082875;0.575757;-0.212944;0.754404;-0.232450;0.592544;-0.151760;0.769051;-0.185530;0.956535;-0.259890;0.028893;0.129086;0.799460;-0.195801;-0.194973;0.533396;0.206163;-0.276280;-0.004710;0.938693;0.352425;-0.017497;-0.059000;0.933815;0.731977;0.010659;-0.060609;0.678545;0.731977;0.010659;-0.060609;0.678545;0.149588;0.293080;0.504430;0.798297;0.296612;0.901359;-0.214578;-0.231363;0.298273;0.702110;-0.567686;-0.309529;-0.359739;-0.557981;0.709847;0.235293;0.672143;-0.010937;-0.135483;-0.727839;0.702648;-0.016720;-0.134891;-0.698434;0.702648;-0.016720;-0.134891;-0.698434;-0.470692;-0.367147;0.645019;0.477076;-0.087498;0.617845;-0.151927;0.766505;0.678848;-0.228666;0.593789;-0.366458;-0.476459;0.514954;-0.473085;0.532916;0.717543;-0.032100;0.694499;-0.042098;0.489995;0.236930;0.792945;0.273874;0.023022;0.799690;0.212875;0.560937;0.171134;0.649456;0.536821;0.510631;-0.238582;0.841950;-0.074813;0.478124;0.733034;-0.061273;0.668782;-0.107880;0.733034;-0.061273;0.668782;-0.107880;0.594616;0.429574;0.516226;0.442051;0.107880;0.668782;0.061273;0.733034;0.594616;0.429574;0.516226;0.442051;0.733034;-0.061273;0.668782;-0.107880
11033544;1;0.526733;-0.405022;0.696183;-0.271732;0.583415;-0.181908;0.784617;-0.104464;0.574128;-0.214189;0.749453;-0.250639;0.592379;-0.153398;0.764216;-0.203790;0.952381;-0.277332;0.012664;0.126082;0.805870;-0.205023;-0.217150;0.511258;0.208074;-0.298524;-0.008495;0.931406;0.401789;-0.076459;-0.069470;0.909887;0.681051;-0.049062;-0.090912;0.724912;0.681051;-0.049062;-0.090912;0.724912;0.163991;0.289589;0.470516;0.817227;0.304651;0.893327;-0.215533;-0.250399;0.296624;0.700796;-0.562751;-0.322815;-0.363294;-0.551495;0.709689;0.245384;0.685695;0.051420;-0.206100;-0.696205;0.715395;0.042386;-0.208146;-0.665649;0.715395;0.042386;-0.208146;-0.665649;-0.485645;-0.414012;0.667023;0.384478;-0.096419;0.615713;-0.156278;0.766275;0.681700;-0.227268;0.593240;-0.362905;-0.491278;0.496382;-0.480218;0.530700;0.726447;-0.013830;0.686420;-0.030184;0.527036;0.279087;0.753437;0.276903;0.065466;0.780580;0.190198;0.591805;0.229203;0.639398;0.515021;0.522867;-0.206020;0.819749;-0.083397;0.527837;0.753614;0.004028;0.652353;-0.080536;0.753614;0.004028;0.652353;-0.080536;0.589833;0.464131;0.458435;0.475938;0.080536;0.652353;-0.004028;0.753614;0.589833;0.464131;0.458435;0.475938;0.753614;0.004028;0.652353;-0.080536
11066888;1;0.533588;-0.384685;0.699723;-0.278726;0.593635;-0.149388;0.784397;-0.100013;0.576586;-0.202432;0.748984;-0.256112;0.595267;-0.141717;0.762805;-0.209049;0.955577;-0.275651;0.001875;0.104337;0.816472;-0.196557;-0.216286;0.497955;0.218367;-0.292019;-0.011798;0.931075;0.377297;-0.104819;-0.069376;0.917522;0.691529;-0.071490;-0.103389;0.711328;0.691529;-0.071490;-0.103389;0.711328;0.144211;0.312536;0.458172;0.819514;0.291968;0.894213;-0.208188;-0.267946;0.299360;0.695484;-0.556474;-0.342086;-0.372436;-0.542349;0.706554;0.260634;0.655633;-0.168134;0.012291;-0.736020;0.756649;-0.164504;0.036858;-0.631713;0.756649;-0.164504;0.036858;-0.631713;-0.471004;-0.264511;0.571269;0.617933;-0.107869;0.607750;-0.161466;0.770021;0.684604;-0.229407;0.585544;-0.368548;-0.491538;0.498697;-0.473818;0.534030;0.728962;-0.019995;0.683497;-0.032329;0.558611;0.301224;0.720398;0.279722;0.096785;0.761360;0.173102;0.617252;0.261298;0.624966;0.506361;0.533609;-0.190775;0.803583;-0.079469;0.558161;0.772879;0.018420;0.627630;-0.091644;0.772879;0.018420;0.627630;-0.091644;0.611310;0.456826;0.430777;0.481706;0.091644;0.627630;-0.018420;0.772879;0.611310;0.456826;0.430777;0.481706;0.772879;0.018420;0.627630;-0.091644
11100211;1;0.512976;-0.414289;0.733276;-0.165911;0.539011;-0.186508;0.821306;-0.011771;0.568931;-0.205757;0.764309;-0.223189;0.584997;-0.143801;0.778348;-0.176846;0.963575;-0.248998;0.016964;0.096102;0.813709;-0.203488;-0.224506;0.496052;0.220224;-0.302704;-0.013427;0.927195;0.357236;-0.034939;-0.076921;0.930185;0.667578;-0.004970;-0.084338;0.739731;0.667578;-0.004970;-0.084338;0.739731;0.092028;0.223839;0.492806;0.835805;0.289641;0.896799;-0.218773;-0.252979;0.297477;0.699375;-0.553648;-0.340375;-0.370168;-0.546888;0.704674;0.259468;0.679966;0.000750;-0.179722;-0.710877;0.727698;-0.011735;-0.179340;-0.661933;0.727698;-0.011735;-0.179340;-0.661933;-0.417643;-0.478915;0.591527;0.496297;-0.116729;0.614218;-0.166383;0.762514;0.679884;-0.235688;0.591148;-0.364352;-0.484622;0.507713;-0.472309;0.533192;0.723495;-0.027479;0.688812;-0.036566;0.330102;0.336644;0.795108;0.381454;-0.083824;0.827428;0.246687;0.497475;0.102440;0.663565;0.555006;0.491076;-0.273565;0.864406;-0.071636;0.415732;0.774379;0.005961;0.624890;-0.099060;0.774379;0.005961;0.624890;-0.099060;0.617615;0.446079;0.437649;0.477523;0.099060;0.624890;-0.005961;0.774379;0.617615;0.446079;0.437649;0.477523;0.774379;0.005961;0.624890;-0.099060
11133555;1;0.518954;-0.421487;0.723663;-0.171308;0.546230;-0.198992;0.813475;-0.017126;0.576383;-0.195169;0.760548;-0.226401;0.592683;-0.133550;0.773750;-0.179450;0.963175;-0.246552;0.002385;0.107244;0.812667;-0.216586;-0.231104;0.489136;0.238643;-0.316436;-0.013665;0.918004;0.392621;-0.020937;-0.086759;0.915360;0.703466;0.012653;-0.088348;0.705103;0.703466;0.012653;-0.088348;0.705103;0.139403;0.271609;0.470904;0.827674;0.282585;0.893316;-0.229090;-0.263914;0.309013;0.692267;-0.546849;-0.355294;-0.387095;-0.536010;0.700692;0.268106;0.626227;0.308375;-0.430679;-0.572066;0.655090;0.285594;-0.446112;-0.538774;0.655090;0.285594;-0.446112;-0.538774;-0.468504;-0.568961;0.673913;0.051275;-0.110298;0.604452;-0.167692;0.770942;0.685787;-0.224023;0.585964;-0.368994;-0.485278;0.507015;-0.471239;0.534205;0.724668;-0.027739;0.687554;-0.036821;0.353236;0.325527;0.784881;0.391431;-0.097011;0.821519;0.216969;0.518286;0.090392;0.670816;0.524572;0.516391;-0.300102;0.848176;-0.098194;0.425316;0.796533;0.056839;0.601219;-0.028975;0.796533;0.056839;0.601219;-0.028975;0.583723;0.465317;0.384935;0.542746;0.028975;0.601219;-0.056839;0.796533;0.583723;0.465317;0.384935;0.542746;0.796533;0.056839;0.601219;-0.028975
11166888;1;0.508546;-0.427438;0.725873;-0.178284;0.537232;-0.227531;0.811064;-0.042261;0.589829;-0.174505;0.760509;-0.208027;0.604612;-0.112955;0.772054;-0.160057;0.968475;-0.218098;0.012399;0.119733;0.821721;-0.217200;-0.225984;0.475952;0.246807;-0.313362;-0.007001;0.916974;0.399689;-0.031992;-0.081141;0.912492;0.693774;-0.001570;-0.087206;0.714891;0.693774;-0.001570;-0.087206;0.714891;0.325725;-0.073464;0.499395;0.799444;0.258051;0.904509;-0.246977;-0.232970;0.292246;0.698919;-0.562322;-0.331509;-0.360941;-0.550061;0.708609;0.255004;0.680702;-0.004964;-0.120956;-0.722489;0.723577;-0.012345;-0.120426;-0.679545;0.723577;-0.012345;-0.120426;-0.679545;0.501595;0.364500;-0.631378;-0.465730;-0.104407;0.599972;-0.166699;0.775464;0.685967;-0.222102;0.581793;-0.376346;-0.484039;0.507626;-0.471857;0.534203;0.723793;-0.027742;0.688429;-0.037692;0.344609;0.294321;0.809457;0.373363;-0.108229;0.831931;0.222919;0.496472;0.067944;0.691937;0.514361;0.502036;-0.306060;0.855827;-0.120284;0.399272;0.813690;0.055933;0.578310;-0.018399;0.813690;0.055933;0.578310;-0.018399;0.588376;0.448477;0.369376;0.562355;0.018399;0.578310;-0.055933;0.813690;0.588376;0.448477;0.369376;0.562355;0.813690;0.055933;0.578310;-0.018399
11200222;1;0.506873;-0.424472;0.727865;-0.181976;0.536112;-0.231604;0.810138;-0.051185;0.595604;-0.164213;0.760315;-0.200525;0.609767;-0.102712;0.771035;-0.152115;0.971616;-0.205830;0.010229;0.116152;0.819113;-0.216636;-0.230252;0.478651;0.246968;-0.315925;-0.011774;0.916002;0.385655;-0.018467;-0.087124;0.918335;0.708700;0.016401;-0.087536;0.699866;0.708700;0.016401;-0.087536;0.699866;0.191089;-0.000586;0.498199;0.845743;0.244821;0.909075;-0.249480;-0.226727;0.285062;0.704033;-0.561710;-0.327961;-0.354317;-0.551842;0.711795;0.251551;0.668591;-0.099627;-0.053044;-0.735015;0.714066;-0.102804;-0.046588;-0.690920;0.714066;-0.102804;-0.046588;-0.690920;-0.483258;-0.318589;0.593710;0.558991;-0.105094;0.603524;-0.165210;0.772929;0.685124;-0.224175;0.584242;-0.372843;-0.487574;0.502364;-0.474068;0.534005;0.726148;-0.022437;0.686275;-0.035090;0.351244;0.283825;0.813826;0.365730;-0.107955;0.833942;0.217635;0.495502;0.060721;0.699202;0.505776;0.501618;-0.310959;0.854908;-0.131467;0.393895;0.831266;0.016032;0.555078;-0.025058;0.831266;0.016032;0.555078;-0.025058;0.605512;0.403836;0.381163;0.570076;0.025058;0.555078;-0.016032;0.831266;0.605512;0.403836;0.381163;0.570076;0.831266;0.016032;0.555078;-0.025058
11233533;1;0.506683;-0.424199;0.728487;-0.180647;0.536223;-0.220266;0.813708;-0.042738;0.592373;-0.170571;0.759381;-0.208184;0.607160;-0.109124;0.770614;-0.160010;0.969033;-0.216757;0.004572;0.118197;0.818609;-0.218651;-0.228602;0.479387;0.251543;-0.316140;-0.011066;0.914691;0.387161;-0.008808;-0.088847;0.917679;0.700941;0.024898;-0.085741;0.707609;0.700941;0.024898;-0.085741;0.707609;0.259226;-0.034201;0.494110;0.829148;0.255678;0.904748;-0.255627;-0.225196;0.281294;0.706403;-0.562624;-0.324536;-0.349852;-0.553918;0.713250;0.249105;0.671347;-0.025724;-0.113193;-0.731997;0.725897;-0.034393;-0.110867;-0.677938;0.725897;-0.034393;-0.110867;-0.677938;-0.494459;-0.357370;0.623186;0.489322;-0.108708;0.603038;-0.168952;0.772000;0.685040;-0.223201;0.585182;-0.372108;-0.484191;0.508230;-0.472876;0.532587;0.722768;-0.027445;0.689583;-0.036441;0.334920;0.295765;0.812807;0.373760;-0.117177;0.836895;0.218402;0.488035;0.056876;0.697587;0.512551;0.497423;-0.310701;0.858499;-0.125522;0.388188;0.798778;0.062655;0.597953;-0.021902;0.798778;0.062655;0.597953;-0.021902;0.580308;0.467120;0.378513;0.549335;0.021902;0.597953;-0.062655;0.798778;0.580308;0.467120;0.378513;0.549335;0.798778;0.062655;0.597953;-0.021902
11266888;1;0.506862;-0.425574;0.727438;-0.181141;0.536552;-0.221334;0.813198;-0.042817;0.592317;-0.171824;0.759019;-0.208633;0.607140;-0.110403;0.770354;-0.160462;0.968565;-0.218019;0.003672;0.119731;0.813828;-0.223263;-0.233614;0.482972;0.245406;-0.322944;-0.011361;0.913977;0.389636;-0.018694;-0.087973;0.916567;0.706692;0.015885;-0.088524;0.701782;0.706692;0.015885;-0.088524;0.701782;0.300897;0.006469;0.507073;0.807648;0.256696;0.904924;-0.254490;-0.224621;0.277423;0.708214;-0.562351;-0.324393;-0.346814;-0.553573;0.715096;0.248826;0.669163;0.041720;-0.174668;-0.721090;0.720829;0.028643;-0.177283;-0.669445;0.720829;0.028643;-0.177283;-0.669445;-0.488015;-0.397205;0.652938;0.421594;-0.106982;0.605048;-0.166944;0.771104;0.684849;-0.223556;0.586544;-0.370096;-0.490090;0.501905;-0.478005;0.528597;0.724135;-0.019305;0.688756;-0.029499;0.361859;0.268605;0.817997;0.357479;-0.107997;0.834627;0.211224;0.497110;0.055485;0.701215;0.501949;0.503256;-0.315855;0.853627;-0.135574;0.391378;0.794948;0.067606;0.602671;-0.016581;0.794948;0.067606;0.602671;-0.016581;0.573837;0.473957;0.378348;0.550389;0.016581;0.602671;-0.067606;0.794948;0.573837;0.473957;0.378348;0.550389;0.794948;0.067606;0.602671;-0.016581
11300211;1;0.508813;-0.424803;0.727341;-0.177841;0.537582;-0.220475;0.812941;-0.039030;0.596888;-0.166252;0.759143;-0.199464;0.610962;-0.104838;0.770031;-0.150955;0.971740;-0.207014;0.002739;0.113400;0.815969;-0.212533;-0.236563;0.482766;0.233491;-0.317597;-0.016259;0.918885;0.400281;-0.046722;-0.087007;0.911055;0.696935;-0.012888;-0.097913;0.710302;0.696935;-0.012888;-0.097913;0.710302;0.340262;-0.049209;0.502781;0.793102;0.245605;0.910071;-0.248358;-0.223088;0.271030;0.711520;-0.560381;-0.325968;-0.341363;-0.556170;0.714817;0.251364;0.665924;0.059115;-0.204742;-0.714934;0.712437;0.045231;-0.208250;-0.668596;0.712437;0.045231;-0.208250;-0.668596;-0.489095;-0.410560;0.662566;0.391449;-0.107461;0.604085;-0.167692;0.771630;0.685733;-0.222103;0.586317;-0.369693;-0.492233;0.498324;-0.478754;0.529315;0.726151;-0.016230;0.686752;-0.028515;0.356671;0.270392;0.817573;0.362281;-0.114881;0.835248;0.209405;0.495290;0.050389;0.703421;0.498555;0.504087;-0.320081;0.852785;-0.139512;0.388384;0.788955;-0.000454;0.609356;-0.078969;0.788955;-0.000454;0.609356;-0.078969;0.613715;0.430558;0.431201;0.502036;0.078969;0.609356;0.000454;0.788955;0.613715;0.430558;0.431201;0.502036;0.788955;-0.000454;0.609356;-0.078969
11333555;1;0.508644;-0.424909;0.727418;-0.177753;0.537390;-0.220698;0.813005;-0.039082;0.596760;-0.166739;0.759114;-0.199552;0.610841;-0.105326;0.770041;-0.151053;0.971576;-0.207378;0.002893;0.114132;0.815073;-0.213168;-0.236454;0.484051;0.231656;-0.317973;-0.015631;0.919230;0.397987;-0.049167;-0.085972;0.912030;0.693266;-0.015797;-0.097771;0.713844;0.693266;-0.015797;-0.097771;0.713844;0.344201;-0.055632;0.503353;0.790612;0.246020;0.910099;-0.248051;-0.222856;0.271448;0.711806;-0.560120;-0.325443;-0.341536;-0.556815;0.714394;0.250899;0.667577;0.059278;-0.203280;-0.713796;0.717055;0.044545;-0.207008;-0.664075;0.717055;0.044545;-0.207008;-0.664075;-0.490470;-0.412675;0.660078;0.391709;-0.107358;0.604342;-0.167666;0.771449;0.685391;-0.222490;0.586427;-0.369920;-0.492119;0.498247;-0.478988;0.529282;0.726047;-0.016011;0.686864;-0.028574;0.353312;0.270889;0.816909;0.366674;-0.120388;0.834953;0.208631;0.494806;0.045505;0.703466;0.497437;0.505590;-0.324612;0.852016;-0.140311;0.386016;0.789325;-0.000075;0.608763;-0.079839;0.789325;-0.000075;0.608763;-0.079839;0.614591;0.430407;0.430514;0.501682;0.079839;0.608763;0.000075;0.789325;0.614591;0.430407;0.430514;0.501682;0.789325;-0.000075;0.608763;-0.079839
11366877;1;0.509611;-0.432295;0.726016;-0.162229;0.534133;-0.232857;0.812253;-0.026908;0.585928;-0.193390;0.756384;-0.217189;0.601458;-0.132110;0.769457;-0.169501;0.964633;-0.236946;0.013127;0.114749;0.809048;-0.194086;-0.228630;0.505471;0.229569;-0.298474;-0.029226;0.925936;0.402839;-0.074668;-0.093806;0.907384;0.692697;-0.037474;-0.113888;0.711193;0.692697;-0.037474;-0.113888;0.711193;0.420507;-0.095145;0.493511;0.755360;0.279976;0.899872;-0.249781;-0.222382;0.275556;0.707027;-0.563729;-0.326175;-0.341770;-0.562364;0.708114;0.255958;0.668433;0.117040;-0.249603;-0.690795;0.710522;0.101123;-0.256464;-0.647425;0.710522;0.101123;-0.256464;-0.647425;-0.462794;-0.471625;0.665077;0.347942;-0.094958;0.610751;-0.169135;0.767698;0.679860;-0.217412;0.595326;-0.368929;-0.489554;0.500661;-0.492725;0.516620;0.715368;-0.008002;0.698373;-0.021444;0.303310;0.254073;0.841475;0.367925;-0.147117;0.846123;0.238054;0.453611;0.030719;0.713119;0.512971;0.476842;-0.314840;0.869628;-0.136139;0.355089;0.785383;0.040249;0.614406;-0.063701;0.785383;0.040249;0.614406;-0.063701;0.600394;0.462911;0.405990;0.510306;0.063701;0.614406;-0.040249;0.785383;0.600394;0.462911;0.405990;0.510306;0.785383;0.040249;0.614406;-0.063701
11400222;1;0.512569;-0.433116;0.724123;-0.159153;0.536055;-0.239133;0.809172;-0.026487;0.585113;-0.196803;0.755198;-0.220427;0.600905;-0.135607;0.768548;-0.172795;0.964157;-0.241022;0.019478;0.109228;0.805543;-0.192940;-0.227783;0.511850;0.230907;-0.296786;-0.032071;0.926052;0.391803;-0.052818;-0.096833;0.913413;0.661265;-0.019380;-0.108585;0.741999;0.661265;-0.019380;-0.108585;0.741999;0.406712;-0.066851;0.496829;0.763726;0.283058;0.900829;-0.245203;-0.219683;0.274453;0.708235;-0.563009;-0.325729;-0.339497;-0.566726;0.705265;0.257227;0.649781;0.183764;-0.307580;-0.670380;0.713015;0.152380;-0.324276;-0.602690;0.713015;0.152380;-0.324276;-0.602690;-0.434200;-0.538318;0.659090;0.295439;-0.090946;0.612911;-0.164083;0.767558;0.679860;-0.218845;0.595608;-0.367626;-0.491262;0.490761;-0.489785;0.527187;0.723976;-0.003085;0.689260;-0.027765;0.313311;0.246258;0.842044;0.363532;-0.140262;0.843577;0.240865;0.459009;0.034548;0.709716;0.514946;0.479521;-0.313987;0.868630;-0.132345;0.359693;0.767318;0.004933;0.635483;-0.085790;0.767318;0.004933;0.635483;-0.085790;0.603239;0.452842;0.445866;0.481913;0.085790;0.635483;-0.004933;0.767318;0.603239;0.452842;0.445866;0.481913;0.767318;0.004933;0.635483;-0.085790
11433544;1;0.507535;-0.439733;0.727992;-0.138097;0.525218;-0.277066;0.804097;-0.028446;0.589141;-0.197648;0.756159;-0.205114;0.603693;-0.136373;0.769573;-0.157209;0.967267;-0.225642;0.062478;0.097860;0.797926;-0.195556;-0.212879;0.528918;0.210661;-0.288470;-0.018553;0.933843;0.355949;0.018644;-0.077985;0.931059;0.647363;0.043698;-0.067229;0.757953;0.647363;0.043698;-0.067229;0.757953;0.352120;-0.007060;0.525277;0.774626;0.268213;0.919890;-0.231041;-0.168773;0.269755;0.700260;-0.584731;-0.308151;-0.328252;-0.562438;0.718289;0.244899;0.594625;-0.393816;0.253880;-0.653357;0.621390;-0.382870;0.270105;-0.627955;0.621390;-0.382870;0.270105;-0.627955;-0.419975;-0.136199;0.285860;0.850503;-0.065424;0.619090;-0.143177;0.769381;0.673840;-0.228413;0.593010;-0.376971;-0.469508;0.513712;-0.475589;0.538031;0.716221;-0.029502;0.695408;-0.050641;0.339767;0.175711;0.863862;0.327761;-0.130455;0.845567;0.249182;0.453770;0.009183;0.707432;0.527697;0.470097;-0.325296;0.875843;-0.121618;0.335097;0.725656;-0.124646;0.655325;-0.168632;0.725656;-0.124646;0.655325;-0.168632;0.632357;0.375247;0.551523;0.393876;0.168632;0.655325;0.124646;0.725656;0.632357;0.375247;0.551523;0.393876;0.725656;-0.124646;0.655325;-0.168632
11466888;1;0.507004;-0.445012;0.724674;-0.140567;0.524912;-0.290235;0.799345;-0.035768;0.598224;-0.196438;0.752053;-0.194822;0.611921;-0.135496;0.765384;-0.146221;0.969003;-0.216580;0.067803;0.097614;0.799530;-0.187745;-0.191165;0.537549;0.208167;-0.267792;-0.008928;0.940677;0.344157;0.038548;-0.065128;0.935857;0.678931;0.060713;-0.045184;0.730292;0.678931;0.060713;-0.045184;0.730292;0.286981;0.045248;0.539398;0.790344;0.258564;0.925951;-0.233923;-0.145051;0.240219;0.715456;-0.592942;-0.280781;-0.292324;-0.579844;0.726111;0.226031;0.692599;-0.042655;-0.112698;-0.711187;0.698302;-0.043561;-0.112351;-0.705588;0.698302;-0.043561;-0.112351;-0.705588;0.548454;0.386187;-0.570343;-0.474096;-0.055553;0.620195;-0.142946;0.769310;0.669591;-0.227146;0.594593;-0.382769;-0.466732;0.498221;-0.476788;0.553723;0.725255;-0.017742;0.685289;-0.063795;0.331669;0.148356;0.876680;0.315306;-0.133890;0.850606;0.258820;0.437670;0.002036;0.717895;0.525553;0.456526;-0.320866;0.881676;-0.130536;0.320394;0.669625;-0.205771;0.681300;-0.212347;0.669625;-0.205771;0.681300;-0.212347;0.623648;0.336250;0.627254;0.323344;0.212347;0.681300;0.205771;0.669624;0.623648;0.336250;0.627254;0.323344;0.669625;-0.205771;0.681300;-0.212347
11500211;1;0.507200;-0.440649;0.727376;-0.139643;0.524209;-0.299740;0.795867;-0.044232;0.605033;-0.189226;0.751023;-0.184645;0.617892;-0.128389;0.763778;-0.135531;0.972663;-0.204211;0.076638;0.079691;0.799754;-0.177513;-0.192081;0.540358;0.186935;-0.261302;-0.011271;0.946916;0.362990;0.049202;-0.058191;0.928672;0.675750;0.066990;-0.036324;0.733181;0.675750;0.066990;-0.036324;0.733181;0.302003;0.026801;0.537728;0.786717;0.240237;0.938062;-0.210260;-0.134602;0.230607;0.722497;-0.592386;-0.271841;-0.284150;-0.576568;0.735182;0.215258;0.685113;-0.026179;-0.111807;-0.719329;0.680182;-0.025415;-0.111983;-0.723993;0.680182;-0.025415;-0.111983;-0.723993;0.542352;0.400910;-0.560811;-0.480225;-0.043891;0.622154;-0.137726;0.769435;0.669293;-0.223196;0.596899;-0.382024;-0.475076;0.499947;-0.492145;0.531178;0.715352;-0.008020;0.697456;-0.041976;0.327943;0.126969;0.882736;0.311623;-0.141923;0.852548;0.261622;0.429620;-0.017077;0.728724;0.514856;0.451212;-0.330782;0.881730;-0.145699;0.303162;0.593902;-0.324879;0.680229;-0.281109;0.593902;-0.324879;0.680229;-0.281109;0.618726;0.251271;0.710719;0.221178;0.281109;0.680229;0.324879;0.593902;0.618726;0.251271;0.710719;0.221178;0.593902;-0.324879;0.680229;-0.281109
11533555;1;0.512057;-0.435006;0.725692;-0.148113;0.530693;-0.292079;0.794071;-0.050047;0.607442;-0.192431;0.747738;-0.186743;0.620461;-0.131848;0.760761;-0.137429;0.972313;-0.208647;0.068044;0.080272;0.801921;-0.173021;-0.180266;0.542670;0.184157;-0.249807;-0.005343;0.950607;0.362222;0.058544;-0.048797;0.928971;0.688280;0.072702;-0.022868;0.721431;0.688280;0.072702;-0.022868;0.721431;0.330288;-0.000897;0.543667;0.771580;0.241590;0.940457;-0.202120;-0.127763;0.211872;0.730917;-0.593068;-0.262946;-0.265537;-0.578966;0.742138;0.208615;0.685469;-0.061079;-0.085133;-0.720524;0.702840;-0.063138;-0.083617;-0.703589;0.702840;-0.063138;-0.083617;-0.703589;0.531592;0.387141;-0.544380;-0.520752;-0.042473;0.622129;-0.136888;0.769684;0.670695;-0.220812;0.597567;-0.379901;-0.475537;0.496625;-0.490378;0.535497;0.718703;-0.006924;0.693843;-0.044721;0.327778;0.129972;0.881935;0.312826;-0.142926;0.853010;0.258873;0.430036;-0.015782;0.727647;0.515697;0.452036;-0.330436;0.881566;-0.144345;0.304660;0.557601;-0.378932;0.661996;-0.327495;0.557601;-0.378932;0.661996;-0.327495;0.625857;0.200157;0.736048;0.162709;0.327495;0.661996;0.378932;0.557601;0.625857;0.200157;0.736048;0.162709;0.557601;-0.378932;0.661996;-0.327495
11566877;1;0.512541;-0.434360;0.724309;-0.154951;0.532319;-0.293418;0.791958;-0.057827;0.604207;-0.193277;0.749756;-0.188263;0.617358;-0.132530;0.762841;-0.139203;0.971688;-0.210083;0.070930;0.081588;0.799736;-0.162981;-0.185095;0.547357;0.196160;-0.245793;-0.020216;0.949051;0.358321;0.066449;-0.095454;0.926326;0.686857;0.098035;-0.062578;0.717427;0.686857;0.098035;-0.062578;0.717427;0.358627;0.016990;0.512840;0.779803;0.244593;0.938486;-0.199837;-0.139582;0.219029;0.725250;-0.589644;-0.279925;-0.276167;-0.574740;0.737117;0.223749;0.650990;-0.130681;-0.002745;-0.747748;0.712307;-0.130440;0.008394;-0.689589;0.712307;-0.130440;0.008394;-0.689589;0.550698;0.318526;-0.487412;-0.598082;-0.039832;0.621320;-0.136495;0.770548;0.673926;-0.214507;0.598930;-0.375623;-0.484579;0.488659;-0.497315;0.528274;0.720022;0.003681;0.693142;-0.033285;0.313965;0.134852;0.885050;0.316114;-0.146519;0.854631;0.266547;0.420822;-0.013344;0.731781;0.515747;0.445336;-0.324003;0.884518;-0.147259;0.301603;0.534559;-0.442085;0.621799;-0.363557;0.534559;-0.442085;0.621799;-0.363557;0.635064;0.127077;0.752279;0.120917;0.363557;0.621799;0.442085;0.534559;0.635064;0.127077;0.752279;0.120917;0.534559;-0.442085;0.621799;-0.363557
11600222;1;0.525714;-0.415912;0.720834;-0.176182;0.549264;-0.275051;0.785450;-0.075655;0.602292;-0.219430;0.737190;-0.213649;0.617486;-0.159606;0.752412;-0.164661;0.964000;-0.248554;0.053661;0.077746;0.796325;-0.162577;-0.174930;0.555729;0.200802;-0.238249;-0.016410;0.950077;0.367290;0.072939;-0.062589;0.925127;0.692402;0.091298;-0.030035;0.715082;0.692402;0.091298;-0.030035;0.715082;0.363387;-0.025176;0.526133;0.768440;0.278491;0.931806;-0.184943;-0.141338;0.206475;0.734353;-0.582997;-0.279657;-0.268249;-0.570655;0.743985;0.221095;0.665701;-0.099473;-0.053714;-0.737606;0.668973;-0.099711;-0.053272;-0.734640;0.668973;-0.099711;-0.053272;-0.734640;0.516576;0.344661;-0.545317;-0.563016;-0.030846;0.620514;-0.135846;0.771723;0.678935;-0.200598;0.602755;-0.368095;-0.492028;0.476645;-0.503113;0.526874;0.724295;0.016325;0.688764;-0.027112;0.292449;0.134654;0.890273;0.322113;-0.155067;0.854975;0.282279;0.406559;-0.001127;0.725262;0.532329;0.436601;-0.309083;0.891582;-0.130983;0.303962;0.508768;-0.467677;0.606000;-0.393950;0.508768;-0.467677;0.606000;-0.393950;0.638318;0.097809;0.759204;0.081189;0.393950;0.606000;0.467677;0.508768;0.638318;0.097809;0.759204;0.081189;0.508768;-0.467677;0.606000;-0.393950
11633555;1;0.526106;-0.413669;0.718058;-0.191005;0.552477;-0.272682;0.782543;-0.089669;0.598906;-0.220170;0.738994;-0.216159;0.614312;-0.160198;0.754270;-0.167434;0.963128;-0.250560;0.059205;0.078101;0.792552;-0.164645;-0.173452;0.560953;0.210900;-0.238470;-0.018044;0.947802;0.389819;0.073056;-0.065961;0.915616;0.688334;0.091657;-0.035876;0.718685;0.688334;0.091657;-0.035876;0.718685;0.347721;0.048973;0.535953;0.767754;0.280771;0.930962;-0.184545;-0.142903;0.203163;0.733946;-0.587132;-0.274451;-0.262459;-0.573753;0.744452;0.218436;0.662382;-0.108962;-0.043695;-0.739911;0.663040;-0.109001;-0.043598;-0.739322;0.663040;-0.109001;-0.043598;-0.739322;0.507060;0.350255;-0.527684;-0.584603;-0.036743;0.620662;-0.131717;0.772062;0.685145;-0.199375;0.602397;-0.357692;0.509743;-0.460332;0.506914;-0.520861;0.732573;0.030672;0.679917;-0.010442;0.286626;0.135645;0.893402;0.318245;-0.147403;0.853262;0.297420;0.402191;0.005754;0.724354;0.538147;0.430902;-0.300156;0.895040;-0.126265;0.304742;0.492275;-0.496481;0.589287;-0.404861;0.492275;-0.496481;0.589287;-0.404861;0.634371;0.065624;0.767754;0.061811;0.404861;0.589287;0.496481;0.492275;0.634371;0.065624;0.767754;0.061811;0.492275;-0.496481;0.589287;-0.404861
11666888;1;0.522548;-0.423129;0.717254;-0.182898;0.547503;-0.281817;0.783627;-0.082150;0.600052;-0.227824;0.735441;-0.217165;0.615534;-0.168113;0.751342;-0.168345;0.960392;-0.256128;0.058526;0.092851;0.788853;-0.173637;-0.177679;0.562131;0.209917;-0.247931;-0.015809;0.945630;0.390790;0.063382;-0.065980;0.915921;0.691571;0.082736;-0.039057;0.716491;0.691571;0.082736;-0.039057;0.716491;0.363365;0.001790;0.526301;0.768745;0.290031;0.925924;-0.195042;-0.143197;0.219772;0.727288;-0.582967;-0.287927;-0.281456;-0.569354;0.737993;0.228000;0.646495;-0.142788;0.003521;-0.749429;0.653500;-0.142748;0.004861;-0.743328;0.653500;-0.142748;0.004861;-0.743328;-0.467147;-0.350833;0.471154;0.660836;-0.033363;0.617419;-0.136200;0.774035;0.683975;-0.195807;0.601230;-0.363813;0.502485;-0.463580;0.504797;-0.527050;0.731792;0.026822;0.680708;-0.019926;0.294239;0.140505;0.890981;0.315966;-0.139158;0.851462;0.297571;0.408777;0.016814;0.718490;0.543007;0.434319;-0.294666;0.894359;-0.118717;0.314960;0.487285;-0.489657;0.595682;-0.409820;0.487285;-0.489657;0.595682;-0.409820;0.634348;0.074971;0.767451;0.054776;0.409820;0.595682;0.489657;0.487285;0.634348;0.074971;0.767451;0.054776;0.487285;-0.489657;0.595682;-0.409820
11700200;1;0.528800;-0.426090;0.710058;-0.186106;0.554601;-0.282720;0.778334;-0.081746;0.600043;-0.233689;0.732662;-0.220327;0.615779;-0.174182;0.749043;-0.171498;0.957104;-0.261652;0.062958;0.107363;0.788185;-0.167424;-0.175218;0.565713;0.218112;-0.241439;-0.020968;0.945354;0.396124;0.071610;-0.072508;0.912524;0.694173;0.092680;-0.042376;0.712558;0.694173;0.092680;-0.042376;0.712558;0.370530;-0.018364;0.511889;0.774816;0.297630;0.922695;-0.199729;-0.141979;0.214297;0.727513;-0.589095;-0.278871;-0.270352;-0.580239;0.734596;0.224949;0.658567;-0.069301;-0.057474;-0.747117;0.662689;-0.069618;-0.057090;-0.743463;0.662689;-0.069618;-0.057090;-0.743463;-0.454370;-0.414483;0.502699;0.607491;-0.033986;0.611970;-0.140715;0.777520;0.685823;-0.191556;0.598060;-0.367801;-0.498173;0.467651;-0.500738;0.531401;0.731800;0.021038;0.680698;-0.026019;0.305293;0.146374;0.886392;0.315721;-0.128400;0.846446;0.300982;0.420061;0.037379;0.708196;0.549468;0.441753;-0.285231;0.891717;-0.106935;0.334736;0.490316;-0.493041;0.596264;-0.401211;0.490316;-0.493041;0.596264;-0.401211;0.630405;0.072990;0.770255;0.063007;0.401211;0.596264;0.493041;0.490316;0.630405;0.072990;0.770255;0.063007;0.490316;-0.493041;0.596264;-0.401211
11733555;1;0.532775;-0.419937;0.709992;-0.188984;0.559304;-0.274333;0.777932;-0.082116;0.593327;-0.259218;0.725353;-0.233733;0.610160;-0.200215;0.743805;-0.185400;0.950095;-0.290765;0.046011;0.103241;0.782128;-0.173755;-0.183977;0.569418;0.226330;-0.251567;-0.027427;0.940604;0.399872;0.062602;-0.124701;0.905888;0.688767;0.101902;-0.095316;0.711429;0.688767;0.101902;-0.095316;0.711429;0.371981;-0.022003;0.461337;0.805180;0.324791;0.916094;-0.178408;-0.153143;0.217164;0.725048;-0.585481;-0.290445;-0.274816;-0.581337;0.728374;0.236632;0.606981;-0.333748;0.230788;-0.683318;0.540872;-0.353746;0.198782;-0.736754;0.540872;-0.353746;0.198782;-0.736754;-0.411541;-0.197043;0.255451;0.852381;-0.035500;0.608116;-0.150446;0.778653;0.691078;-0.175433;0.601434;-0.360432;0.502971;-0.461655;0.506003;-0.527120;0.732183;0.029039;0.680205;-0.019646;0.294754;0.201057;0.870666;0.338581;-0.127668;0.842714;0.297101;0.430423;0.046678;0.693704;0.560483;0.449949;-0.284295;0.889259;-0.088913;0.347117;0.460015;-0.523687;0.598745;-0.394515;0.460015;-0.523687;0.598745;-0.394515;0.604244;0.053074;0.793679;0.046316;0.394515;0.598745;0.523687;0.460015;0.604244;0.053074;0.793679;0.046316;0.460015;-0.523687;0.598745;-0.394515
11766877;1;0.534785;-0.415181;0.707620;-0.202248;0.563957;-0.269223;0.774997;-0.094081;0.596680;-0.252092;0.726627;-0.228991;0.613121;-0.193009;0.744503;-0.180404;0.952088;-0.282425;0.039707;0.110403;0.779097;-0.174445;-0.182516;0.573816;0.225602;-0.251021;-0.027049;0.940936;0.397989;0.062195;-0.081917;0.911606;0.691653;0.086915;-0.054995;0.714869;0.691653;0.086915;-0.054995;0.714869;0.359114;-0.002623;0.506938;0.783610;0.316963;0.917117;-0.181230;-0.159958;0.226096;0.723893;-0.580423;-0.296595;-0.288094;-0.571474;0.730978;0.236833;0.606169;-0.341263;0.288337;-0.657997;0.505560;-0.379080;0.236427;-0.738112;0.505560;-0.379080;0.236427;-0.738112;-0.397900;-0.173766;0.203290;0.877584;-0.039367;0.607688;-0.151595;0.778579;0.690744;-0.177926;0.600557;-0.361312;-0.497827;0.467858;-0.500679;0.531599;0.731694;0.020848;0.680803;-0.026403;0.287954;0.211750;0.868801;0.342680;-0.125034;0.840131;0.306250;0.429834;0.059507;0.687706;0.567150;0.449289;-0.274670;0.889745;-0.080011;0.355680;0.455986;-0.535121;0.578948;-0.412967;0.455986;-0.535121;0.578948;-0.412967;0.614443;0.030990;0.787766;0.030419;0.412967;0.578948;0.535121;0.455986;0.614443;0.030990;0.787766;0.030419;0.455986;-0.535121;0.578948;-0.412967
11800222;1;0.535361;-0.413073;0.705498;-0.212209;0.567292;-0.261262;0.774660;-0.099116;0.594188;-0.259097;0.723948;-0.236025;0.611202;-0.200207;0.742394;-0.187615;0.948103;-0.292408;0.038182;0.118915;0.777432;-0.176153;-0.180222;0.576273;0.235612;-0.250493;-0.027625;0.938604;0.412444;0.086003;-0.087943;0.902640;0.679776;0.109636;-0.055772;0.723031;0.679776;0.109636;-0.055772;0.723031;0.356823;-0.027387;0.483025;0.799133;0.328903;0.910366;-0.189232;-0.165070;0.222102;0.720476;-0.587015;-0.294954;-0.278408;-0.583176;0.723587;0.242520;0.608048;-0.333777;0.255887;-0.673344;-0.490668;0.370891;-0.198306;0.763125;-0.490668;0.370891;-0.198306;0.763125;-0.440083;-0.172621;0.275158;0.837148;-0.045662;0.607832;-0.155750;0.777301;0.693598;-0.173129;0.603162;-0.353756;0.512800;-0.442748;0.508807;-0.531154;0.741934;0.044452;0.668814;-0.015666;0.259161;0.237264;0.866830;0.353760;-0.133640;0.840628;0.317803;0.417715;0.068410;0.689038;0.569228;0.443312;-0.264137;0.892167;-0.079536;0.357693;0.460548;-0.543385;0.581645;-0.392832;0.460548;-0.543385;0.581645;-0.392832;0.603431;0.027054;0.795516;0.047882;0.392832;0.581645;0.543385;0.460548;0.603431;0.027054;0.795516;0.047882;0.460548;-0.543385;0.581645;-0.392832
11833544;1;0.543076;-0.387531;0.704179;-0.242940;0.580324;-0.241033;0.766780;-0.131057;0.596104;-0.259566;0.717106;-0.251085;0.614320;-0.201223;0.735612;-0.202473;0.945896;-0.304848;0.034283;0.105699;0.771620;-0.176808;-0.174016;0.585713;0.246624;-0.246487;-0.028057;0.936821;0.413466;0.065446;-0.125350;0.899472;0.670351;0.100865;-0.099106;0.728446;0.670351;0.100865;-0.099106;0.728446;0.343289;0.005511;0.460352;0.818656;0.335121;0.909077;-0.187802;-0.161253;0.222060;0.718965;-0.587952;-0.296801;-0.276835;-0.587135;0.719633;0.246502;0.614419;-0.336562;0.264298;-0.662844;-0.481455;0.379578;-0.197605;0.764901;-0.481455;0.379578;-0.197605;0.764901;-0.430090;-0.174709;0.269399;0.843756;-0.050995;0.610968;-0.153780;0.774899;0.692446;-0.179487;0.603966;-0.351465;0.512416;-0.443365;0.506092;-0.533599;0.743376;0.042090;0.667314;-0.017659;0.217996;0.258699;0.866174;0.367826;-0.150167;0.837311;0.340688;0.400365;0.077696;0.683430;0.579528;0.437074;-0.253085;0.895452;-0.068339;0.359783;0.456088;-0.549193;0.583331;-0.387423;0.456088;-0.549193;0.583331;-0.387423;0.596452;0.024140;0.800815;0.048554;0.387423;0.583331;0.549193;0.456088;0.596452;0.024140;0.800815;0.048554;0.456088;-0.549193;0.583331;-0.387423
11866888;1;0.543343;-0.388826;0.703399;-0.242532;0.580616;-0.241804;0.766477;-0.130110;0.595265;-0.260592;0.717276;-0.251528;0.613518;-0.202232;0.735864;-0.202981;0.945189;-0.306158;0.028472;0.109883;0.775636;-0.170728;-0.165629;0.584643;0.243033;-0.236721;-0.023332;0.940401;0.412638;0.076376;-0.093239;0.902886;0.630551;0.097749;-0.070513;0.766733;0.630551;0.097749;-0.070513;0.766733;0.350416;0.005557;0.490308;0.797983;0.336755;0.907631;-0.188768;-0.164828;0.225273;0.717101;-0.586871;-0.301001;-0.281061;-0.584839;0.718758;0.249709;0.620778;-0.318554;0.239090;-0.675273;-0.499899;0.353864;-0.182814;0.769065;-0.499899;0.353864;-0.182814;0.769065;-0.438389;-0.199593;0.271280;0.833297;-0.051027;0.607854;-0.156874;0.776724;0.693280;-0.176522;0.602491;-0.353847;0.522460;-0.427833;0.513345;-0.529595;0.747646;0.058275;0.661489;-0.007830;0.256087;0.298785;0.839105;0.375566;-0.116071;0.829841;0.323584;0.439527;0.100795;0.679308;0.563472;0.459217;-0.252328;0.881406;-0.076839;0.391854;0.460501;-0.542337;0.583048;-0.392255;0.460501;-0.542337;0.583048;-0.392255;0.602990;0.028787;0.795768;0.048258;0.392255;0.583048;0.542337;0.460501;0.602990;0.028787;0.795768;0.048258;0.460501;-0.542337;0.583048;-0.392255
11900211;1;0.543697;-0.388642;0.703443;-0.241908;0.580849;-0.241562;0.766500;-0.129387;0.596313;-0.260492;0.716908;-0.250197;0.614456;-0.202162;0.735488;-0.201571;0.945416;-0.305134;0.027277;0.111074;0.774659;-0.170144;-0.167301;0.585632;0.241733;-0.237302;-0.025025;0.940546;0.412810;0.075774;-0.091990;0.902986;0.629530;0.096736;-0.069613;0.767781;0.629530;0.096736;-0.069613;0.767781;0.356107;0.003958;0.492199;0.794300;0.335624;0.908493;-0.187329;-0.164027;0.223671;0.718670;-0.585079;-0.301938;-0.279541;-0.587132;0.716994;0.251102;0.628648;-0.304802;0.225903;-0.678871;0.503834;-0.338825;0.170687;-0.776025;0.503834;-0.338825;0.170687;-0.776025;-0.431330;-0.223698;0.259619;0.834572;-0.052183;0.607959;-0.158247;0.776286;0.693737;-0.174982;0.603405;-0.352154;0.523767;-0.428158;0.515195;-0.526235;0.746214;0.059367;0.663038;-0.004532;0.249634;0.302397;0.836773;0.382164;-0.123687;0.829279;0.322343;0.439423;0.096316;0.680685;0.560283;0.462032;-0.257510;0.880131;-0.080042;0.390706;0.464705;-0.540704;0.579501;-0.394800;0.464705;-0.540704;0.579501;-0.394800;0.607762;0.027434;0.792104;0.049431;0.394800;0.579501;0.540704;0.464705;0.607762;0.027434;0.792104;0.049431;0.464705;-0.540704;0.579501;-0.394800
11933555;1;0.543674;-0.388614;0.703489;-0.241872;0.580825;-0.241484;0.766552;-0.129326;0.596230;-0.260382;0.717058;-0.250079;0.614364;-0.202040;0.735629;-0.201460;0.945467;-0.304960;0.027399;0.111089;0.774710;-0.169941;-0.167353;0.585608;0.241737;-0.237177;-0.025179;0.940572;0.412419;0.075924;-0.092480;0.903102;0.628456;0.096940;-0.070141;0.768587;0.628456;0.096940;-0.070141;0.768587;0.355942;0.003701;0.491707;0.794680;0.335477;0.908531;-0.187246;-0.164212;0.223534;0.718698;-0.584927;-0.302268;-0.279444;-0.587269;0.716786;0.251484;0.629343;-0.303724;0.225161;-0.678956;0.504411;-0.337657;0.170098;-0.776289;0.504411;-0.337657;0.170098;-0.776289;-0.431056;-0.225506;0.258175;0.834676;-0.052243;0.607980;-0.158330;0.776249;0.693813;-0.174790;0.603504;-0.351932;0.524095;-0.428010;0.515515;-0.525715;0.746081;0.059701;0.663162;-0.003933;0.249418;0.302634;0.836696;0.382287;-0.123827;0.829308;0.322291;0.439368;0.096329;0.680810;0.560115;0.462049;-0.257513;0.880102;-0.080249;0.390728;0.464401;-0.540716;0.580267;-0.394016;0.464401;-0.540716;0.580267;-0.394016;0.606992;0.027967;0.792655;0.049769;0.394016;0.580267;0.540716;0.464401;0.606992;0.027967;0.792655;0.049769;0.464401;-0.540716;0.580267;-0.394016
11966877;1;0.544992;-0.374530;0.707518;-0.249258;0.578703;-0.252398;0.759704;-0.155721;0.605233;-0.256338;0.713448;-0.242849;0.622759;-0.198299;0.731707;-0.193531;0.949160;-0.296999;0.026619;0.100890;0.772077;-0.175356;-0.174026;0.585545;0.230855;-0.245813;-0.024715;0.941101;0.420785;0.070847;-0.134469;0.894337;0.586767;0.095659;-0.118113;0.795364;0.586767;0.095659;-0.118113;0.795364;0.370945;0.028387;0.460411;0.805987;0.325384;0.915327;-0.178529;-0.156300;0.232680;0.716379;-0.576359;-0.316973;-0.298048;-0.568285;0.722801;0.256474;0.615675;-0.344060;0.278806;-0.651793;-0.470011;0.393635;-0.202883;0.763531;-0.470011;0.393635;-0.202883;0.763531;-0.411393;-0.179436;0.202650;0.870340;-0.046100;0.608605;-0.154963;0.776828;0.696550;-0.168781;0.604968;-0.346906;0.506177;-0.450074;0.501045;-0.538676;0.742535;0.033727;0.668467;-0.025610;0.295796;0.304821;0.826477;0.369491;-0.091610;0.828272;0.299856;0.464392;0.117643;0.670462;0.562969;0.468730;-0.247031;0.874880;-0.070996;0.410511;0.455401;-0.528600;0.584749;-0.413836;0.455401;-0.528600;0.584749;-0.413836;0.614643;0.039703;0.787257;0.029391;0.413836;0.584749;0.528600;0.455401;0.614643;0.039703;0.787257;0.029391;0.455401;-0.528600;0.584749;-0.413836
12000222;1;0.543917;-0.375018;0.710409;-0.242559;0.575286;-0.258675;0.760530;-0.154037;0.604691;-0.258674;0.711406;-0.247665;0.622604;-0.200791;0.729859;-0.198375;0.947704;-0.302154;0.029566;0.098416;0.775078;-0.170491;-0.169682;0.584290;0.228632;-0.239432;-0.023048;0.943328;0.425253;0.075106;-0.090070;0.897444;0.599065;0.091871;-0.072892;0.792066;0.599065;0.091871;-0.072892;0.792066;0.370987;0.039605;0.504114;0.778890;0.329203;0.915677;-0.179769;-0.144372;0.212714;0.725088;-0.582265;-0.299946;-0.274047;-0.577576;0.728829;0.245180;0.624404;-0.329068;0.264011;-0.657368;-0.470428;0.377661;-0.188043;0.775055;-0.470428;0.377661;-0.188043;0.775055;-0.415349;-0.202129;0.189412;0.866460;-0.044358;0.608838;-0.151242;0.777480;0.697620;-0.169737;0.603993;-0.345987;0.518128;-0.430740;0.506587;-0.537937;0.750437;0.051400;0.658727;-0.016762;0.301566;0.323702;0.814493;0.375333;-0.083111;0.825706;0.293871;0.474280;0.119499;0.673566;0.553257;0.475326;-0.250412;0.870281;-0.080057;0.416529;0.453861;-0.530629;0.594074;-0.399400;0.453861;-0.530629;0.594074;-0.399400;0.603346;0.044862;0.795285;0.038510;0.399400;0.594074;0.530629;0.453861;0.603346;0.044862;0.795285;0.038510;0.453861;-0.530629;0.594074;-0.399400
12033544;1;0.545903;-0.372372;0.710940;-0.240611;0.575931;-0.260967;0.758942;-0.155585;0.610572;-0.253687;0.708840;-0.245747;0.628313;-0.196026;0.726901;-0.195992;0.950366;-0.297561;0.029334;0.086027;0.775051;-0.164501;-0.156127;0.589797;0.236388;-0.225993;-0.019061;0.944820;0.426209;0.087825;-0.099544;0.894831;0.625324;0.108834;-0.076009;0.768991;0.625324;0.108834;-0.076009;0.768991;0.369257;-0.000952;0.479664;0.795972;0.322026;0.920262;-0.176515;-0.135131;0.204759;0.728197;-0.584860;-0.292818;-0.263749;-0.582939;0.729735;0.241050;0.616694;-0.333905;0.246975;-0.668730;-0.479215;0.374559;-0.179428;0.773217;-0.479215;0.374559;-0.179428;0.773217;-0.420780;-0.198981;0.212413;0.859204;-0.045366;0.606226;-0.153547;0.779009;0.698330;-0.168384;0.602324;-0.348119;0.522056;-0.427091;0.509264;-0.534511;0.750804;0.055904;0.658053;-0.011589;0.321914;0.346258;0.795334;0.379369;-0.066581;0.822823;0.274555;0.493101;0.126389;0.680548;0.532530;0.487127;-0.253945;0.860718;-0.099668;0.429817;0.427126;-0.535278;0.601472;-0.411427;0.427126;-0.535278;0.601472;-0.411427;0.592947;0.046806;0.803803;0.011101;0.411427;0.601472;0.535278;0.427126;0.592947;0.046806;0.803803;0.011101;0.427126;-0.535278;0.601472;-0.411427
12066888;1;0.546180;-0.365746;0.714222;-0.240424;0.575306;-0.258145;0.759766;-0.158555;0.614198;-0.249166;0.707152;-0.246198;0.631964;-0.191654;0.724855;-0.196150;0.951574;-0.295097;0.025376;0.082344;0.773074;-0.173755;-0.160699;0.588508;0.233181;-0.236118;-0.016227;0.943192;0.437615;0.078639;-0.109235;0.889031;0.593443;0.097363;-0.092935;0.793542;0.593443;0.097363;-0.092935;0.793542;0.352434;0.051041;0.480436;0.801477;0.318060;0.922038;-0.182419;-0.124127;0.201155;0.726018;-0.587231;-0.295963;-0.258875;-0.586353;0.726727;0.247065;0.611795;-0.342589;0.248424;-0.668300;-0.472022;0.383930;-0.177986;0.773378;-0.472022;0.383930;-0.177986;0.773378;-0.421848;-0.186855;0.231990;0.856335;-0.046709;0.607358;-0.152018;0.778347;0.696431;-0.173716;0.601562;-0.350614;0.504044;-0.446878;0.494971;-0.548856;0.748160;0.031665;0.661873;-0.034324;0.336257;0.364407;0.776109;0.389607;-0.055452;0.816100;0.262846;0.511681;0.137056;0.664823;0.540593;0.496975;-0.253208;0.855318;-0.082874;0.444352;0.434891;-0.540361;0.601234;-0.396734;0.434891;-0.540361;0.601234;-0.396734;0.588048;0.043044;0.807229;0.026981;0.396734;0.601234;0.540361;0.434891;0.588048;0.043044;0.807229;0.026981;0.434891;-0.540361;0.601234;-0.396734
12100222;1;0.540345;-0.367579;0.721326;-0.229350;0.566632;-0.265487;0.764815;-0.153305;0.609937;-0.254300;0.707889;-0.249402;0.627973;-0.196713;0.726003;-0.199686;0.949548;-0.300881;0.027276;0.084172;0.775715;-0.169041;-0.156328;0.587582;0.231308;-0.229778;-0.014681;0.945242;0.426602;0.083757;-0.104632;0.894454;0.585214;0.101723;-0.087267;0.799726;0.585214;0.101723;-0.087267;0.799726;0.361923;0.050638;0.489732;0.791587;0.323685;0.921405;-0.179572;-0.118301;0.188411;0.730374;-0.592410;-0.283030;-0.244857;-0.585922;0.735589;0.235901;0.597358;-0.363531;0.283971;-0.656025;-0.454669;0.412823;-0.205844;0.761894;-0.454669;0.412823;-0.205844;0.761894;-0.410947;-0.155120;0.194002;0.877168;-0.041300;0.608584;-0.140392;0.779878;0.699376;-0.177008;0.599010;-0.347458;0.532687;-0.426709;0.511798;-0.521754;0.749364;0.058055;0.659590;0.004941;0.337067;0.397930;0.750423;0.406082;-0.050390;0.812806;0.246587;0.525359;0.128163;0.676063;0.516008;0.510146;-0.268946;0.846002;-0.108151;0.447496;0.449183;-0.537925;0.593270;-0.396108;0.449183;-0.537925;0.593270;-0.396108;0.597711;0.039134;0.799876;0.037529;0.396108;0.593270;0.537925;0.449183;0.597711;0.039134;0.799876;0.037529;0.449183;-0.537925;0.593270;-0.396108
12133555;1;0.540353;-0.372926;0.720618;-0.222832;0.565978;-0.269681;0.765269;-0.145960;0.608457;-0.255913;0.708838;-0.248672;0.626439;-0.198245;0.727078;-0.199077;0.949596;-0.301348;0.029546;0.081138;0.777034;-0.167083;-0.154688;0.586834;0.230065;-0.227265;-0.013986;0.946163;0.428455;0.085886;-0.093254;0.894625;0.586252;0.101626;-0.075795;0.800147;0.586252;0.101626;-0.075795;0.800147;0.346122;0.077459;0.502603;0.788410;0.323627;0.922971;-0.172066;-0.117407;0.188908;0.729224;-0.594209;-0.281890;-0.245379;-0.583529;0.737798;0.234388;0.591033;-0.358655;0.254832;-0.676097;-0.480324;0.393501;-0.196798;0.758760;-0.480324;0.393501;-0.196798;0.758760;-0.424507;-0.168833;0.175598;0.872040;-0.034621;0.606016;-0.136303;0.782923;0.699963;-0.177253;0.595379;-0.352360;0.524071;-0.431172;0.502227;-0.535918;0.753214;0.048053;0.655923;-0.011122;0.368339;0.408692;0.729779;0.405858;-0.029424;0.806248;0.222581;0.547316;0.140140;0.671152;0.507366;0.522011;-0.268813;0.836528;-0.110829;0.464411;0.441695;-0.540471;0.593822;-0.400217;0.441695;-0.540471;0.593822;-0.400217;0.595321;0.037725;0.802066;0.029329;0.400217;0.593822;0.540471;0.441695;0.595321;0.037725;0.802066;0.029329;0.441695;-0.540471;0.593822;-0.400217
12166877;1;0.540793;-0.367618;0.720514;-0.230782;0.567583;-0.264089;0.764552;-0.153514;0.606223;-0.256681;0.707784;-0.256222;0.624818;-0.199095;0.726089;-0.206781;0.947071;-0.306997;0.038073;0.085786;0.779302;-0.166268;-0.150708;0.585090;0.241760;-0.223998;-0.013515;0.944031;0.415940;0.086007;-0.069489;0.902645;0.596972;0.098729;-0.049785;0.794606;0.596972;0.098729;-0.049785;0.794606;0.339900;0.075304;0.527131;0.775197;0.329742;0.919159;-0.182145;-0.115063;0.187080;0.728588;-0.599120;-0.274254;-0.240239;-0.587374;0.738090;0.229128;0.603133;-0.323119;0.193723;-0.703062;0.523429;-0.342202;0.157583;-0.764257;0.523429;-0.342202;0.157583;-0.764257;-0.437287;-0.218859;0.225494;0.842635;-0.040326;0.603538;-0.141843;0.783579;0.702019;-0.173436;0.595280;-0.350331;0.526978;-0.428053;0.503434;-0.534433;0.754222;0.051133;0.654576;-0.008037;0.387774;0.412361;0.720274;0.400993;-0.013372;0.802479;0.211744;0.557686;0.157893;0.670742;0.498417;0.526075;-0.259106;0.830026;-0.116950;0.479837;0.457140;-0.518883;0.600228;-0.401883;0.457140;-0.518883;0.600228;-0.401883;0.607421;0.057520;0.791331;0.039073;0.401883;0.600228;0.518883;0.457140;0.607421;0.057520;0.791331;0.039073;0.457140;-0.518883;0.600228;-0.401883
12200222;1;0.540792;-0.367618;0.720514;-0.230783;0.567582;-0.264089;0.764553;-0.153515;0.606219;-0.256680;0.707788;-0.256223;0.624814;-0.199093;0.726092;-0.206783;0.947072;-0.306996;0.038083;0.085778;0.779315;-0.166258;-0.150691;0.585080;0.241782;-0.223980;-0.013509;0.944030;0.415980;0.086029;-0.069484;0.902625;0.597057;0.098753;-0.049769;0.794540;0.597057;0.098753;-0.049769;0.794540;0.339944;0.075341;0.527139;0.775169;0.329742;0.919158;-0.182145;-0.115069;0.187079;0.728586;-0.599117;-0.274268;-0.240240;-0.587376;0.738084;0.229142;0.603130;-0.323142;0.193812;-0.703029;0.523452;-0.342230;0.157679;-0.764208;0.523452;-0.342230;0.157679;-0.764208;-0.437279;-0.218800;0.225505;0.842651;-0.040327;0.603535;-0.141844;0.783581;0.702023;-0.173432;0.595278;-0.350327;0.526984;-0.428050;0.503435;-0.534429;0.754224;0.051136;0.654574;-0.008031;0.387795;0.412369;0.720267;0.400977;-0.013346;0.802479;0.211733;0.557690;0.157920;0.670748;0.498406;0.526070;-0.259083;0.830023;-0.116962;0.479852;0.457112;-0.518932;0.600226;-0.401856;0.457112;-0.518932;0.600226;-0.401856;0.607382;0.057484;0.791364;0.039072;0.401856;0.600226;0.518932;0.457112;0.607382;0.057484;0.791364;0.039072;0.457112;-0.518932;0.600226;-0.401856
12233544;1;0.541814;-0.385014;0.711412;-0.228243;0.571819;-0.263639;0.764746;-0.136676;0.605440;-0.258848;0.705488;-0.262156;0.624514;-0.201438;0.723974;-0.212760;0.944512;-0.313509;0.028715;0.093727;0.785332;-0.160283;-0.130423;0.583569;0.250251;-0.206631;-0.002056;0.945872;0.427362;0.103415;-0.058395;0.896246;0.630542;0.114431;-0.031783;0.767015;0.630542;0.114431;-0.031783;0.767015;0.370286;0.034680;0.528282;0.763284;0.337838;0.911565;-0.195725;-0.128868;0.179403;0.736183;-0.598069;-0.261080;-0.231311;-0.590481;0.742283;0.216434;0.605728;-0.316023;0.201194;-0.701958;0.520992;-0.337062;0.163520;-0.766954;0.520992;-0.337062;0.163520;-0.766954;-0.424344;-0.219499;0.252943;0.841292;-0.039951;0.591062;-0.147210;0.792073;0.707213;-0.165942;0.586130;-0.358839;0.529550;-0.429312;0.501273;-0.532910;0.754970;0.048733;0.653926;-0.005131;0.407370;0.426238;0.697748;0.406840;0.008112;0.792158;0.202455;0.575701;0.180603;0.662894;0.491604;0.535051;-0.249299;0.819788;-0.116317;0.502263;0.444457;-0.528074;0.615092;-0.381127;0.444457;-0.528074;0.615092;-0.381127;0.583776;0.061531;0.808340;0.044781;0.381127;0.615092;0.528074;0.444457;0.583776;0.061531;0.808340;0.044781;0.444457;-0.528074;0.615092;-0.381127
12266888;1;0.543870;-0.379823;0.714904;-0.221026;0.571505;-0.264710;0.765037;-0.134269;0.600889;-0.269876;0.701915;-0.270952;0.620682;-0.212718;0.721296;-0.221892;0.940088;-0.328337;0.017841;0.090062;0.787624;-0.160133;-0.127314;0.581203;0.274986;-0.204530;-0.004378;0.939431;0.396139;0.098588;-0.084835;0.908932;0.653532;0.119700;-0.050877;0.745641;0.653532;0.119700;-0.050877;0.745641;0.363469;0.039229;0.514652;0.775555;0.354078;0.900605;-0.197444;-0.156700;0.212229;0.730614;-0.578289;-0.294521;-0.275135;-0.575380;0.732908;0.236821;0.580893;-0.355564;0.320706;-0.658244;-0.420812;0.417723;-0.234063;0.770480;-0.420812;0.417723;-0.234063;0.770480;-0.393937;-0.139614;0.169331;0.892552;-0.038726;0.587760;-0.148137;0.794414;0.707902;-0.164682;0.583392;-0.362503;0.549687;-0.410254;0.516961;-0.512139;0.754603;0.073474;0.651626;0.023657;0.288504;0.524688;0.637524;0.484801;-0.022521;0.787525;0.248098;0.563689;0.194035;0.648871;0.505006;0.535057;-0.239654;0.819326;-0.096981;0.511728;0.434253;-0.542311;0.611359;-0.378898;0.434253;-0.542311;0.611359;-0.378898;0.574985;0.048824;0.815767;0.039142;0.378898;0.611359;0.542311;0.434253;0.574985;0.048824;0.815767;0.039142;0.434253;-0.542311;0.611359;-0.378898
12300211;1;0.546744;-0.383570;0.716589;-0.201108;0.572176;-0.261897;0.769439;-0.109493;0.592946;-0.270956;0.705847;-0.277087;0.613257;-0.213479;0.725303;-0.228644;0.939080;-0.333629;0.020735;0.079935;0.785475;-0.163668;-0.140117;0.580180;0.272951;-0.215107;-0.012212;0.937591;0.413032;0.090831;-0.091322;0.901562;0.657880;0.113505;-0.060882;0.742027;0.657880;0.113505;-0.060882;0.742027;0.349513;0.037230;0.499244;0.791966;0.358406;0.897536;-0.193635;-0.168762;0.216909;0.729483;-0.575774;-0.298815;-0.280432;-0.575647;0.729583;0.240203;0.588755;-0.339277;0.306844;-0.666412;-0.411652;0.402992;-0.216472;0.788213;-0.411652;0.402992;-0.216472;0.788213;-0.402157;-0.165130;0.139670;0.889660;-0.041104;0.590505;-0.153985;0.791140;0.705668;-0.161934;0.588426;-0.359953;0.543988;-0.414621;0.518842;-0.512805;0.751054;0.071676;0.656058;0.019178;0.297632;0.522025;0.631135;0.490484;-0.030698;0.787036;0.226777;0.572890;0.180169;0.654431;0.490936;0.546115;-0.257367;0.813353;-0.110783;0.509849;0.437182;-0.535904;0.597956;-0.405127;0.437182;-0.535904;0.597956;-0.405127;0.595602;0.043878;0.801760;0.022666;0.405127;0.597956;0.535904;0.437182;0.595602;0.043878;0.801760;0.022666;0.437182;-0.535904;0.597956;-0.405127
12333555;1;0.546647;-0.383923;0.716651;-0.200477;0.571987;-0.262162;0.769583;-0.108832;0.590889;-0.271918;0.707310;-0.276810;0.611184;-0.214321;0.726838;-0.228533;0.938914;-0.333901;0.023604;0.079957;0.784647;-0.166703;-0.140305;0.580391;0.269051;-0.217668;-0.009799;0.938156;0.410114;0.086971;-0.114550;0.900623;0.662387;0.117440;-0.083027;0.735226;0.662387;0.117440;-0.083027;0.735226;0.382184;0.014893;0.478763;0.790253;0.359207;0.896931;-0.191948;-0.172166;0.219884;0.728193;-0.574429;-0.302352;-0.283313;-0.577198;0.726000;0.243925;0.592607;-0.342862;0.301153;-0.663754;-0.398788;0.409588;-0.201208;0.795437;-0.398788;0.409588;-0.201208;0.795437;-0.408075;-0.162635;0.165442;0.882980;-0.047787;0.588008;-0.153973;0.792625;0.707941;-0.164558;0.585185;-0.359581;0.539336;-0.419494;0.508519;-0.523975;0.755604;0.060880;0.652144;0.008036;0.300588;0.519704;0.631721;0.490391;-0.035867;0.788430;0.218069;0.574054;0.177430;0.655540;0.488440;0.547916;-0.260594;0.812379;-0.113317;0.509206;0.428904;-0.543324;0.608142;-0.388591;0.428904;-0.543324;0.608142;-0.388591;0.578056;0.045833;0.814210;0.028505;0.388591;0.608142;0.543324;0.428904;0.578056;0.045833;0.814210;0.028505;0.428904;-0.543324;0.608142;-0.388591
12366877;1;0.540951;-0.400023;0.717726;-0.179510;0.564144;-0.267036;0.777072;-0.081193;0.581383;-0.285462;0.708242;-0.280889;0.602036;-0.227747;0.728853;-0.233362;0.934744;-0.346127;0.019596;0.077878;0.788597;-0.166238;-0.148165;0.573173;0.259360;-0.222347;-0.012234;0.939758;0.426042;0.073847;-0.074037;0.898640;0.660954;0.091646;-0.050357;0.743105;0.660954;0.091646;-0.050357;0.743105;0.384827;0.037228;0.521724;0.760478;0.373812;0.887992;-0.186824;-0.191914;0.243951;0.715871;-0.565773;-0.328506;-0.312960;-0.566573;0.715239;0.263600;0.587412;-0.340847;0.297022;-0.671229;-0.383965;0.408480;-0.193760;0.805091;-0.383965;0.408480;-0.193760;0.805091;-0.405513;-0.166200;0.150974;0.886083;-0.035638;0.584825;-0.158206;0.794783;0.707080;-0.153853;0.586036;-0.364594;0.542536;-0.424109;0.523065;-0.502184;0.742593;0.067957;0.665790;0.025711;0.306460;0.523099;0.624166;0.492814;-0.034276;0.787520;0.207462;0.579307;0.171632;0.656751;0.483935;0.552293;-0.267817;0.810060;-0.117326;0.508244;0.455772;-0.536850;0.592618;-0.390983;0.455772;-0.536850;0.592618;-0.390983;0.598746;0.039434;0.798654;0.045813;0.390983;0.592618;0.536850;0.455772;0.598746;0.039434;0.798654;0.045813;0.455772;-0.536850;0.592618;-0.390983
12400222;1;0.541092;-0.399216;0.715732;-0.188611;0.566673;-0.259662;0.777316;-0.085070;0.586816;-0.276601;0.709040;-0.276407;0.607092;-0.218850;0.728938;-0.228458;0.938261;-0.336737;0.023057;0.075784;0.785322;-0.167484;-0.143383;0.578498;0.256690;-0.220314;-0.008470;0.941010;0.421878;0.070174;-0.068438;0.901338;0.650618;0.086111;-0.046830;0.753052;0.650618;0.086111;-0.046830;0.753052;0.372733;0.059279;0.531465;0.758354;0.363977;0.893500;-0.191466;-0.180330;0.240656;0.718243;-0.568778;-0.320474;-0.306084;-0.573257;0.714673;0.258712;0.588477;-0.341638;0.309138;-0.664388;-0.390107;0.411675;-0.206897;0.797204;-0.390107;0.411675;-0.206897;0.797204;-0.402378;-0.161867;0.141179;0.889921;-0.037287;0.595999;-0.153927;0.787211;0.696959;-0.170252;0.591593;-0.367803;0.545492;-0.409178;0.530395;-0.503679;0.745713;0.083721;0.660449;0.026644;0.300231;0.521989;0.629122;0.491524;-0.040939;0.790327;0.208957;0.574495;0.167547;0.670629;0.464726;0.553366;-0.271610;0.806373;-0.140716;0.506151;0.433807;-0.532321;0.604106;-0.404353;0.433807;-0.532321;0.604106;-0.404353;0.592669;0.050760;0.803575;0.020827;0.404353;0.604106;0.532321;0.433807;0.592669;0.050760;0.803575;0.020827;0.433807;-0.532321;0.604106;-0.404353
12433555;1;0.543450;-0.396176;0.717821;-0.180111;0.566486;-0.265357;0.775762;-0.082895;0.585291;-0.279326;0.709465;-0.275810;0.605524;-0.221532;0.729580;-0.227986;0.937851;-0.338151;0.020510;0.075290;0.781817;-0.165148;-0.150574;0.582079;0.260636;-0.222787;-0.017671;0.939214;0.434057;0.023874;-0.193022;0.879640;0.646928;0.073017;-0.180266;0.737331;0.646928;0.073017;-0.180266;0.737331;0.405024;-0.020400;0.399199;0.822301;0.365892;0.892044;-0.188255;-0.186924;0.239529;0.718128;-0.569077;-0.321044;-0.304511;-0.574730;0.713612;0.260223;0.578775;-0.359636;0.298042;-0.668470;-0.395886;0.422069;-0.200060;0.790638;-0.395886;0.422069;-0.200060;0.790638;-0.402805;-0.152595;0.112136;0.895482;-0.032173;0.597498;-0.151739;0.786725;0.696371;-0.169006;0.592896;-0.367394;0.543484;-0.412761;0.531677;-0.501571;0.742822;0.082084;0.663900;0.026734;0.302460;0.520817;0.629056;0.491483;-0.042673;0.790620;0.204680;0.575504;0.164725;0.669939;0.465675;0.554251;-0.274230;0.806543;-0.139541;0.504792;0.446180;-0.542432;0.596993;-0.387672;0.446180;-0.542432;0.596993;-0.387672;0.589623;0.038581;0.805695;0.041371;0.387672;0.596993;0.542432;0.446180;0.589623;0.038581;0.805695;0.041371;0.446180;-0.542432;0.596993;-0.387672
12466888;1;0.543079;-0.396224;0.718074;-0.180117;0.566138;-0.265208;0.776072;-0.082854;0.584198;-0.279204;0.710338;-0.276002;0.604450;-0.221341;0.730441;-0.228264;0.937805;-0.338132;0.023078;0.075205;0.783837;-0.161400;-0.142859;0.582358;0.262455;-0.215090;-0.013965;0.940563;0.436253;0.035643;-0.189621;0.878895;0.643359;0.082207;-0.174552;0.740853;0.643359;0.082207;-0.174552;0.740853;0.396763;0.007826;0.406535;0.822950;0.366132;0.891636;-0.188698;-0.187952;0.240415;0.717429;-0.569712;-0.320819;-0.305187;-0.574289;0.713771;0.259971;0.582315;-0.355852;0.293430;-0.669460;-0.398788;0.417335;-0.196376;0.792613;-0.398788;0.417335;-0.196376;0.792613;-0.407905;-0.159734;0.100789;0.893275;-0.032315;0.597680;-0.150034;0.786908;0.695912;-0.171678;0.591877;-0.368666;0.540100;-0.417211;0.528066;-0.505345;0.743085;0.076354;0.664472;0.021703;0.302422;0.520362;0.629682;0.491187;-0.042600;0.790643;0.205358;0.575237;0.165120;0.669401;0.466769;0.553863;-0.273670;0.806932;-0.138389;0.504792;0.443722;-0.535766;0.602446;-0.391311;0.443722;-0.535766;0.602446;-0.391311;0.590458;0.047150;0.804837;0.037060;0.391311;0.602446;0.535766;0.443722;0.590458;0.047150;0.804837;0.037060;0.443722;-0.535766;0.602446;-0.391311
12500200;1;0.535684;-0.399133;0.722764;-0.177051;0.558648;-0.264073;0.782279;-0.078848;0.573875;-0.292698;0.709517;-0.285623;0.594932;-0.234857;0.730704;-0.238683;0.930847;-0.354133;0.029521;0.085102;0.781451;-0.167898;-0.140691;0.584252;0.266821;-0.218824;-0.009996;0.938522;0.416078;0.062911;-0.168373;0.891388;0.615566;0.101040;-0.148655;0.767314;0.615566;0.101040;-0.148655;0.767314;0.383287;0.027613;0.432104;0.815852;0.382668;0.888197;-0.183899;-0.175650;0.241936;0.717426;-0.570750;-0.317823;-0.306554;-0.572543;0.715995;0.256066;0.568847;-0.378303;0.339142;-0.646748;-0.393753;0.449649;-0.236531;0.766047;-0.393753;0.449649;-0.236531;0.766047;-0.415113;-0.116155;0.082138;0.898578;-0.036740;0.598244;-0.147156;0.786829;0.703032;-0.166294;0.593260;-0.355156;0.552380;-0.405767;0.527992;-0.501452;0.749006;0.084484;0.656322;0.033075;0.291882;0.516472;0.642454;0.485092;-0.052942;0.797015;0.210406;0.563644;0.146636;0.672608;0.476781;0.546604;-0.281652;0.816152;-0.133493;0.486567;0.468810;-0.517359;0.615936;-0.364939;0.468810;-0.517359;0.615936;-0.364939;0.589549;0.069705;0.801360;0.073448;0.364939;0.615936;0.517359;0.468810;0.589549;0.069705;0.801360;0.073448;0.468810;-0.517359;0.615936;-0.364939
12533555;1;0.538285;-0.392568;0.722763;-0.183718;0.562404;-0.257528;0.781138;-0.084884;0.580460;-0.287891;0.708267;-0.280255;0.601065;-0.230166;0.729073;-0.232803;0.934253;-0.347005;0.030752;0.076240;0.782505;-0.159846;-0.136931;0.585991;0.266424;-0.210143;-0.011851;0.940594;0.395425;0.084717;-0.088572;0.910284;0.581789;0.101771;-0.068299;0.804052;0.581789;0.101771;-0.068299;0.804052;0.349091;0.084747;0.521752;0.773775;0.373997;0.892820;-0.178326;-0.176633;0.242266;0.717910;-0.571777;-0.314618;-0.304840;-0.576518;0.714108;0.254460;0.547726;-0.409016;0.381291;-0.622350;-0.397996;0.482644;-0.282369;0.727270;-0.397996;0.482644;-0.282369;0.727270;-0.408853;-0.058418;0.112576;0.903744;-0.042103;0.600131;-0.145282;0.785470;0.701473;-0.173924;0.592516;-0.355824;0.548111;-0.403923;0.519492;-0.516283;0.756389;0.079726;0.648950;0.019571;0.286252;0.520355;0.639080;0.488741;-0.055424;0.796578;0.211350;0.563669;0.153610;0.672760;0.473599;0.547268;-0.277182;0.814051;-0.135885;0.491962;0.442581;-0.523763;0.617570;-0.385230;0.442581;-0.523763;0.617570;-0.385230;0.585350;0.066331;0.807044;0.040553;0.385230;0.617570;0.523763;0.442581;0.585350;0.066331;0.807044;0.040553;0.442581;-0.523763;0.617570;-0.385230
12566877;1;0.538562;-0.391988;0.722008;-0.187085;0.563651;-0.253726;0.781392;-0.085719;0.581177;-0.283829;0.710955;-0.276077;0.601444;-0.225901;0.731426;-0.228581;0.935935;-0.340910;0.029966;0.083116;0.779696;-0.162147;-0.131593;0.590310;0.260589;-0.208740;-0.005995;0.942595;0.408126;0.097920;-0.068140;0.905097;0.570450;0.108951;-0.048591;0.812622;0.570450;0.108951;-0.048591;0.812622;0.345436;0.077756;0.532535;0.768788;0.369318;0.893321;-0.182023;-0.180137;0.246062;0.717160;-0.572283;-0.312454;-0.309506;-0.571587;0.717715;0.249760;0.545601;-0.415275;0.394805;-0.611552;-0.379025;0.499391;-0.280949;0.726647;-0.379025;0.499391;-0.280949;0.726647;-0.404336;-0.050120;0.076378;0.910037;-0.044937;0.604901;-0.149033;0.780938;0.697564;-0.175430;0.597830;-0.353876;0.533076;-0.420932;0.515174;-0.522726;0.750315;0.064530;0.657908;0.004490;0.299903;0.511964;0.645705;0.480641;-0.050034;0.797632;0.206966;0.564309;0.160749;0.667755;0.482177;0.543846;-0.269648;0.816554;-0.126314;0.494544;0.445802;-0.531366;0.612337;-0.379413;0.445802;-0.531366;0.612337;-0.379413;0.583515;0.057256;0.808720;0.046944;0.379413;0.612337;0.531366;0.445802;0.583515;0.057256;0.808720;0.046944;0.445802;-0.531366;0.612337;-0.379413
12600222;1;0.519524;-0.435712;0.710769;-0.187235;0.547642;-0.272579;0.787869;-0.071070;0.576040;-0.268499;0.731376;-0.247336;0.594019;-0.208983;0.750552;-0.200345;0.942347;-0.305099;0.069042;0.118865;0.783012;-0.158014;-0.158520;0.580340;0.254526;-0.222261;-0.026402;0.940808;0.413807;0.083762;-0.085892;0.902425;0.570972;0.097981;-0.069233;0.812156;0.570972;0.097981;-0.069233;0.812156;0.344804;0.063770;0.511213;0.784668;0.348546;0.897242;-0.201436;-0.181376;0.264429;0.705652;-0.576152;-0.316513;-0.322975;-0.574553;0.706955;0.256496;0.554937;-0.410200;0.413434;-0.594014;-0.363371;0.510732;-0.279902;0.727165;-0.363371;0.510732;-0.279902;0.727165;-0.411741;-0.051357;0.043298;0.908822;-0.033520;0.610464;-0.151704;0.776657;0.688740;-0.174883;0.604282;-0.360411;0.539669;-0.418111;0.541108;-0.491063;0.732769;0.084962;0.674418;0.031483;0.274758;0.199351;0.877241;0.339434;-0.141354;0.848979;0.297464;0.413243;0.050185;0.747056;0.489557;0.446903;-0.280175;0.877191;-0.176866;0.347499;0.457761;-0.538865;0.602317;-0.370533;0.457761;-0.538865;0.602317;-0.370533;0.585692;0.044867;0.806937;0.061679;0.370533;0.602317;0.538865;0.457761;0.585692;0.044867;0.806937;0.061679;0.457761;-0.538865;0.602317;-0.370533
12633544;1;0.524632;-0.418983;0.710961;-0.209161;0.555682;-0.269746;0.779904;-0.101021;0.584791;-0.262417;0.728566;-0.241552;0.602279;-0.203146;0.747264;-0.193877;0.945805;-0.296992;0.067924;0.112405;0.776927;-0.156681;-0.157063;0.589209;0.248617;-0.220188;-0.027105;0.942853;0.408406;0.091573;-0.084583;0.904248;0.581158;0.106651;-0.064539;0.804186;0.581158;0.106651;-0.064539;0.804186;0.325951;0.082506;0.513487;0.789481;0.335411;0.907451;-0.187529;-0.169899;0.251096;0.712411;-0.581977;-0.301204;-0.305425;-0.584055;0.710709;0.245944;0.539426;-0.423045;0.376155;-0.623346;-0.400626;0.490999;-0.281743;0.720444;-0.400626;0.490999;-0.281743;0.720444;-0.454208;-0.036975;0.135662;0.879730;-0.037157;0.617219;-0.142725;0.772845;0.687804;-0.185118;0.605907;-0.354308;0.533990;-0.414889;0.526284;-0.515506;0.745895;0.076680;0.661556;0.010187;0.243981;0.219287;0.878799;0.346553;-0.148907;0.849694;0.313623;0.396847;0.054926;0.728475;0.527588;0.433541;-0.267166;0.890746;-0.136856;0.341270;0.422777;-0.554103;0.603180;-0.387819;0.422777;-0.554103;0.603180;-0.387819;0.573178;0.034703;0.818323;0.024719;0.387819;0.603180;0.554103;0.422777;0.573178;0.034703;0.818323;0.024719;0.422777;-0.554103;0.603180;-0.387819
12666888;1;0.522513;-0.424939;0.705388;-0.220985;0.557293;-0.267154;0.778957;-0.106202;0.586043;-0.255865;0.730834;-0.238683;0.603296;-0.196433;0.748999;-0.190918;0.946953;-0.290545;0.057450;0.124749;0.779221;-0.156720;-0.140504;0.590350;0.240970;-0.210134;-0.012099;0.947434;0.420356;0.099999;-0.064420;0.899528;0.572618;0.109804;-0.045746;0.811146;0.572618;0.109804;-0.045746;0.811146;0.328391;0.100695;0.531884;0.774028;0.330882;0.905882;-0.199480;-0.173499;0.249458;0.715091;-0.583909;-0.292344;-0.302670;-0.584517;0.714595;0.236824;0.537725;-0.423478;0.368199;-0.629243;-0.419601;0.481260;-0.288605;0.713464;-0.419601;0.481260;-0.288605;0.713464;-0.450552;-0.043472;0.117673;0.883893;-0.038407;0.617935;-0.141963;0.772352;0.686699;-0.188366;0.605455;-0.355510;0.535221;-0.413507;0.526700;-0.514914;0.746348;0.077960;0.660874;0.011468;0.260820;0.201734;0.885390;0.327661;-0.127266;0.848089;0.324525;0.399039;0.067097;0.723772;0.535948;0.429431;-0.255576;0.893328;-0.127676;0.346908;0.421119;-0.534863;0.611573;-0.403187;0.421119;-0.534863;0.611573;-0.403187;0.582872;0.054242;0.810652;0.012680;0.403187;0.611573;0.534863;0.421119;0.582872;0.054242;0.810652;0.012680;0.421119;-0.534863;0.611573;-0.403187
12700222;1;0.522540;-0.424933;0.705391;-0.220924;0.557310;-0.267115;0.778970;-0.106114;0.586046;-0.255786;0.730901;-0.238553;0.603289;-0.196349;0.749059;-0.190788;0.946996;-0.290391;0.057451;0.124780;0.779242;-0.156564;-0.140667;0.590324;0.241009;-0.210114;-0.012325;0.947425;0.420272;0.100101;-0.064663;0.899539;0.572537;0.109947;-0.045967;0.811172;0.572537;0.109947;-0.045967;0.811172;0.327783;0.101561;0.531702;0.774297;0.330748;0.905921;-0.199405;-0.173638;0.249305;0.715109;-0.583778;-0.292693;-0.302566;-0.584628;0.714414;0.237225;0.537647;-0.423535;0.369374;-0.628583;-0.420004;0.481373;-0.289998;0.712585;-0.420004;0.481373;-0.289998;0.712585;-0.450665;-0.042926;0.116758;0.883983;-0.038747;0.617895;-0.141913;0.772376;0.686913;-0.188350;0.605408;-0.355184;0.535447;-0.414462;0.526924;-0.513682;0.745644;0.077447;0.661710;0.012503;0.260629;0.201561;0.885330;0.328080;-0.127577;0.847826;0.324942;0.399160;0.066987;0.723385;0.536283;0.429683;-0.255828;0.893289;-0.127165;0.347009;0.421283;-0.534998;0.611596;-0.402800;0.421283;-0.534998;0.611596;-0.402800;0.582715;0.054163;0.810764;0.013070;0.402800;0.611596;0.534998;0.421283;0.582715;0.054163;0.810764;0.013070;0.421283;-0.534998;0.611596;-0.402800
12733555;1;0.525386;-0.430006;0.699532;-0.222977;0.561608;-0.265277;0.777096;-0.101715;0.577642;-0.267813;0.729149;-0.250892;0.595902;-0.208477;0.748278;-0.203761;0.941078;-0.307573;0.061247;0.126567;0.778009;-0.161236;-0.144808;0.589691;0.249459;-0.216217;-0.014713;0.943824;0.406079;0.089107;-0.072809;0.906564;0.593613;0.102814;-0.051676;0.796482;0.593613;0.102814;-0.051676;0.796482;0.317834;0.105747;0.528279;0.780206;0.348996;0.897379;-0.201116;-0.180179;0.266774;0.710241;-0.573220;-0.309528;-0.327470;-0.569266;0.713415;0.244417;0.543434;-0.420040;0.401087;-0.606115;-0.403273;0.495227;-0.303404;0.707154;-0.403273;0.495227;-0.303404;0.707154;-0.445153;-0.037119;0.087743;0.890372;-0.034371;0.614491;-0.142084;0.775262;0.690673;-0.180628;0.604336;-0.353726;0.541315;-0.423004;0.536251;-0.490387;0.733461;0.078077;0.674418;0.033162;0.251253;0.212944;0.884002;0.331763;-0.126086;0.845015;0.335734;0.396655;0.077138;0.717131;0.544039;0.428712;-0.247880;0.894349;-0.117300;0.353462;0.444443;-0.537529;0.609407;-0.377035;0.444443;-0.537529;0.609407;-0.377035;0.580873;0.050825;0.811006;0.047665;0.377035;0.609407;0.537529;0.444443;0.580873;0.050825;0.811006;0.047665;0.444443;-0.537529;0.609407;-0.377035
12766866;1;0.524546;-0.421660;0.703004;-0.229872;0.561014;-0.265359;0.775626;-0.115121;0.582017;-0.260122;0.730027;-0.246279;0.599893;-0.200741;0.748536;-0.198812;0.944552;-0.298962;0.061925;0.120868;0.779593;-0.156323;-0.151307;0.587285;0.250666;-0.216389;-0.022510;0.943311;0.404359;0.074174;-0.079972;0.908073;0.569523;0.088017;-0.064423;0.814706;0.569523;0.088017;-0.064423;0.814706;0.330525;0.078711;0.520778;0.783166;0.338772;0.901200;-0.196903;-0.185208;0.261532;0.710217;-0.576660;-0.307661;-0.319263;-0.576301;0.710509;0.247236;0.553981;-0.406407;0.362750;-0.629564;-0.419910;0.469597;-0.276103;0.725894;-0.419910;0.469597;-0.276103;0.725894;-0.439553;-0.060160;0.169874;0.879953;-0.039430;0.616367;-0.137681;0.774326;0.693394;-0.183591;0.604335;-0.346813;0.548051;-0.406482;0.529805;-0.503705;0.747533;0.085229;0.658120;0.028421;0.240649;0.209271;0.887546;0.332498;-0.131905;0.845005;0.342729;0.388721;0.074813;0.717553;0.546988;0.424648;-0.246658;0.896699;-0.115510;0.348925;0.429049;-0.540077;0.603727;-0.399683;0.429049;-0.540077;0.603727;-0.399683;0.586002;0.045007;0.808792;0.020764;0.399683;0.603727;0.540077;0.429049;0.586002;0.045007;0.808792;0.020764;0.429049;-0.540077;0.603727;-0.399683
12800222;1;0.524245;-0.421575;0.703031;-0.230627;0.560840;-0.265520;0.775550;-0.116103;0.580981;-0.260557;0.730214;-0.247706;0.598974;-0.201160;0.748758;-0.200317;0.944077;-0.300203;0.063500;0.120687;0.780171;-0.156341;-0.145237;0.588045;0.251756;-0.212634;-0.017972;0.943972;0.408556;0.074731;-0.074782;0.906590;0.581184;0.088146;-0.058372;0.806875;0.581184;0.088146;-0.058372;0.806875;0.342307;0.066608;0.524216;0.776908;0.340233;0.900189;-0.198164;-0.186095;0.263129;0.708710;-0.578083;-0.307103;-0.320670;-0.574654;0.711494;0.246415;0.562709;-0.397434;0.345262;-0.637338;-0.427658;0.457119;-0.261155;0.734812;-0.427658;0.457119;-0.261155;0.734812;-0.449199;-0.081764;0.151423;0.876702;-0.039597;0.615602;-0.139279;0.774640;0.694231;-0.180984;0.604707;-0.345857;0.546231;-0.405277;0.527663;-0.508875;0.749873;0.084546;0.655738;0.023475;0.244165;0.206993;0.888482;0.328842;-0.127634;0.845109;0.343511;0.389230;0.077876;0.715624;0.550004;0.423454;-0.243622;0.897462;-0.112028;0.350230;0.436074;-0.542587;0.603297;-0.389193;0.436074;-0.542587;0.603297;-0.389193;0.583552;0.042929;0.810263;0.033150;0.389193;0.603297;0.542587;0.436074;0.583552;0.042929;0.810263;0.033150;0.436074;-0.542587;0.603297;-0.389193
12833544;1;0.524238;-0.421598;0.703018;-0.230643;0.560834;-0.265565;0.775534;-0.116134;0.580969;-0.260630;0.730188;-0.247735;0.598964;-0.201235;0.748737;-0.200347;0.944044;-0.300275;0.063472;0.120774;0.780122;-0.156325;-0.145127;0.588142;0.251666;-0.212553;-0.017897;0.944016;0.408385;0.075009;-0.074716;0.906649;0.580372;0.088358;-0.058324;0.807440;0.580372;0.088358;-0.058324;0.807440;0.341576;0.067701;0.524394;0.777015;0.340310;0.900170;-0.198149;-0.186066;0.263226;0.708701;-0.578098;-0.307015;-0.320759;-0.574604;0.711536;0.246292;0.562331;-0.397931;0.345456;-0.637256;-0.427095;0.457719;-0.261118;0.734779;-0.427095;0.457719;-0.261118;0.734779;-0.449409;-0.080903;0.152450;0.876496;-0.039578;0.615603;-0.139304;0.774636;0.694253;-0.180902;0.604738;-0.345802;0.546393;-0.404942;0.527758;-0.508870;0.749983;0.084851;0.655568;0.023591;0.244459;0.206566;0.888590;0.328602;-0.127267;0.844949;0.343925;0.389332;0.078252;0.715299;0.550357;0.423475;-0.243367;0.897481;-0.111551;0.350509;0.436020;-0.542821;0.603260;-0.388985;0.436020;-0.542821;0.603260;-0.388985;0.583367;0.042737;0.810401;0.033259;0.388985;0.603260;0.542821;0.436020;0.583367;0.042737;0.810401;0.033259;0.436020;-0.542821;0.603260;-0.388985
12866888;1;0.531396;-0.414732;0.700438;-0.234524;0.566248;-0.274256;0.766421;-0.129406;0.585330;-0.268802;0.721065;-0.255341;0.603922;-0.210112;0.740299;-0.207579;0.941212;-0.312665;0.054144;0.115880;0.777646;-0.159448;-0.144758;0.590668;0.250426;-0.214747;-0.016197;0.943879;0.408375;0.081756;-0.073658;0.906157;0.571833;0.094173;-0.056930;0.812956;0.571833;0.094173;-0.056930;0.812956;0.340449;0.062880;0.523415;0.778574;0.347932;0.901097;-0.189490;-0.176242;0.259704;0.708610;-0.581263;-0.304237;-0.315528;-0.577391;0.711768;0.245861;0.558242;-0.403294;0.349088;-0.635497;-0.429990;0.461301;-0.267788;0.728423;-0.429990;0.461301;-0.267788;0.728423;-0.449701;-0.072446;0.155667;0.876521;-0.032970;0.610504;-0.133140;0.780046;0.698419;-0.179181;0.598663;-0.348867;0.553041;-0.392421;0.523462;-0.515887;0.759577;0.090705;0.643641;0.023265;0.253747;0.290017;0.848199;0.363402;-0.114327;0.835529;0.324676;0.428259;0.101512;0.704114;0.537344;0.452968;-0.247630;0.880595;-0.112885;0.387929;0.431091;-0.535529;0.609062;-0.395490;0.431091;-0.535529;0.609062;-0.395490;0.584481;0.051995;0.809348;0.025174;0.395490;0.609062;0.535529;0.431091;0.584481;0.051995;0.809348;0.025174;0.431091;-0.535529;0.609062;-0.395490
12900211;1;0.524070;-0.407770;0.700530;-0.261403;0.567694;-0.249350;0.771261;-0.143888;0.583706;-0.255257;0.729521;-0.248857;0.601783;-0.195933;0.747641;-0.201247;0.944430;-0.297591;0.059200;0.126438;0.779979;-0.156518;-0.142614;0.588894;0.253193;-0.211121;-0.016269;0.943958;0.405959;0.071390;-0.073648;0.908117;0.557639;0.083105;-0.060117;0.823722;0.557639;0.083105;-0.060117;0.823722;0.332630;0.075804;0.526086;0.779002;0.337139;0.899342;-0.205177;-0.188214;0.266358;0.708663;-0.575480;-0.309311;-0.324489;-0.574556;0.709412;0.247643;0.565670;-0.395088;0.351375;-0.632818;-0.442101;0.452042;-0.274257;0.724560;-0.442101;0.452042;-0.274257;0.724560;-0.453511;-0.079112;0.163112;0.872619;-0.049034;0.620597;-0.138144;0.770305;0.693760;-0.186825;0.607768;-0.338248;0.555315;-0.393163;0.530288;-0.505809;0.754118;0.095038;0.649038;0.031993;0.202003;0.226488;0.891642;0.335965;-0.144112;0.845892;0.361611;0.364604;0.085600;0.720280;0.551090;0.412517;-0.230451;0.901518;-0.114614;0.347880;0.430661;-0.538311;0.598869;-0.407564;0.430661;-0.538311;0.598869;-0.407564;0.592714;0.042821;0.804108;0.016332;0.407564;0.598869;0.538311;0.430661;0.592714;0.042821;0.804108;0.016332;0.430661;-0.538311;0.598869;-0.407564
12933555;1;0.528956;-0.421970;0.701368;-0.224120;0.563313;-0.271675;0.772119;-0.112709;0.577870;-0.270474;0.726539;-0.255052;0.596463;-0.211340;0.745889;-0.207889;0.941102;-0.313199;0.060463;0.112151;0.765764;-0.154334;-0.151925;0.605562;0.259857;-0.214284;-0.031347;0.941049;0.418715;0.099354;-0.087756;0.898391;0.576788;0.113798;-0.067988;0.806067;0.576788;0.113798;-0.067988;0.806067;0.343515;0.085160;0.511322;0.783132;0.349649;0.899309;-0.183908;-0.187526;0.279375;0.701020;-0.570197;-0.324648;-0.339847;-0.569638;0.701474;0.260674;0.533144;-0.426651;0.369269;-0.630370;-0.413691;0.485057;-0.288288;0.714471;-0.413691;0.485057;-0.288288;0.714471;-0.435369;-0.043491;0.095113;0.894157;-0.033106;0.613034;-0.130127;0.778563;0.701375;-0.175725;0.601602;-0.339511;0.558664;-0.397733;0.529200;-0.499651;0.752167;0.091068;0.651498;0.038745;0.261634;0.249944;0.866159;0.344738;-0.114751;0.839804;0.327716;0.417330;0.083532;0.711437;0.539358;0.442688;-0.253178;0.887095;-0.116581;0.367930;0.436205;-0.544262;0.604974;-0.384072;0.436205;-0.544262;0.604974;-0.384072;0.580023;0.042930;0.812632;0.036863;0.384072;0.604974;0.544262;0.436205;0.580023;0.042930;0.812632;0.036863;0.436205;-0.544262;0.604974;-0.384072
12966877;1;0.527221;-0.426948;0.696093;-0.234964;0.561621;-0.290615;0.763133;-0.133235;0.595641;-0.251830;0.723170;-0.242525;0.613171;-0.193025;0.741036;-0.193978;0.947951;-0.291471;0.051756;0.117276;0.774891;-0.152887;-0.130915;0.599191;0.256196;-0.200915;-0.012106;0.945436;0.405733;0.107665;-0.070897;0.904855;0.580585;0.119792;-0.047622;0.803930;0.580585;0.119792;-0.047622;0.803930;0.339084;0.080109;0.528959;0.773827;0.327777;0.906870;-0.200203;-0.173400;0.264747;0.708191;-0.575628;-0.311492;-0.323674;-0.573176;0.710177;0.249705;0.544731;-0.418871;0.369398;-0.625588;-0.419450;0.480037;-0.285434;0.715649;-0.419450;0.480037;-0.285434;0.715649;-0.436255;-0.052601;0.110144;0.891506;-0.026011;0.604162;-0.130780;0.785626;0.701319;-0.175869;0.592660;-0.354932;0.559765;-0.393256;0.527875;-0.503348;0.755532;0.093299;0.647384;0.036885;0.301008;0.309805;0.828300;0.356840;-0.076420;0.831475;0.301123;0.460581;0.117549;0.711906;0.508489;0.469905;-0.248323;0.865944;-0.138855;0.411335;0.421794;-0.550653;0.609668;-0.383634;0.421794;-0.550653;0.609668;-0.383634;0.569524;0.041730;0.820471;0.026983;0.383634;0.609668;0.550653;0.421794;0.569524;0.041730;0.820471;0.026983;0.421794;-0.550653;0.609668;-0.383634
13000222;1;0.515093;-0.418903;0.704255;-0.251447;0.553146;-0.279207;0.770388;-0.150251;0.590470;-0.247730;0.732291;-0.231786;0.607156;-0.188207;0.749799;-0.183688;0.950537;-0.279534;0.061967;0.120419;0.777081;-0.156991;-0.127483;0.596026;0.245884;-0.202195;-0.003909;0.947968;0.406392;0.105559;-0.059414;0.905634;0.601642;0.116303;-0.033860;0.789528;0.601642;0.116303;-0.033860;0.789528;0.354958;0.079999;0.544343;0.755841;0.320676;0.909938;-0.210119;-0.158206;0.237531;0.717753;-0.590528;-0.282286;-0.289338;-0.584677;0.722528;0.228888;0.583796;-0.388113;0.314840;-0.639865;-0.452349;0.440620;-0.235818;0.738664;-0.452349;0.440620;-0.235818;0.738664;-0.477466;-0.096402;0.223156;0.844354;-0.037403;0.620195;-0.131313;0.772474;0.696413;-0.181043;0.607594;-0.336248;0.554580;-0.405306;0.533342;-0.493674;0.745105;0.088622;0.659814;0.040119;0.245193;0.192031;0.918006;0.245499;-0.070841;0.873043;0.342582;0.339726;0.066533;0.738622;0.571039;0.352031;-0.201387;0.928260;-0.113541;0.291352;0.418198;-0.558881;0.600148;-0.390620;0.418198;-0.558881;0.600148;-0.390620;0.571921;0.029180;0.819558;0.019501;0.390620;0.600148;0.558881;0.418198;0.571921;0.029180;0.819558;0.019501;0.418198;-0.558881;0.600148;-0.390620
13033544;1;0.515133;-0.418892;0.704269;-0.251343;0.553181;-0.279116;0.770428;-0.150085;0.590653;-0.247578;0.732305;-0.231437;0.607310;-0.188055;0.749801;-0.183326;0.950638;-0.279177;0.061824;0.120520;0.777337;-0.156265;-0.127378;0.595906;0.246334;-0.201557;-0.004309;0.947985;0.407117;0.106567;-0.059751;0.905168;0.602937;0.117391;-0.033856;0.788378;0.602937;0.117391;-0.033856;0.788378;0.354173;0.084981;0.544807;0.755331;0.320300;0.910138;-0.209841;-0.158190;0.237061;0.718066;-0.590133;-0.282714;-0.288918;-0.585204;0.722088;0.229459;0.584905;-0.386989;0.315106;-0.639401;-0.453260;0.439651;-0.236133;0.738582;-0.453260;0.439651;-0.236133;0.738582;-0.477828;-0.098401;0.219250;0.844942;-0.037248;0.620221;-0.131263;0.772469;0.696184;-0.181371;0.607512;-0.336693;0.553943;-0.405532;0.532856;-0.494728;0.745395;0.088113;0.659627;0.038927;0.244573;0.191286;0.917142;0.249889;-0.074716;0.871775;0.343081;0.341644;0.063775;0.737214;0.571304;0.355048;-0.205463;0.927448;-0.112337;0.291556;0.419589;-0.558041;0.599778;-0.390898;0.419589;-0.558041;0.599778;-0.390898;0.573101;0.029512;0.818702;0.020287;0.390898;0.599778;0.558041;0.419589;0.573101;0.029512;0.818702;0.020287;0.419589;-0.558041;0.599778;-0.390898
13066888;1;0.519920;-0.419392;0.700322;-0.251679;0.560400;-0.267315;0.771287;-0.140038;0.590212;-0.243384;0.732600;-0.236031;0.607240;-0.183850;0.749758;-0.187940;0.950114;-0.279151;0.066415;0.122260;0.781055;-0.153900;-0.143077;0.588044;0.243842;-0.209534;-0.015869;0.946776;0.407490;0.101026;-0.070626;0.904852;0.604969;0.114578;-0.045454;0.786650;0.604969;0.114578;-0.045454;0.786650;0.340228;0.100614;0.534472;0.767112;0.319127;0.908155;-0.204364;-0.177898;0.256814;0.710552;-0.578885;-0.306684;-0.314920;-0.574798;0.713862;0.246645;0.584035;-0.390185;0.337166;-0.626879;-0.436852;0.453133;-0.246163;0.737044;-0.436852;0.453133;-0.246163;0.737044;-0.472187;-0.094421;0.174787;0.858821;-0.038178;0.616576;-0.133944;0.774878;0.693635;-0.186294;0.602878;-0.347423;0.553764;-0.404545;0.533265;-0.495295;0.745665;0.089098;0.659220;0.038392;0.249068;0.177296;0.901788;0.305466;-0.118469;0.851032;0.346927;0.375967;0.082619;0.731184;0.538017;0.411195;-0.231736;0.900037;-0.131567;0.344852;0.426175;-0.545401;0.595549;-0.407718;0.426175;-0.545401;0.595549;-0.407718;0.589651;0.035460;0.806774;0.013051;0.407718;0.595549;0.545401;0.426175;0.589651;0.035460;0.806774;0.013051;0.426175;-0.545401;0.595549;-0.407718
13100222;1;0.519439;-0.413963;0.705051;-0.248437;0.555939;-0.278932;0.768544;-0.149896;0.586012;-0.247526;0.735267;-0.233889;0.602881;-0.187766;0.752748;-0.186141;0.949296;-0.279622;0.075159;0.122473;0.781030;-0.153711;-0.146253;0.587345;0.239670;-0.211454;-0.017445;0.947387;0.412934;0.100311;-0.070055;0.902505;0.577974;0.111861;-0.049569;0.806831;0.577974;0.111861;-0.049569;0.806831;0.314000;0.130188;0.531292;0.776005;0.320864;0.909834;-0.198964;-0.172224;0.250887;0.708968;-0.588476;-0.296844;-0.303794;-0.581082;0.715041;0.242425;0.562099;-0.417946;0.361464;-0.615394;-0.395693;0.493260;-0.249058;0.733548;-0.395693;0.493260;-0.249058;0.733548;-0.451425;-0.053518;0.182379;0.871831;-0.032980;0.620720;-0.129680;0.772530;0.690894;-0.188822;0.605407;-0.347122;0.547332;-0.422573;0.536594;-0.483659;0.732987;0.078675;0.674360;0.042172;0.259899;0.152660;0.909026;0.287783;-0.109935;0.855221;0.343778;0.371924;0.068752;0.731131;0.547938;0.400607;-0.234083;0.906883;-0.124473;0.327529;0.440610;-0.546748;0.588007;-0.401468;0.440610;-0.546748;0.588007;-0.401468;0.595439;0.029174;0.802393;0.027678;0.401468;0.588007;0.546748;0.440610;0.595439;0.029174;0.802393;0.027678;0.440610;-0.546748;0.588007;-0.401468
13133555;1;0.519380;-0.413630;0.705338;-0.248300;0.555894;-0.278361;0.768834;-0.149634;0.585671;-0.246786;0.735819;-0.233786;0.602533;-0.186984;0.753240;-0.186066;0.949536;-0.278963;0.076243;0.121443;0.781616;-0.154080;-0.145914;0.586553;0.241011;-0.211522;-0.017037;0.947039;0.416298;0.099474;-0.069470;0.901096;0.584851;0.111161;-0.048624;0.802015;0.584851;0.111161;-0.048624;0.802015;0.322225;0.125961;0.532126;0.772753;0.320292;0.909875;-0.199347;-0.172630;0.250634;0.708723;-0.588811;-0.296979;-0.303685;-0.580444;0.715591;0.242466;0.562427;-0.416868;0.359835;-0.616779;-0.397989;0.491035;-0.249288;0.733720;-0.397989;0.491035;-0.249288;0.733720;-0.449456;-0.055886;0.180797;0.873028;-0.032590;0.620753;-0.130131;0.772444;0.690644;-0.188418;0.605664;-0.347391;0.547274;-0.420115;0.536331;-0.486152;0.734692;0.080223;0.672431;0.040353;0.258571;0.154838;0.907793;0.291683;-0.112945;0.854377;0.343594;0.373132;0.067160;0.730545;0.547346;0.402747;-0.236721;0.906053;-0.124465;0.327932;0.440044;-0.551684;0.591470;-0.390089;0.440044;-0.551684;0.591470;-0.390089;0.586993;0.028133;0.808331;0.035324;0.390089;0.591470;0.551684;0.440044;0.586993;0.028133;0.808331;0.035324;0.440044;-0.551684;0.591470;-0.390089
13166866;1;0.523899;-0.407460;0.706093;-0.246859;0.560167;-0.271679;0.768623;-0.147047;0.593148;-0.249252;0.727672;-0.237788;0.610306;-0.190094;0.745317;-0.189456;0.949507;-0.284831;0.068482;0.112326;0.776251;-0.156914;-0.152350;0.591272;0.234006;-0.217762;-0.020303;0.947317;0.425828;0.088968;-0.070174;0.897681;0.593516;0.100996;-0.051375;0.796806;0.593516;0.100996;-0.051375;0.796806;0.319940;0.123147;0.526950;0.777687;0.321104;0.912765;-0.191084;-0.165041;0.239302;0.716684;-0.586298;-0.292153;-0.293635;-0.582716;0.719599;0.237480;0.562219;-0.408109;0.325098;-0.641613;-0.434050;0.461130;-0.244133;0.734411;-0.434050;0.461130;-0.244133;0.734411;-0.458416;-0.079333;0.169791;0.868753;-0.034742;0.619711;-0.127260;0.773664;0.691838;-0.192018;0.602849;-0.347940;0.550755;-0.402484;0.527411;-0.506471;0.751376;0.086377;0.653582;0.028358;0.264341;0.140165;0.905710;0.300278;-0.122064;0.849330;0.344307;0.381040;0.068621;0.729552;0.539329;0.414932;-0.244293;0.899759;-0.129413;0.337649;0.423664;-0.538075;0.601408;-0.411452;0.423664;-0.538075;0.601408;-0.411452;0.590516;0.044784;0.805736;0.008635;0.411452;0.601408;0.538075;0.423664;0.590516;0.044784;0.805736;0.008635;0.423664;-0.538075;0.601408;-0.411452
13200222;1;0.525978;-0.401309;0.705628;-0.253746;0.563007;-0.268007;0.766246;-0.155120;0.592377;-0.250321;0.727932;-0.237789;0.609538;-0.191139;0.745662;-0.189518;0.948889;-0.284979;0.074702;0.113205;0.777544;-0.154141;-0.143762;0.592451;0.232124;-0.210251;-0.014875;0.949574;0.426230;0.096284;-0.062820;0.897280;0.594124;0.106745;-0.042690;0.796115;0.594124;0.106745;-0.042690;0.796115;0.348444;0.090404;0.534640;0.764575;0.320705;0.915410;-0.188321;-0.153975;0.233055;0.719166;-0.589410;-0.284749;-0.285596;-0.585822;0.722091;0.232017;0.560105;-0.408498;0.325804;-0.642856;-0.441586;0.458311;-0.250939;0.729371;-0.441586;0.458311;-0.250939;0.729371;-0.459953;-0.077690;0.167407;0.868552;-0.037076;0.620164;-0.131193;0.772535;0.692629;-0.187692;0.605515;-0.344075;0.541236;-0.420436;0.525016;-0.504633;0.743390;0.071923;0.664580;0.023035;0.267215;0.152255;0.902990;0.300040;-0.117531;0.850702;0.338867;0.384268;0.068822;0.723528;0.548351;0.413621;-0.243165;0.901830;-0.118772;0.336847;0.427617;-0.542336;0.606674;-0.393653;0.427617;-0.542336;0.606674;-0.393653;0.580726;0.045494;0.812472;0.024017;0.393653;0.606674;0.542336;0.427617;0.580726;0.045494;0.812472;0.024017;0.427617;-0.542336;0.606674;-0.393653
13233555;1;0.521339;-0.415996;0.701667;-0.250631;0.560095;-0.271769;0.769110;-0.144584;0.595182;-0.246811;0.728449;-0.232819;0.611935;-0.187600;0.745896;-0.184339;0.949162;-0.279164;0.063320;0.130955;0.779820;-0.159331;-0.141538;0.588610;0.234079;-0.212911;-0.009382;0.948571;0.418643;0.072517;-0.059747;0.903277;0.582557;0.082543;-0.044889;0.807340;0.582557;0.082543;-0.044889;0.807340;0.346631;0.090418;0.540692;0.761133;0.319560;0.910577;-0.208847;-0.158475;0.231258;0.722276;-0.585429;-0.286549;-0.285471;-0.585738;0.722026;0.232587;0.581715;-0.381526;0.296833;-0.654168;-0.461716;0.426533;-0.227468;0.743738;-0.461716;0.426533;-0.227468;0.743738;-0.479724;-0.115828;0.185682;0.849689;-0.042843;0.611948;-0.146571;0.776017;0.690352;-0.184331;0.601702;-0.356919;0.522759;-0.442212;0.517875;-0.512812;0.736106;0.051336;0.674903;0.004326;0.238001;0.174663;0.903738;0.310009;-0.128349;0.851224;0.350183;0.369210;0.074474;0.715901;0.563989;0.404790;-0.232837;0.907416;-0.102359;0.334524;0.431090;-0.534808;0.613574;-0.389447;0.431090;-0.534808;0.613574;-0.389447;0.580207;0.055696;0.812029;0.029446;0.389447;0.613574;0.534808;0.431090;0.580207;0.055696;0.812029;0.029446;0.431090;-0.534808;0.613574;-0.389447
13266888;1;0.531603;-0.401964;0.698411;-0.260853;0.575030;-0.243631;0.768113;-0.141376;0.588979;-0.254457;0.725683;-0.248476;0.607008;-0.195442;0.743751;-0.200443;0.944838;-0.296423;0.063600;0.123977;0.777407;-0.159062;-0.146808;0.590580;0.233661;-0.215986;-0.014256;0.947919;0.414810;0.095300;-0.065665;0.902518;0.575240;0.105839;-0.046819;0.809756;0.575240;0.105839;-0.046819;0.809756;0.350173;0.077837;0.533824;0.765736;0.333393;0.905884;-0.202268;-0.165257;0.233767;0.722331;-0.583676;-0.287948;-0.288589;-0.585001;0.721258;0.232976;0.567714;-0.400993;0.317465;-0.645074;-0.444075;0.451017;-0.241172;0.735675;-0.444075;0.451017;-0.241172;0.735675;-0.462743;-0.089801;0.173150;0.864768;-0.048588;0.614052;-0.142610;0.774752;0.691074;-0.190697;0.600910;-0.353495;0.520987;-0.444708;0.509945;-0.520350;0.740139;0.043939;0.671013;-0.002229;0.240526;0.200263;0.892739;0.324128;-0.125958;0.844771;0.351302;0.383515;0.092104;0.699133;0.573705;0.416645;-0.228559;0.902475;-0.083676;0.355385;0.432002;-0.535264;0.613984;-0.387155;0.432002;-0.535264;0.613984;-0.387155;0.579232;0.055663;0.812642;0.031712;0.387155;0.613984;0.535264;0.432002;0.579232;0.055663;0.812642;0.031712;0.432002;-0.535264;0.613984;-0.387155
13300200;1;0.533117;-0.391839;0.706900;-0.250082;0.573360;-0.236892;0.772740;-0.134213;0.582205;-0.260103;0.728754;-0.249601;0.600346;-0.200824;0.747266;-0.202108;0.943615;-0.301303;0.063218;0.121700;0.782583;-0.151554;-0.151023;0.584626;0.239451;-0.212840;-0.021808;0.947041;0.404876;0.098893;-0.075036;0.905906;0.573264;0.111593;-0.054379;0.809913;0.573264;0.111593;-0.054379;0.809913;0.342138;0.080270;0.526980;0.773816;0.338500;0.904177;-0.192419;-0.175659;0.240794;0.714543;-0.583306;-0.301996;-0.297369;-0.580432;0.716879;0.246486;0.590349;-0.365070;0.277909;-0.664062;-0.490370;0.400743;-0.223415;0.740964;-0.490370;0.400743;-0.223415;0.740964;-0.482503;-0.126063;0.250879;0.829674;-0.050680;0.618669;-0.152800;0.768981;0.688309;-0.182303;0.610677;-0.346513;0.509828;-0.454564;0.512060;-0.520808;0.732594;0.038391;0.679503;-0.010388;0.244073;0.195935;0.891782;0.326746;-0.125421;0.840916;0.355652;0.388126;0.087870;0.682165;0.593420;0.418069;-0.232416;0.904301;-0.057706;0.353402;0.443314;-0.547580;0.583613;-0.403764;0.443314;-0.547580;0.583613;-0.403764;0.598974;0.025479;0.799874;0.027966;0.403764;0.583613;0.547580;0.443314;0.598974;0.025479;0.799874;0.027966;0.443314;-0.547580;0.583613;-0.403764
13333555;1;0.533431;-0.391562;0.706826;-0.250057;0.573693;-0.236457;0.772665;-0.133989;0.582271;-0.259426;0.729136;-0.249036;0.600367;-0.200119;0.747592;-0.201540;0.943928;-0.300419;0.063178;0.121476;0.783006;-0.150782;-0.151540;0.584125;0.240559;-0.212555;-0.022801;0.946801;0.406830;0.099750;-0.076125;0.904845;0.581636;0.113099;-0.054348;0.803713;0.581636;0.113099;-0.054348;0.803713;0.338523;0.088587;0.526250;0.774994;0.337576;0.904508;-0.192037;-0.176151;0.239764;0.714885;-0.582560;-0.303441;-0.296551;-0.581220;0.715975;0.248235;0.593488;-0.361731;0.273912;-0.664752;-0.488519;0.398300;-0.217333;0.745300;-0.488519;0.398300;-0.217333;0.745300;-0.481661;-0.134099;0.243941;0.830971;-0.051435;0.618400;-0.153998;0.768909;0.688897;-0.180660;0.611193;-0.345291;0.510326;-0.454715;0.512675;-0.519583;0.732087;0.038724;0.680048;-0.009170;0.262989;0.200222;0.889354;0.315906;-0.106320;0.842010;0.349309;0.397112;0.100202;0.682139;0.591358;0.418261;-0.223804;0.902882;-0.059202;0.362232;0.440019;-0.548923;0.587989;-0.399169;0.440019;-0.548923;0.587989;-0.399169;0.593395;0.027624;0.803918;0.028885;0.399169;0.587989;0.548923;0.440019;0.593395;0.027624;0.803918;0.028885;0.440019;-0.548923;0.587989;-0.399169
13366888;1;0.531092;-0.395459;0.706162;-0.250775;0.571827;-0.238836;0.773311;-0.134015;0.585775;-0.259478;0.727070;-0.246797;0.603679;-0.200336;0.745537;-0.199027;0.945405;-0.299631;0.055840;0.115381;0.779856;-0.155801;-0.146695;0.588244;0.242851;-0.213274;-0.017528;0.946166;0.404148;0.097554;-0.072748;0.906562;0.587665;0.110792;-0.050342;0.799900;0.587665;0.110792;-0.050342;0.799900;0.333244;0.084975;0.528199;0.776359;0.336188;0.905132;-0.191869;-0.175784;0.233930;0.719388;-0.583082;-0.296266;-0.289531;-0.585069;0.717772;0.242217;0.607086;-0.329273;0.217174;-0.689827;0.522253;-0.352410;0.177178;-0.756087;0.522253;-0.352410;0.177178;-0.756087;-0.499037;-0.181174;0.266991;0.804272;-0.050360;0.618052;-0.152775;0.769503;0.689043;-0.181225;0.610366;-0.346166;0.517910;-0.443742;0.517672;-0.516602;0.735342;0.050073;0.675842;-0.001774;0.235213;0.219609;0.885223;0.335897;-0.130205;0.842386;0.349572;0.388885;0.082693;0.690255;0.582857;0.420699;-0.238021;0.902595;-0.070870;0.351633;0.424089;-0.541473;0.607487;-0.397386;0.424089;-0.541473;0.607487;-0.397386;0.580870;0.046679;0.812437;0.018882;0.397386;0.607487;0.541473;0.424089;0.580870;0.046679;0.812437;0.018882;0.424089;-0.541473;0.607487;-0.397386
13400222;1;0.530852;-0.395645;0.706197;-0.250894;0.571586;-0.239189;0.773329;-0.134314;0.586104;-0.260061;0.726526;-0.247002;0.604025;-0.200961;0.745041;-0.199205;0.945217;-0.300207;0.055628;0.115526;0.780276;-0.155145;-0.144856;0.588316;0.242984;-0.211618;-0.016465;0.946523;0.405122;0.099394;-0.071528;0.906025;0.592224;0.112556;-0.048234;0.796414;0.592224;0.112556;-0.048234;0.796414;0.332349;0.089664;0.529745;0.775161;0.336638;0.905245;-0.191576;-0.174657;0.234095;0.719898;-0.582964;-0.295127;-0.289522;-0.585405;0.717914;0.240992;0.607272;-0.330657;0.215480;-0.689533;0.518740;-0.354447;0.173589;-0.758382;0.518740;-0.354447;0.173589;-0.758382;-0.497184;-0.182206;0.265390;0.805715;-0.050163;0.618408;-0.150505;0.769677;0.688841;-0.183806;0.609390;-0.346925;0.520374;-0.443011;0.518716;-0.513698;0.735045;0.051349;0.676068;0.002016;0.230440;0.224036;0.883707;0.340247;-0.135045;0.842462;0.348362;0.388157;0.079943;0.692936;0.579043;0.422089;-0.240978;0.901806;-0.075449;0.350689;0.423763;-0.543068;0.606354;-0.397285;0.423763;-0.543068;0.606354;-0.397285;0.580569;0.044750;0.812765;0.018723;0.397285;0.606354;0.543068;0.423763;0.580569;0.044750;0.812765;0.018723;0.423763;-0.543068;0.606354;-0.397285
13433544;1;0.530920;-0.395680;0.706125;-0.250896;0.571629;-0.239377;0.773223;-0.134405;0.586262;-0.260173;0.726320;-0.247115;0.604191;-0.201089;0.744845;-0.199305;0.945198;-0.300401;0.055336;0.115316;0.779233;-0.157524;-0.147807;0.588332;0.241960;-0.215321;-0.017244;0.945936;0.404910;0.095086;-0.072408;0.906512;0.591165;0.108482;-0.050159;0.797647;0.591165;0.108482;-0.050159;0.797647;0.332790;0.090659;0.529625;0.774938;0.336760;0.905195;-0.191501;-0.174762;0.233628;0.719511;-0.582717;-0.296923;-0.289457;-0.585004;0.717652;0.242817;0.602911;-0.339355;0.234214;-0.682994;0.500190;-0.369084;0.183834;-0.761441;0.500190;-0.369084;0.183834;-0.761441;-0.491437;-0.172625;0.240435;0.819074;-0.051638;0.618775;-0.150462;0.769293;0.688299;-0.185716;0.609173;-0.347365;0.521059;-0.436055;0.517049;-0.520589;0.740353;0.055084;0.669954;-0.002411;0.236369;0.228719;0.882016;0.337437;-0.128546;0.843286;0.345111;0.391463;0.084324;0.695249;0.575197;0.422689;-0.238316;0.900761;-0.079824;0.354207;0.423072;-0.542578;0.601978;-0.405268;0.423072;-0.542578;0.601978;-0.405268;0.585725;0.042002;0.809323;0.012589;0.405268;0.601978;0.542578;0.423072;0.585725;0.042002;0.809323;0.012589;0.423072;-0.542578;0.601978;-0.405268
13466888;1;0.530920;-0.395674;0.706125;-0.250906;0.571633;-0.239360;0.773225;-0.134406;0.586255;-0.260151;0.726336;-0.247106;0.604183;-0.201066;0.744860;-0.199296;0.945205;-0.300379;0.055332;0.115317;0.779247;-0.157493;-0.147820;0.588319;0.242010;-0.215305;-0.017279;0.945926;0.405015;0.095109;-0.072432;0.906461;0.591416;0.108519;-0.050156;0.797455;0.591416;0.108519;-0.050156;0.797455;0.332824;0.091017;0.529655;0.774861;0.336739;0.905198;-0.191505;-0.174786;0.233610;0.719506;-0.582711;-0.296961;-0.289444;-0.585009;0.717639;0.242861;0.602805;-0.339587;0.234646;-0.682824;-0.499676;0.369480;-0.184018;0.761542;-0.499676;0.369480;-0.184018;0.761542;-0.491503;-0.172300;0.239958;0.819242;-0.051618;0.618752;-0.150412;0.769323;0.688288;-0.185793;0.609114;-0.347449;0.520868;-0.436343;0.516877;-0.520711;0.740303;0.054757;0.670034;-0.002630;0.236959;0.228947;0.882075;0.336714;-0.127580;0.843440;0.345036;0.391513;0.085304;0.695369;0.575109;0.422415;-0.237429;0.900787;-0.079975;0.354702;0.422987;-0.543038;0.601957;-0.404771;0.422987;-0.543038;0.601957;-0.404771;0.585313;0.041662;0.809634;0.012881;0.404771;0.601957;0.543038;0.422987;0.585313;0.041662;0.809634;0.012881;0.422987;-0.543038;0.601957;-0.404771
13500200;1;0.532363;-0.391778;0.705472;-0.255751;0.573481;-0.238864;0.770795;-0.141206;0.587120;-0.259821;0.723316;-0.254160;0.605611;-0.200979;0.741822;-0.206259;0.943849;-0.306593;0.041263;0.115962;0.779471;-0.157401;-0.151732;0.587049;0.248630;-0.217548;-0.021697;0.943602;0.397348;0.092083;-0.080129;0.909514;0.596899;0.108117;-0.056663;0.792976;0.596899;0.108117;-0.056663;0.792976;0.338236;0.082497;0.525014;0.776628;0.340133;0.901997;-0.193685;-0.182200;0.235991;0.719214;-0.577221;-0.306357;-0.295874;-0.579636;0.717270;0.249009;0.552923;-0.411150;0.366158;-0.625428;-0.386966;0.486905;-0.256982;0.739690;-0.386966;0.486905;-0.256982;0.739690;-0.439845;-0.066020;0.092939;0.890809;-0.052431;0.615505;-0.155148;0.770931;0.691507;-0.177563;0.609466;-0.344733;0.531698;-0.431166;0.527718;-0.502899;0.735455;0.066184;0.674105;0.017575;0.206234;0.286491;0.864004;0.359010;-0.137076;0.841392;0.347303;0.390705;0.092205;0.695839;0.570142;0.426900;-0.235710;0.897671;-0.083843;0.362765;0.427655;-0.542966;0.598935;-0.404446;0.427655;-0.542966;0.598935;-0.404446;0.588384;0.039576;0.807446;0.016411;0.404446;0.598935;0.542966;0.427655;0.588384;0.039576;0.807446;0.016411;0.427655;-0.542966;0.598935;-0.404446
13533555;1;0.530769;-0.402862;0.702530;-0.249875;0.571879;-0.243587;0.772342;-0.130797;0.586351;-0.262464;0.724310;-0.250360;0.604540;-0.203534;0.743025;-0.202532;0.943061;-0.305090;0.043172;0.125265;0.782622;-0.153193;-0.147534;0.585037;0.247853;-0.211741;-0.019998;0.945164;0.401106;0.091613;-0.076487;0.908224;0.579073;0.105368;-0.056043;0.806493;0.579073;0.105368;-0.056043;0.806493;0.332562;0.100653;0.529681;0.773763;0.341990;0.899855;-0.196443;-0.186318;0.241794;0.717685;-0.574956;-0.309661;-0.302542;-0.577786;0.715408;0.250645;0.537522;-0.434105;0.430700;-0.580621;-0.352557;0.537703;-0.291246;0.708347;-0.352557;0.537703;-0.291246;0.708347;-0.406480;-0.016130;0.036473;0.912789;-0.049363;0.611468;-0.159625;0.773427;0.693693;-0.168881;0.609026;-0.345479;0.537385;-0.427080;0.535277;-0.492238;0.731990;0.074476;0.676607;0.029099;0.214690;0.296448;0.855817;0.365518;-0.132372;0.838233;0.343002;0.402732;0.097948;0.697469;0.559536;0.436878;-0.238710;0.891424;-0.092503;0.373930;0.431432;-0.545718;0.598341;-0.397550;0.431432;-0.545718;0.598341;-0.397550;0.586178;0.037210;0.808972;0.023958;0.397550;0.598341;0.545718;0.431432;0.586178;0.037210;0.808972;0.023958;0.431432;-0.545718;0.598341;-0.397550
13566877;1;0.529317;-0.390373;0.710487;-0.250282;0.567168;-0.248590;0.771613;-0.145388;0.593974;-0.258105;0.721425;-0.245199;0.611724;-0.199420;0.739800;-0.196777;0.946077;-0.298118;0.047997;0.117307;0.779823;-0.156698;-0.151820;0.586748;0.241441;-0.217223;-0.020442;0.945570;0.403192;0.085522;-0.075309;0.907993;0.590753;0.099835;-0.054939;0.798765;0.590753;0.099835;-0.054939;0.798765;0.349007;0.063653;0.525814;0.773086;0.332536;0.908137;-0.190758;-0.168280;0.235084;0.719155;-0.577345;-0.306960;-0.295453;-0.578580;0.718162;0.249391;0.533629;-0.436470;0.416068;-0.592977;-0.355337;0.531952;-0.283983;0.714225;-0.355337;0.531952;-0.283983;0.714225;-0.419552;-0.021861;0.016913;0.907311;-0.048760;0.619072;-0.150180;0.769297;0.688992;-0.182331;0.610426;-0.345581;0.534982;-0.413004;0.527025;-0.515234;0.746403;0.078544;0.660750;0.011069;0.227977;0.291583;0.853092;0.367750;-0.132366;0.838774;0.330487;0.411966;0.092107;0.704472;0.545808;0.444218;-0.248112;0.886734;-0.107126;0.375056;0.416181;-0.553724;0.602892;-0.395860;0.416181;-0.553724;0.602892;-0.395860;0.574199;0.034767;0.817851;0.014369;0.395860;0.602892;0.553724;0.416181;0.574199;0.034767;0.817851;0.014369;0.416181;-0.553724;0.602892;-0.395860
13600222;1;0.534333;-0.396474;0.704941;-0.245671;0.572045;-0.251042;0.768838;-0.136494;0.593315;-0.256624;0.721599;-0.247824;0.611278;-0.197930;0.739854;-0.199446;0.945089;-0.299582;0.039929;0.124349;0.781855;-0.151348;-0.139523;0.588497;0.252463;-0.205186;-0.016478;0.945457;0.402999;0.094533;-0.073289;0.907350;0.584807;0.107832;-0.051770;0.802305;0.584807;0.107832;-0.051770;0.802305;0.326213;0.099021;0.529651;0.776691;0.334996;0.903248;-0.200045;-0.178615;0.239026;0.718944;-0.575672;-0.307550;-0.299642;-0.578124;0.716974;0.248868;0.522809;-0.446741;0.439112;-0.578164;-0.344317;0.549989;-0.299848;0.699320;-0.344317;0.549989;-0.299848;0.699320;-0.416488;0.009037;0.070023;0.906396;-0.050327;0.612168;-0.156836;0.773382;0.692616;-0.174317;0.607471;-0.347672;0.534404;-0.428276;0.530240;-0.499837;0.735216;0.070035;0.673858;0.021632;0.275821;0.322599;0.827205;0.368217;-0.091245;0.832158;0.309555;0.450958;0.123792;0.695324;0.535533;0.463038;-0.238874;0.873214;-0.108032;0.410812;0.415947;-0.540867;0.607244;-0.407069;0.415947;-0.540867;0.607244;-0.407069;0.581961;0.046935;0.811837;0.006278;0.407069;0.607244;0.540867;0.415947;0.581961;0.046935;0.811837;0.006278;0.415947;-0.540867;0.607244;-0.407069
13633544;1;0.536421;-0.397630;0.703238;-0.244131;0.573671;-0.253191;0.767168;-0.135086;0.595519;-0.258809;0.718557;-0.249101;0.613577;-0.200352;0.736998;-0.200542;0.944621;-0.301968;0.042108;0.121382;0.779964;-0.156230;-0.134418;0.590915;0.255813;-0.205813;-0.010827;0.944502;0.407307;0.112611;-0.070655;0.903564;0.602616;0.125756;-0.043115;0.786880;0.602616;0.125756;-0.043115;0.786880;0.314682;0.102856;0.526892;0.782803;0.336861;0.903637;-0.199660;-0.173495;0.236345;0.718963;-0.575883;-0.309179;-0.296763;-0.579841;0.715775;0.251759;0.524161;-0.442640;0.421123;-0.593279;-0.341935;0.540932;-0.284020;0.714007;-0.341935;0.540932;-0.284020;0.714007;-0.427678;-0.005174;0.058367;0.902030;-0.045531;0.608523;-0.152079;0.777495;0.694141;-0.175893;0.602121;-0.353101;0.540362;-0.416426;0.528828;-0.504916;0.742968;0.077450;0.664460;0.022186;0.295822;0.332637;0.813880;0.373418;-0.078498;0.826794;0.299048;0.469914;0.134481;0.695199;0.521217;0.476389;-0.240746;0.863142;-0.118096;0.427878;0.429657;-0.550802;0.607952;-0.377368;0.429657;-0.550802;0.607952;-0.377368;0.570653;0.040411;0.819363;0.036973;0.377368;0.607952;0.550802;0.429657;0.570653;0.040411;0.819363;0.036973;0.429657;-0.550802;0.607952;-0.377368
13666888;1;0.532658;-0.409797;0.704020;-0.229560;0.566253;-0.270530;0.768369;-0.125618;0.595196;-0.257174;0.721699;-0.242395;0.612717;-0.198470;0.739998;-0.193883;0.946974;-0.295520;0.045841;0.117501;0.779892;-0.156727;-0.146247;0.588063;0.249915;-0.213592;-0.018165;0.944241;0.407179;0.096680;-0.076034;0.905029;0.586943;0.110409;-0.054203;0.800231;0.586943;0.110409;-0.054203;0.800231;0.319784;0.097227;0.523230;0.783910;0.331441;0.906678;-0.193863;-0.174637;0.240289;0.714815;-0.579871;-0.308304;-0.299139;-0.578631;0.715819;0.251607;0.549788;-0.424224;0.376190;-0.613391;-0.394907;0.499026;-0.269181;0.722885;-0.394907;0.499026;-0.269181;0.722885;-0.451664;-0.043293;0.125603;0.882241;-0.039862;0.605271;-0.141212;0.782379;0.700473;-0.175303;0.596342;-0.350690;0.554523;-0.392334;0.523956;-0.513858;0.759200;0.091128;0.643932;0.025747;0.324887;0.353236;0.790503;0.380497;-0.060092;0.820989;0.274983;0.496739;0.137093;0.696534;0.502403;0.493596;-0.251092;0.850924;-0.132332;0.442006;0.421384;-0.549222;0.604397;-0.394330;0.421384;-0.549222;0.604397;-0.394330;0.576796;0.039015;0.815731;0.019130;0.394330;0.604397;0.549222;0.421384;0.576796;0.039015;0.815731;0.019130;0.421384;-0.549222;0.604397;-0.394330
13700211;1;0.533709;-0.402062;0.710035;-0.222152;0.565211;-0.266221;0.771317;-0.121381;0.592938;-0.263742;0.719640;-0.246946;0.610832;-0.205182;0.738473;-0.198601;0.944803;-0.303772;0.042100;0.115319;0.780387;-0.156825;-0.144768;0.587745;0.248600;-0.212789;-0.016513;0.944799;0.403643;0.097389;-0.069276;0.907077;0.587473;0.109903;-0.046959;0.800370;0.587473;0.109903;-0.046959;0.800370;0.320313;0.087552;0.528694;0.781164;0.337704;0.906580;-0.185292;-0.172441;0.241505;0.711789;-0.581508;-0.311256;-0.299479;-0.579432;0.713480;0.255963;0.564844;-0.409852;0.358030;-0.620312;-0.421946;0.475913;-0.263954;0.725118;-0.421946;0.475913;-0.263954;0.725118;-0.452207;-0.071857;0.116778;0.881311;-0.044240;0.606752;-0.141665;0.780914;0.700990;-0.176267;0.597668;-0.346895;0.555285;-0.390822;0.522731;-0.515430;0.760838;0.091335;0.641989;0.025168;0.327744;0.370984;0.774969;0.392909;-0.057890;0.816773;0.266572;0.508399;0.136557;0.690317;0.502855;0.501947;-0.257325;0.846861;-0.127597;0.447582;0.424492;-0.549677;0.606406;-0.387212;0.424492;-0.549677;0.606406;-0.387212;0.573962;0.040113;0.817474;0.026361;0.387212;0.606406;0.549677;0.424492;0.573962;0.040113;0.817474;0.026361;0.424492;-0.549677;0.606406;-0.387212
13733555;1;0.531853;-0.403187;0.711552;-0.219697;0.563211;-0.265283;0.773622;-0.118016;0.593479;-0.263172;0.719687;-0.246118;0.611305;-0.204610;0.738474;-0.197733;0.945422;-0.302566;0.046606;0.111620;0.778049;-0.160193;-0.147991;0.589132;0.249730;-0.217359;-0.017838;0.943436;0.404837;0.090950;-0.076314;0.906648;0.587581;0.105043;-0.055332;0.800408;0.587581;0.105043;-0.055332;0.800408;0.329110;0.079526;0.522652;0.782430;0.337104;0.907288;-0.188970;-0.165770;0.243598;0.711850;-0.578710;-0.314681;-0.303477;-0.576594;0.713565;0.257421;0.560392;-0.411225;0.345806;-0.630296;-0.427732;0.470405;-0.259629;0.726882;-0.427732;0.470405;-0.259629;0.726882;-0.460308;-0.069545;0.144503;0.873155;-0.041101;0.608815;-0.141770;0.779459;0.699405;-0.175072;0.600137;-0.346436;0.547350;-0.409825;0.524567;-0.507229;0.749512;0.079149;0.656748;0.025462;0.332143;0.380994;0.767182;0.394913;-0.055013;0.817408;0.256010;0.513105;0.136408;0.690565;0.500516;0.503980;-0.258874;0.845397;-0.129423;0.448929;0.424372;-0.546626;0.607972;-0.389202;0.424372;-0.546626;0.607972;-0.389202;0.575283;0.043378;0.816425;0.024869;0.389202;0.607972;0.546626;0.424372;0.575283;0.043378;0.816425;0.024869;0.424372;-0.546626;0.607972;-0.389202
13766877;1;0.531205;-0.413127;0.706030;-0.220610;0.563768;-0.269280;0.772425;-0.114074;0.591002;-0.268222;0.718791;-0.249225;0.609085;-0.209716;0.737985;-0.201028;0.941339;-0.307839;0.047054;0.130008;0.780494;-0.159624;-0.140663;0.587847;0.249183;-0.212437;-0.011683;0.944797;0.406537;0.098457;-0.069544;0.905648;0.574918;0.110103;-0.049067;0.809283;0.574918;0.110103;-0.049067;0.809283;0.320681;0.100219;0.530271;0.778416;0.346371;0.900797;-0.203382;-0.165007;0.252061;0.710613;-0.577416;-0.313186;-0.314087;-0.568178;0.718020;0.250938;0.574332;-0.395002;0.369477;-0.614494;-0.438252;0.461538;-0.281998;0.717911;-0.438252;0.461538;-0.281998;0.717911;-0.442330;-0.084236;0.109118;0.886195;-0.040750;0.604105;-0.144658;0.782605;0.699692;-0.174131;0.596328;-0.352848;0.542782;-0.409293;0.519020;-0.518156;0.753949;0.075554;0.652413;0.014510;0.342866;0.395878;0.753500;0.397442;-0.040539;0.813717;0.249643;0.523355;0.157184;0.684919;0.498618;0.507503;-0.246589;0.840153;-0.126865;0.466092;0.465396;-0.532485;0.610717;-0.356219;0.465396;-0.532485;0.610717;-0.356219;0.580969;0.055318;0.808366;0.077200;0.356219;0.610717;0.532485;0.465396;0.580969;0.055318;0.808366;0.077200;0.465396;-0.532485;0.610717;-0.356219
13800222;1;0.532802;-0.402589;0.715490;-0.205227;0.559189;-0.280174;0.771690;-0.115341;0.599072;-0.260761;0.716985;-0.243000;0.616629;-0.202424;0.735588;-0.194175;0.947206;-0.299042;0.041790;0.107829;0.778070;-0.159302;-0.138574;0.591631;0.246179;-0.210878;-0.010519;0.945947;0.410513;0.098131;-0.066578;0.904111;0.572641;0.108867;-0.047013;0.811184;0.572641;0.108867;-0.047013;0.811184;0.333824;0.076749;0.529601;0.776011;0.331464;0.912339;-0.187749;-0.150065;0.227673;0.719955;-0.584315;-0.297333;-0.287197;-0.574709;0.727645;0.240332;0.564639;-0.422868;0.393290;-0.589651;-0.381927;0.514279;-0.262701;0.721552;-0.381927;0.514279;-0.262701;0.721552;-0.422891;-0.050977;0.080222;0.901182;-0.039972;0.605998;-0.141924;0.781682;0.699892;-0.175089;0.597310;-0.350307;0.533117;-0.422817;0.511501;-0.524765;0.751775;0.060596;0.656622;0.003094;0.367546;0.398414;0.739326;0.399467;-0.029574;0.807589;0.230450;0.542050;0.145227;0.677336;0.500821;0.518945;-0.263095;0.836318;-0.119864;0.465817;0.424127;-0.549251;0.607333;-0.386764;0.424127;-0.549251;0.607333;-0.386764;0.573387;0.041070;0.817828;0.026420;0.386764;0.607333;0.549251;0.424127;0.573387;0.041070;0.817828;0.026420;0.424127;-0.549251;0.607333;-0.386764
13833544;1;0.531606;-0.403016;0.715633;-0.206984;0.558311;-0.280476;0.771936;-0.117200;0.601764;-0.262139;0.713258;-0.245817;0.619539;-0.204096;0.731982;-0.196768;0.946042;-0.302224;0.040429;0.109685;0.777211;-0.159104;-0.132927;0.594104;0.245505;-0.207222;-0.006536;0.946966;0.414022;0.101791;-0.061770;0.902446;0.582206;0.111890;-0.040713;0.804275;0.582206;0.111890;-0.040713;0.804275;0.320559;0.095525;0.533300;0.776986;0.333614;0.912186;-0.190358;-0.142765;0.223873;0.721951;-0.583364;-0.297245;-0.283191;-0.577707;0.726485;0.241405;0.553996;-0.431674;0.381418;-0.601055;-0.389130;0.512230;-0.263518;0.718857;-0.389130;0.512230;-0.263518;0.718857;-0.416954;-0.046841;0.061052;0.905664;-0.036923;0.607174;-0.135050;0.782137;0.697299;-0.184142;0.594181;-0.356111;0.524803;-0.430540;0.502498;-0.535456;0.753406;0.048697;0.655669;-0.010283;0.374408;0.407130;0.729109;0.403069;-0.024495;0.805207;0.221285;0.549613;0.151644;0.674580;0.498004;0.523390;-0.261670;0.832423;-0.119931;0.473516;0.441993;-0.539339;0.604667;-0.384880;0.441993;-0.539339;0.604667;-0.384880;0.584688;0.046194;0.808935;0.040385;0.384880;0.604667;0.539339;0.441993;0.584688;0.046194;0.808935;0.040385;0.441993;-0.539339;0.604667;-0.384880
13866888;1;0.533590;-0.399198;0.714941;-0.211617;0.560880;-0.277753;0.770294;-0.122123;0.603397;-0.255387;0.716875;-0.238286;0.620562;-0.197076;0.735046;-0.189130;0.949545;-0.291922;0.040627;0.107215;0.777524;-0.162466;-0.139951;0.591164;0.239125;-0.214281;-0.008081;0.947015;0.407109;0.095043;-0.062342;0.906280;0.591435;0.106173;-0.040584;0.798301;0.591435;0.106173;-0.040584;0.798301;0.322412;0.102655;0.537850;0.772159;0.323686;0.915638;-0.187410;-0.147354;0.232717;0.719190;-0.578620;-0.306281;-0.295635;-0.570641;0.725537;0.246100;0.540024;-0.439243;0.394314;-0.599963;-0.395472;0.514956;-0.288510;0.703693;-0.395472;0.514956;-0.288510;0.703693;-0.417544;-0.032101;0.018030;0.907911;-0.038931;0.609314;-0.134580;0.780454;0.696494;-0.186185;0.595627;-0.354202;0.526146;-0.427792;0.503190;-0.535689;0.754516;0.051138;0.654217;-0.009515;0.381205;0.410460;0.723678;0.403108;-0.019060;0.803402;0.216108;0.554507;0.157726;0.674977;0.492524;0.526259;-0.259397;0.828883;-0.124115;0.479856;0.439678;-0.553138;0.592538;-0.386808;0.439678;-0.553138;0.592538;-0.386808;0.584414;0.027860;0.810115;0.037385;0.386808;0.592538;0.553138;0.439678;0.584414;0.027860;0.810115;0.037385;0.439678;-0.553138;0.592538;-0.386808
13900211;1;0.534127;-0.403258;0.715453;-0.200545;0.559902;-0.279641;0.772199;-0.109636;0.597444;-0.269564;0.712685;-0.249953;0.615564;-0.211543;0.732006;-0.201237;0.943568;-0.310318;0.043041;0.107376;0.778620;-0.158994;-0.132393;0.592406;0.240237;-0.206848;-0.004562;0.948409;0.414961;0.101458;-0.057421;0.902339;0.607905;0.111800;-0.033042;0.785404;0.607905;0.111800;-0.033042;0.785404;0.320545;0.108592;0.539759;0.770792;0.341529;0.910850;-0.186478;-0.137612;0.217307;0.723483;-0.588180;-0.288780;-0.273538;-0.582499;0.728065;0.236206;0.550630;-0.431813;0.374134;-0.608579;-0.406362;0.502362;-0.272160;0.713044;-0.406362;0.502362;-0.272160;0.713044;-0.424078;-0.050279;0.037423;0.903454;-0.034409;0.607691;-0.134091;0.782014;0.697519;-0.182608;0.594966;-0.355158;0.529636;-0.423979;0.506624;-0.532033;0.754413;0.056292;0.653967;-0.004491;0.387161;0.413780;0.718093;0.404025;-0.014589;0.801405;0.211169;0.559415;0.156610;0.673562;0.491659;0.529207;-0.262262;0.827276;-0.123715;0.481173;0.453231;-0.529603;0.616041;-0.366873;0.453231;-0.529603;0.616041;-0.366873;0.579901;0.061121;0.810093;0.061065;0.366873;0.616041;0.529603;0.453231;0.579901;0.061121;0.810093;0.061065;0.453231;-0.529603;0.616041;-0.366873
13933555;1;0.534128;-0.403258;0.715452;-0.200545;0.559902;-0.279642;0.772198;-0.109637;0.597445;-0.269565;0.712683;-0.249954;0.615566;-0.211545;0.732005;-0.201237;0.943567;-0.310320;0.043037;0.107378;0.778619;-0.158993;-0.132392;0.592407;0.240236;-0.206847;-0.004563;0.948409;0.414957;0.101461;-0.057423;0.902341;0.607887;0.111803;-0.033044;0.785418;0.607887;0.111803;-0.033044;0.785418;0.320538;0.108590;0.539757;0.770796;0.341530;0.910850;-0.186477;-0.137609;0.217307;0.723485;-0.588179;-0.288777;-0.273538;-0.582501;0.728064;0.236203;0.550624;-0.431825;0.374149;-0.608566;-0.406364;0.502375;-0.272175;0.713028;-0.406364;0.502375;-0.272175;0.713028;-0.424067;-0.050256;0.037461;0.903459;-0.034409;0.607690;-0.134095;0.782015;0.697519;-0.182604;0.594967;-0.355158;0.529640;-0.423961;0.506627;-0.532041;0.754421;0.056307;0.653956;-0.004493;0.387170;0.413789;0.718085;0.404020;-0.014579;0.801406;0.211158;0.559418;0.156620;0.673566;0.491649;0.529207;-0.262255;0.827273;-0.123726;0.481180;0.453235;-0.529605;0.616031;-0.366882;0.453235;-0.529605;0.616031;-0.366882;0.579910;0.061113;0.810087;0.061061;0.366882;0.616031;0.529605;0.453235;0.579910;0.061113;0.810087;0.061061;0.453235;-0.529605;0.616031;-0.366882
13966877;1;0.534128;-0.403258;0.715453;-0.200544;0.559903;-0.279641;0.772198;-0.109635;0.597446;-0.269565;0.712684;-0.249950;0.615566;-0.211544;0.732006;-0.201234;0.943568;-0.310317;0.043035;0.107382;0.778621;-0.158982;-0.132387;0.592409;0.240237;-0.206835;-0.004566;0.948411;0.414954;0.101478;-0.057426;0.902340;0.607855;0.111818;-0.033048;0.785440;0.607855;0.111818;-0.033048;0.785440;0.320523;0.108609;0.539754;0.770802;0.341526;0.910852;-0.186473;-0.137609;0.217304;0.723489;-0.588175;-0.288780;-0.273535;-0.582508;0.728059;0.236207;0.550623;-0.431843;0.374176;-0.608538;-0.406369;0.502399;-0.272198;0.712999;-0.406369;0.502399;-0.272198;0.712999;-0.424084;-0.050228;0.037434;0.903454;-0.034412;0.607690;-0.134099;0.782014;0.697520;-0.182599;0.594970;-0.355154;0.529656;-0.423946;0.506640;-0.532025;0.754421;0.056326;0.653955;-0.004471;0.387185;0.413809;0.718069;0.404012;-0.014562;0.801409;0.211133;0.559424;0.156636;0.673578;0.491627;0.529207;-0.262244;0.827266;-0.123750;0.481192;0.453242;-0.529592;0.616038;-0.366881;0.453242;-0.529592;0.616038;-0.366881;0.579914;0.061127;0.810083;0.061067;0.366881;0.616038;0.529592;0.453242;0.579914;0.061127;0.810083;0.061067;0.453242;-0.529592;0.616038;-0.366881
14000222;1;0.529104;-0.396441;0.716597;-0.222198;0.557042;-0.281183;0.769163;-0.137940;0.602951;-0.272459;0.704508;-0.256680;0.621593;-0.215085;0.724089;-0.207500;0.940624;-0.318290;0.028701;0.114430;0.778572;-0.159879;-0.107308;0.597285;0.241825;-0.191992;0.014674;0.951023;0.435946;0.114403;-0.108975;0.885995;0.634620;0.137086;-0.078555;0.756501;0.634620;0.137086;-0.078555;0.756501;0.357142;0.078400;0.484773;0.794543;0.348906;0.905871;-0.204999;-0.125049;0.206027;0.733320;-0.586921;-0.274443;-0.263252;-0.579923;0.738866;0.220146;0.556701;-0.421871;0.373536;-0.610393;-0.423032;0.488191;-0.281379;0.709605;-0.423032;0.488191;-0.281379;0.709605;-0.423381;-0.061212;0.041888;0.902910;-0.033772;0.607628;-0.133024;0.782274;0.701123;-0.177262;0.596277;-0.348507;0.542343;-0.409882;0.513571;-0.523551;0.757420;0.071273;0.648942;0.010398;0.289564;0.477525;0.701039;0.443472;-0.051675;0.811238;0.247744;0.527110;0.154925;0.676984;0.504709;0.512796;-0.251862;0.838821;-0.116921;0.468267;0.468347;-0.515077;0.621255;-0.359708;0.468347;-0.515077;0.621255;-0.359708;0.585523;0.075079;0.803508;0.076819;0.359708;0.621255;0.515077;0.468347;0.585523;0.075079;0.803508;0.076819;0.468347;-0.515077;0.621255;-0.359708
14033544;1;0.532044;-0.388367;0.717411;-0.226764;0.560333;-0.274795;0.768111;-0.143249;0.603944;-0.265709;0.706502;-0.255939;0.622523;-0.208196;0.725535;-0.206683;0.942849;-0.313315;0.026904;0.110209;0.775992;-0.164908;-0.121066;0.596645;0.240269;-0.204458;0.006965;0.948904;0.427614;0.102850;-0.105337;0.891892;0.614977;0.123672;-0.079870;0.774680;0.614977;0.123672;-0.079870;0.774680;0.369447;0.085594;0.498121;0.779781;0.342804;0.907604;-0.205221;-0.128935;0.205246;0.734107;-0.583310;-0.280553;-0.264686;-0.578907;0.737584;0.225338;0.560858;-0.418968;0.356631;-0.618643;-0.426606;0.481530;-0.266174;0.717835;-0.426606;0.481530;-0.266174;0.717835;-0.431942;-0.072473;0.044877;0.897864;-0.037066;0.614231;-0.137104;0.776240;0.695437;-0.180378;0.602994;-0.346740;0.539099;-0.417024;0.521411;-0.513414;0.748035;0.071760;0.659591;0.015300;0.292230;0.476101;0.699651;0.445441;-0.053858;0.810661;0.242925;0.530016;0.152521;0.682030;0.493929;0.517306;-0.256811;0.834821;-0.128100;0.469800;0.471803;-0.503774;0.618643;-0.375359;0.471803;-0.503774;0.618643;-0.375359;0.599034;0.081224;0.793669;0.068196;0.375359;0.618643;0.503774;0.471803;0.599034;0.081224;0.793669;0.068196;0.471803;-0.503774;0.618643;-0.375359
14066888;1;0.530448;-0.388939;0.720765;-0.218744;0.556236;-0.282096;0.768894;-0.140804;0.609527;-0.256641;0.708906;-0.245081;0.627218;-0.198965;0.727203;-0.195412;0.948316;-0.299057;0.025505;0.103011;0.776390;-0.158563;-0.117770;0.598503;0.239193;-0.197433;0.005677;0.950671;0.427530;0.110524;-0.095317;0.892142;0.597187;0.127342;-0.071308;0.788712;0.597187;0.127342;-0.071308;0.788712;0.350742;0.058486;0.494117;0.793352;0.327574;0.914849;-0.196291;-0.131209;0.205596;0.733941;-0.583977;-0.279341;-0.264955;-0.577901;0.738735;0.223830;0.551819;-0.422948;0.367754;-0.617551;-0.416644;0.488151;-0.275383;0.715738;-0.416644;0.488151;-0.275383;0.715738;-0.426870;-0.059998;0.055336;0.900622;-0.037571;0.614869;-0.136094;0.775888;0.693961;-0.184026;0.602313;-0.348957;0.540311;-0.402301;0.517745;-0.527407;0.758682;0.079570;0.646553;0.006184;0.306277;0.467033;0.702059;0.441800;-0.054107;0.811175;0.230211;0.534855;0.141138;0.690878;0.478740;0.523045;-0.269033;0.830382;-0.145043;0.465885;0.435073;-0.534037;0.608006;-0.394771;0.435073;-0.534037;0.608006;-0.394771;0.586788;0.052304;0.807547;0.028498;0.394771;0.608006;0.534037;0.435073;0.586788;0.052304;0.807547;0.028498;0.435073;-0.534037;0.608006;-0.394771
14100222;1;0.527784;-0.403245;0.715370;-0.216986;0.556844;-0.276668;0.773185;-0.124756;0.604244;-0.260473;0.710139;-0.250491;0.622385;-0.202686;0.728740;-0.201228;0.944424;-0.305380;0.028719;0.118248;0.781365;-0.156805;-0.112063;0.593568;0.241851;-0.192476;0.009941;0.950980;0.414910;0.112164;-0.069566;0.900239;0.586974;0.123833;-0.045666;0.798775;0.586974;0.123833;-0.045666;0.798775;0.324708;0.108876;0.529269;0.776263;0.337151;0.907391;-0.209345;-0.138368;0.200604;0.736126;-0.588873;-0.266656;-0.254484;-0.588095;0.736747;0.215837;0.569714;-0.402360;0.350370;-0.625119;-0.413784;0.471104;-0.250427;0.737652;-0.413784;0.471104;-0.250427;0.737652;-0.436043;-0.090467;0.071415;0.892515;-0.037941;0.609279;-0.139805;0.779612;0.694865;-0.182317;0.597986;-0.355436;0.539272;-0.408012;0.517647;-0.524169;0.755687;0.075457;0.650526;0.007772;0.286774;0.466258;0.710459;0.442280;-0.066149;0.814626;0.241931;0.522951;0.141713;0.691187;0.485621;0.516091;-0.263701;0.835421;-0.140407;0.461323;0.468219;-0.509920;0.609556;-0.386258;0.468219;-0.509920;0.609556;-0.386258;0.604206;0.070453;0.791589;0.057955;0.386258;0.609556;0.509920;0.468219;0.604206;0.070453;0.791589;0.057955;0.468219;-0.509920;0.609556;-0.386258
14133555;1;0.525125;-0.402264;0.718239;-0.215778;0.554941;-0.269341;0.777907;-0.119822;0.598746;-0.264492;0.710475;-0.258404;0.617540;-0.206665;0.729398;-0.209556;0.940945;-0.313407;0.037483;0.122446;0.782447;-0.150691;-0.108952;0.594306;0.242425;-0.185756;0.008532;0.952183;0.424310;0.120601;-0.047956;0.896168;0.594720;0.127748;-0.022907;0.793387;0.594720;0.127748;-0.022907;0.793387;0.315253;0.114025;0.543280;0.769714;0.345457;0.903864;-0.213294;-0.134888;0.197365;0.737182;-0.589653;-0.264424;-0.250750;-0.589234;0.737517;0.214470;0.565058;-0.406483;0.354514;-0.624340;-0.404765;0.477650;-0.250519;0.738415;-0.404765;0.477650;-0.250519;0.738415;-0.431786;-0.082827;0.078869;0.894695;-0.040507;0.612182;-0.135222;0.778015;0.693976;-0.189065;0.597802;-0.353957;0.547230;-0.395352;0.518078;-0.525196;0.762006;0.084770;0.641874;0.012599;0.301493;0.458993;0.711859;0.437818;-0.062692;0.814811;0.231287;0.527881;0.140769;0.697818;0.471856;0.520179;-0.267334;0.830449;-0.154828;0.463590;0.492732;-0.508396;0.609437;-0.356840;0.492732;-0.508396;0.609437;-0.356840;0.600739;0.071447;0.790427;0.096090;0.356840;0.609437;0.508396;0.492732;0.600739;0.071447;0.790427;0.096090;0.492732;-0.508396;0.609437;-0.356840
14166866;1;0.529272;-0.391538;0.721403;-0.214817;0.557312;-0.268071;0.775798;-0.125212;0.596491;-0.268805;0.708639;-0.264146;0.615752;-0.211112;0.727913;-0.215461;0.940802;-0.321103;0.036313;0.102305;0.778434;-0.155771;-0.117629;0.596607;0.250148;-0.195180;0.002378;0.948327;0.407750;0.108245;-0.053710;0.905062;0.610438;0.117883;-0.026555;0.782792;0.610438;0.117883;-0.026555;0.782792;0.294314;0.149202;0.545417;0.770479;0.350210;0.904689;-0.202539;-0.133673;0.195213;0.737237;-0.589904;-0.265306;-0.248855;-0.589200;0.737799;0.215793;0.556398;-0.405249;0.346173;-0.637463;-0.397026;0.473298;-0.245053;0.747200;-0.397026;0.473298;-0.245053;0.747200;-0.438487;-0.087125;0.051915;0.892997;-0.037481;0.612490;-0.138154;0.777409;0.692585;-0.185587;0.599874;-0.355013;0.536900;-0.417170;0.520187;-0.516830;0.748877;0.070771;0.658822;0.011333;0.296560;0.459992;0.712824;0.438568;-0.065915;0.815768;0.232868;0.525309;0.135050;0.693870;0.481942;0.517724;-0.269608;0.834714;-0.144874;0.457794;0.487554;-0.505634;0.607414;-0.371044;0.487554;-0.505634;0.607414;-0.371044;0.607120;0.071969;0.787044;0.082385;0.371044;0.607414;0.505634;0.487554;0.607120;0.071969;0.787044;0.082385;0.487554;-0.505634;0.607414;-0.371044
14200222;1;0.522233;-0.401231;0.721160;-0.214976;0.549544;-0.282820;0.775287;-0.130168;0.602329;-0.265448;0.705634;-0.262332;0.621427;-0.208006;0.724648;-0.213185;0.941356;-0.317947;0.028775;0.109227;0.778585;-0.157942;-0.100018;0.599047;0.247542;-0.186091;0.017872;0.950670;0.421537;0.117800;-0.043944;0.898053;0.620042;0.124814;-0.015149;0.774429;0.620042;0.124814;-0.015149;0.774429;0.314091;0.116525;0.548428;0.766156;0.346867;0.904705;-0.215999;-0.120567;0.188239;0.739699;-0.593663;-0.254905;-0.238854;-0.594008;0.739422;0.208228;0.559727;-0.408705;0.357923;-0.625745;-0.382396;0.486225;-0.242351;0.747412;-0.382396;0.486225;-0.242351;0.747412;-0.426172;-0.075538;0.099280;0.895999;-0.033929;0.611137;-0.136032;0.779009;0.692570;-0.186138;0.597835;-0.358179;0.538495;-0.422229;0.523543;-0.507591;0.743531;0.069591;0.664798;0.019017;0.294569;0.461930;0.714370;0.435346;-0.065379;0.818284;0.232614;0.521562;0.126978;0.700643;0.476996;0.515219;-0.273623;0.835996;-0.153132;0.450324;0.492178;-0.497702;0.617113;-0.359479;0.492178;-0.497702;0.617113;-0.359479;0.602212;0.084436;0.788293;0.093832;0.359479;0.617113;0.497702;0.492178;0.602212;0.084436;0.788293;0.093832;0.492178;-0.497702;0.617113;-0.359479
14233544;1;0.522143;-0.400654;0.721735;-0.214341;0.549437;-0.281669;0.775943;-0.129208;0.600807;-0.264328;0.707894;-0.260860;0.619792;-0.206708;0.726811;-0.211839;0.942050;-0.315821;0.031761;0.108583;0.778033;-0.159215;-0.107783;0.598079;0.244936;-0.191821;0.013078;0.950284;0.415126;0.109822;-0.039026;0.902267;0.604843;0.115742;-0.013705;0.787769;0.604843;0.115742;-0.013705;0.787769;0.305934;0.139321;0.557538;0.759043;0.345446;0.905097;-0.214718;-0.123948;0.189142;0.739188;-0.592823;-0.257658;-0.240649;-0.592573;0.739388;0.210358;0.560213;-0.405395;0.355904;-0.628609;-0.391761;0.479366;-0.247427;0.745326;-0.391761;0.479366;-0.247427;0.745326;-0.428408;-0.079203;0.099062;0.894640;-0.034462;0.611876;-0.138422;0.777984;0.694209;-0.180607;0.600829;-0.352789;0.541521;-0.417450;0.526634;-0.505121;0.743930;0.075181;0.663621;0.022871;0.305748;0.455792;0.716681;0.430281;-0.060749;0.818348;0.227322;0.524348;0.127329;0.701721;0.474338;0.516118;-0.274022;0.834895;-0.155776;0.451216;0.482349;-0.507609;0.615363;-0.361941;0.482349;-0.507609;0.615363;-0.361941;0.597003;0.076194;0.794061;0.085141;0.361941;0.615363;0.507609;0.482349;0.597003;0.076194;0.794061;0.085141;0.482349;-0.507609;0.615363;-0.361941
14266888;1;0.524206;-0.386155;0.725810;-0.222021;0.552485;-0.267847;0.777286;-0.137275;0.595957;-0.264820;0.710110;-0.265423;0.615323;-0.207021;0.729060;-0.216776;0.941511;-0.319235;0.038379;0.100861;0.778345;-0.154461;-0.109900;0.598533;0.244342;-0.189374;0.008594;0.950979;0.424905;0.116580;-0.048873;0.896369;0.642559;0.125260;-0.017012;0.755737;0.642559;0.125260;-0.017012;0.755737;0.322798;0.108394;0.543490;0.767249;0.347251;0.906077;-0.203589;-0.130358;0.197128;0.738706;-0.588766;-0.262315;-0.251488;-0.585911;0.740972;0.210767;0.568301;-0.395736;0.349415;-0.631139;-0.397066;0.469052;-0.242257;0.750759;-0.397066;0.469052;-0.242257;0.750759;-0.435964;-0.096067;0.071099;0.891993;-0.042916;0.619365;-0.131695;0.772788;0.691225;-0.194723;0.602579;-0.348123;0.541600;-0.415391;0.520368;-0.513164;0.749622;0.072194;0.657691;0.017238;0.278668;0.467129;0.715193;0.438901;-0.073633;0.819980;0.239463;0.514654;0.127988;0.699226;0.483041;0.511247;-0.270078;0.839235;-0.147864;0.448196;0.473379;-0.515643;0.619687;-0.354982;0.473379;-0.515643;0.619687;-0.354982;0.585740;0.073570;0.802800;0.083720;0.354982;0.619687;0.515643;0.473379;0.585740;0.073570;0.802800;0.083720;0.473379;-0.515643;0.619687;-0.354982
14300211;1;0.520552;-0.394700;0.727459;-0.209860;0.546272;-0.280330;0.778716;-0.128853;0.598961;-0.266688;0.707895;-0.262694;0.618098;-0.209061;0.727002;-0.213815;0.941809;-0.318649;0.035522;0.100974;0.778762;-0.157586;-0.108949;0.597350;0.244378;-0.191237;0.011474;0.950566;0.413855;0.113469;-0.051798;0.901757;0.632249;0.122984;-0.020809;0.764658;0.632249;0.122984;-0.020809;0.764658;0.316437;0.112751;0.544440;0.768596;0.347806;0.905293;-0.208989;-0.125699;0.193830;0.739373;-0.587011;-0.266787;-0.249072;-0.587706;0.738821;0.216122;0.568591;-0.394829;0.332361;-0.640585;-0.404910;0.461027;-0.231967;0.754781;-0.404910;0.461027;-0.231967;0.754781;-0.420804;-0.103874;0.093773;0.896293;-0.035642;0.616560;-0.133016;0.775171;0.693398;-0.185794;0.602811;-0.348280;0.550352;-0.414262;0.533982;-0.490268;0.739743;0.082716;0.666611;0.039589;0.284393;0.469892;0.710564;0.439796;-0.073612;0.820737;0.228231;0.518540;0.116288;0.708518;0.467227;0.515925;-0.281782;0.834666;-0.165567;0.443305;0.475574;-0.502558;0.616232;-0.376196;0.475574;-0.502558;0.616232;-0.376196;0.602293;0.080380;0.791104;0.070271;0.376196;0.616232;0.502558;0.475574;0.602293;0.080380;0.791104;0.070271;0.475574;-0.502558;0.616232;-0.376196
14333555;1;0.521266;-0.398733;0.723683;-0.213485;0.548445;-0.279406;0.777585;-0.128459;0.592887;-0.266141;0.712666;-0.264124;0.612158;-0.208133;0.731713;-0.215728;0.940621;-0.318921;0.038987;0.109554;0.785096;-0.150720;-0.104281;0.591637;0.248521;-0.182901;0.011753;0.951129;0.401200;0.121433;-0.043478;0.906864;0.624386;0.128577;-0.010210;0.770393;0.624386;0.128577;-0.010210;0.770393;0.303226;0.103099;0.550425;0.771010;0.349954;0.902659;-0.212730;-0.132229;0.194028;0.737437;-0.591974;-0.260973;-0.246329;-0.590385;0.738710;0.212309;0.582954;-0.372619;0.306987;-0.653513;-0.406403;0.436122;-0.207085;0.775726;-0.406403;0.436122;-0.207085;0.775726;-0.434262;-0.138705;0.089371;0.885545;-0.033834;0.615555;-0.133796;0.775917;0.691869;-0.186838;0.601632;-0.352771;0.548184;-0.403554;0.528972;-0.506781;0.749781;0.086707;0.655452;0.026325;0.287267;0.473048;0.707819;0.438971;-0.066902;0.819572;0.230397;0.520330;0.128091;0.705491;0.469499;0.515215;-0.272881;0.834162;-0.161873;0.451117;0.481629;-0.491902;0.619736;-0.376820;0.481629;-0.491902;0.619736;-0.376820;0.607015;0.090392;0.786047;0.074111;0.376820;0.619736;0.491902;0.481629;0.607015;0.090392;0.786047;0.074111;0.481629;-0.491902;0.619736;-0.376820
14366888;1;0.518577;-0.401406;0.726680;-0.204665;0.543305;-0.288515;0.778427;-0.125018;0.594691;-0.268317;0.710918;-0.262571;0.613833;-0.210442;0.730146;-0.214035;0.940910;-0.319223;0.040110;0.105718;0.783347;-0.152751;-0.116834;0.591087;0.244862;-0.192274;0.003702;0.950294;0.403267;0.112851;-0.050337;0.906701;0.634990;0.122294;-0.017695;0.762574;0.634990;0.122294;-0.017695;0.762574;0.355186;0.069665;0.550816;0.752058;0.350501;0.902647;-0.206234;-0.140869;0.201986;0.736272;-0.586597;-0.270202;-0.258073;-0.583810;0.738484;0.217268;0.582389;-0.380317;0.359291;-0.622167;-0.356853;0.474105;-0.221258;0.773903;-0.356853;0.474105;-0.221258;0.773903;-0.420220;-0.113906;0.033622;0.899617;-0.033434;0.609882;-0.129492;0.781126;0.701323;-0.179090;0.597254;-0.345485;0.574276;-0.374463;0.535549;-0.493125;0.758575;0.112138;0.639566;0.054259;0.282227;0.486210;0.694434;0.449121;-0.070217;0.817935;0.222763;0.525765;0.121681;0.713251;0.450448;0.523033;-0.283048;0.826262;-0.180805;0.452200;0.486179;-0.495057;0.614241;-0.375841;0.486179;-0.495057;0.614241;-0.375841;0.609540;0.084276;0.784392;0.078021;0.375841;0.614241;0.495057;0.486179;0.609540;0.084276;0.784392;0.078021;0.486179;-0.495057;0.614241;-0.375841
14400222;1;0.519753;-0.405815;0.722122;-0.209070;0.547642;-0.277729;0.780393;-0.118077;0.591662;-0.274674;0.709277;-0.267237;0.611187;-0.216910;0.729020;-0.218929;0.937650;-0.327330;0.035125;0.111506;0.784157;-0.150966;-0.109220;0.591927;0.248739;-0.186169;0.007810;0.950478;0.387948;0.118329;-0.049107;0.912734;0.654451;0.127758;-0.009549;0.745172;0.654451;0.127758;-0.009549;0.745172;0.325123;0.108311;0.559189;0.754898;0.359254;0.898404;-0.208126;-0.143147;0.194574;0.740757;-0.585544;-0.265628;-0.249855;-0.588283;0.738584;0.214452;0.543974;-0.411310;0.363813;-0.634474;-0.367796;0.489297;-0.249246;0.750460;-0.367796;0.489297;-0.249246;0.750460;-0.433377;-0.068179;0.062178;0.896476;-0.032445;0.608207;-0.133377;0.781820;0.698907;-0.179238;0.596355;-0.351800;0.571756;-0.379605;0.539490;-0.487797;0.753069;0.111279;0.646017;0.056267;0.283945;0.492713;0.686181;0.453612;-0.066333;0.815438;0.220625;0.531022;0.129474;0.711898;0.445916;0.526875;-0.280234;0.822158;-0.183085;0.460440;0.476815;-0.513288;0.622929;-0.348054;0.476815;-0.513288;0.622929;-0.348054;0.583270;0.077528;0.803427;0.091048;0.348054;0.622929;0.513288;0.476815;0.583270;0.077528;0.803427;0.091048;0.476815;-0.513288;0.622929;-0.348054
14433544;1;0.523384;-0.404365;0.719263;-0.212646;0.551233;-0.280547;0.775979;-0.123659;0.596279;-0.269496;0.709895;-0.260525;0.615251;-0.211700;0.729220;-0.211868;0.940853;-0.318797;0.034449;0.109441;0.781948;-0.155525;-0.116352;0.592310;0.249273;-0.194179;0.004524;0.948756;0.386451;0.110804;-0.054049;0.914033;0.662183;0.122348;-0.015161;0.739131;0.662183;0.122348;-0.015161;0.739131;0.297506;0.099689;0.544812;0.777645;0.351093;0.901323;-0.207505;-0.145918;0.205380;0.735279;-0.584969;-0.273851;-0.261111;-0.586866;0.733766;0.221352;0.536022;-0.427290;0.410776;-0.601137;-0.334827;0.529455;-0.266441;0.732515;-0.334827;0.529455;-0.266441;0.732515;-0.420928;-0.036978;-0.011359;0.906269;-0.034531;0.604963;-0.134551;0.784043;0.698915;-0.181579;0.592599;-0.356895;0.558379;-0.393959;0.526610;-0.505659;0.756174;0.091894;0.646978;0.034276;0.294298;0.494360;0.679107;0.455862;-0.057912;0.811519;0.216836;0.539504;0.143047;0.702426;0.452795;0.530200;-0.272872;0.820348;-0.171573;0.472370;0.482697;-0.511957;0.623829;-0.340208;0.482697;-0.511957;0.623829;-0.340208;0.581882;0.079106;0.803121;0.100755;0.340208;0.623829;0.511957;0.482697;0.581882;0.079106;0.803121;0.100755;0.482697;-0.511957;0.623829;-0.340208
14466888;1;0.523384;-0.404365;0.719263;-0.212646;0.551233;-0.280547;0.775979;-0.123659;0.596279;-0.269496;0.709895;-0.260525;0.615251;-0.211700;0.729220;-0.211868;0.940853;-0.318797;0.034449;0.109441;0.781948;-0.155525;-0.116352;0.592310;0.249273;-0.194179;0.004524;0.948756;0.386451;0.110804;-0.054049;0.914033;0.662183;0.122348;-0.015161;0.739131;0.662183;0.122348;-0.015161;0.739131;0.297506;0.099689;0.544812;0.777645;0.351093;0.901323;-0.207505;-0.145918;0.205380;0.735279;-0.584969;-0.273851;-0.261111;-0.586866;0.733766;0.221352;0.536022;-0.427290;0.410776;-0.601137;-0.334827;0.529455;-0.266441;0.732515;-0.334827;0.529455;-0.266441;0.732515;-0.420928;-0.036978;-0.011359;0.906269;-0.034531;0.604963;-0.134551;0.784043;0.698915;-0.181579;0.592599;-0.356895;0.558379;-0.393959;0.526610;-0.505659;0.756174;0.091894;0.646978;0.034276;0.294298;0.494360;0.679107;0.455862;-0.057912;0.811519;0.216836;0.539504;0.143047;0.702426;0.452795;0.530200;-0.272872;0.820348;-0.171573;0.472370;0.482697;-0.511957;0.623829;-0.340208;0.482697;-0.511957;0.623829;-0.340208;0.581882;0.079106;0.803121;0.100755;0.340208;0.623829;0.511957;0.482697;0.581882;0.079106;0.803121;0.100755;0.482697;-0.511957;0.623829;-0.340208
14500222;1;0.520211;-0.386741;0.726256;-0.228832;0.547185;-0.280947;0.773360;-0.153530;0.598155;-0.265715;0.708732;-0.263261;0.617340;-0.208024;0.727757;-0.214445;0.940731;-0.317864;0.040788;0.111011;0.784231;-0.148685;-0.106792;0.592849;0.254511;-0.182924;0.007093;0.949585;0.375154;0.120437;-0.053592;0.917541;0.635397;0.131011;-0.014603;0.760851;0.635397;0.131011;-0.014603;0.760851;0.323146;0.079827;0.551751;0.764706;0.348618;0.902841;-0.210623;-0.137775;0.216591;0.727582;-0.581319;-0.292883;-0.275609;-0.582200;0.726877;0.238184;0.538908;-0.423352;0.389300;-0.615464;-0.368012;0.507204;-0.271157;0.730607;-0.368012;0.507204;-0.271157;0.730607;-0.422893;-0.046918;0.035689;0.904260;-0.039268;0.613117;-0.132481;0.777814;0.698302;-0.183145;0.599985;-0.344746;0.560432;-0.392673;0.529365;-0.501494;0.754701;0.094773;0.648035;0.038662;0.281753;0.499373;0.682958;0.452559;-0.061519;0.816151;0.222952;0.529532;0.143707;0.706681;0.454987;0.522433;-0.266942;0.824883;-0.173049;0.467294;0.470985;-0.513099;0.616353;-0.367439;0.470985;-0.513099;0.616353;-0.367439;0.592855;0.073012;0.798643;0.073218;0.367439;0.616353;0.513099;0.470985;0.592855;0.073012;0.798643;0.073218;0.470985;-0.513099;0.616353;-0.367439
14533533;1;0.519602;-0.389475;0.727995;-0.219878;0.543468;-0.293110;0.771851;-0.151576;0.599448;-0.266956;0.708825;-0.258773;0.618269;-0.209253;0.727950;-0.209868;0.941897;-0.314819;0.048508;0.106612;0.783194;-0.148806;-0.112268;0.593178;0.248852;-0.186369;0.003757;0.950434;0.373940;0.117426;-0.054550;0.918370;0.623831;0.128191;-0.018214;0.770760;0.623831;0.128191;-0.018214;0.770760;0.323927;0.115574;0.561707;0.752462;0.344738;0.908287;-0.202134;-0.123744;0.206542;0.731597;-0.583941;-0.284813;-0.264242;-0.584889;0.730839;0.232282;0.534797;-0.427254;0.392574;-0.614273;-0.346133;0.518428;-0.260562;0.737246;-0.346133;0.518428;-0.260562;0.737246;-0.423006;-0.045183;-0.005928;0.904980;-0.031931;0.612752;-0.129569;0.778927;0.697834;-0.181850;0.599371;-0.347438;0.564446;-0.388506;0.534543;-0.494700;0.752764;0.101421;0.648782;0.046273;0.275507;0.502352;0.682353;0.454020;-0.065156;0.817193;0.223973;0.527054;0.132352;0.711626;0.450538;0.522578;-0.275145;0.825214;-0.179642;0.459398;0.470537;-0.522818;0.612767;-0.360241;0.470537;-0.522818;0.612767;-0.360241;0.587449;0.063603;0.802979;0.077991;0.360241;0.612767;0.522818;0.470537;0.587449;0.063603;0.802979;0.077991;0.470537;-0.522818;0.612767;-0.360241
14566888;1;0.529920;-0.383061;0.723158;-0.222466;0.553778;-0.288637;0.765756;-0.153739;0.600729;-0.265094;0.708844;-0.257662;0.619457;-0.207396;0.727820;-0.208658;0.943646;-0.313413;0.041418;0.097921;0.782052;-0.143517;-0.115636;0.595337;0.238260;-0.184306;-0.000543;0.953553;0.404867;0.122567;-0.106540;0.899838;0.601499;0.143836;-0.075397;0.782193;0.601499;0.143836;-0.075397;0.782193;0.364149;0.075377;0.499630;0.782358;0.342242;0.908927;-0.194788;-0.137043;0.206101;0.735226;-0.578227;-0.287435;-0.268653;-0.576276;0.736756;0.230049;0.502859;-0.470249;0.449880;-0.568864;-0.328304;0.575272;-0.304284;0.684609;-0.328304;0.575272;-0.304284;0.684609;-0.383106;0.032039;-0.041531;0.922214;-0.035264;0.607906;-0.125072;0.783303;0.703529;-0.183021;0.593091;-0.346112;0.554474;-0.398976;0.513848;-0.518977;0.762760;0.079272;0.641423;0.022148;0.291168;0.519672;0.651258;0.470133;-0.045051;0.804976;0.214987;0.551148;0.160996;0.688099;0.463741;0.534363;-0.262956;0.817977;-0.153769;0.487979;0.451262;-0.527567;0.607103;-0.386603;0.451262;-0.527567;0.607103;-0.386603;0.592460;0.056240;0.802333;0.045721;0.386603;0.607103;0.527567;0.451262;0.592460;0.056240;0.802333;0.045721;0.451262;-0.527567;0.607103;-0.386603
14600211;1;0.525768;-0.389554;0.724565;-0.216380;0.553223;-0.270945;0.776747;-0.131135;0.597381;-0.268522;0.708075;-0.263934;0.616623;-0.210875;0.727328;-0.215178;0.941895;-0.321470;0.026066;0.093871;0.769211;-0.167563;-0.119520;0.604939;0.259294;-0.205793;0.003421;0.943612;0.447426;0.084477;-0.268260;0.848946;0.585291;0.128870;-0.249985;0.760483;0.585291;0.128870;-0.249985;0.760483;0.397727;0.045050;0.324788;0.856911;0.348772;0.906352;-0.196199;-0.135611;0.200149;0.733543;-0.587653;-0.276621;-0.255668;-0.587695;0.733510;0.226302;0.516050;-0.454345;0.422824;-0.590324;-0.346094;0.548127;-0.291146;0.703569;-0.346094;0.548127;-0.291146;0.703569;-0.407850;-0.003393;-0.052195;0.911550;-0.040628;0.606957;-0.130922;0.782823;0.701902;-0.183958;0.593092;-0.348905;0.552980;-0.404563;0.516535;-0.513549;0.757908;0.077218;0.647295;0.024957;0.291642;0.513214;0.657288;0.468538;-0.049586;0.805704;0.215095;0.549650;0.143197;0.687707;0.469805;0.534637;-0.275758;0.821896;-0.149114;0.475615;0.461737;-0.516740;0.611155;-0.382450;0.461737;-0.516740;0.611155;-0.382450;0.596931;0.066762;0.797542;0.056064;0.382450;0.611155;0.516740;0.461737;0.596931;0.066762;0.797542;0.056064;0.461737;-0.516740;0.611155;-0.382450
14633555;1;0.527968;-0.401129;0.723045;-0.193780;0.551299;-0.286490;0.775644;-0.111224;0.588231;-0.281804;0.709753;-0.266124;0.607678;-0.223979;0.730066;-0.218095;0.938119;-0.331742;0.031120;0.094405;0.773387;-0.154022;-0.128312;0.601403;0.252332;-0.200261;-0.009065;0.946648;0.454068;-0.017514;-0.357534;0.815896;0.593553;0.047147;-0.354844;0.720804;0.593553;0.047147;-0.354844;0.720804;0.438388;0.013663;0.243425;0.865086;0.361252;0.900049;-0.178673;-0.165786;0.226831;0.727541;-0.569853;-0.307408;-0.291599;-0.576545;0.722249;0.246824;0.529139;-0.438545;0.437041;-0.580246;-0.329006;0.550131;-0.284046;0.713042;-0.329006;0.550131;-0.284046;0.713042;-0.415453;-0.018697;-0.084578;0.905481;-0.032408;0.601770;-0.131189;0.787155;0.706910;-0.172368;0.591344;-0.347677;0.581010;-0.381292;0.540669;-0.474046;0.749954;0.111006;0.648061;0.072546;0.281411;0.519300;0.648577;0.480087;-0.056389;0.802145;0.216567;0.553609;0.134774;0.695874;0.449053;0.544010;-0.288458;0.813084;-0.169524;0.476390;0.445607;-0.526709;0.612799;-0.385344;0.445607;-0.526709;0.612799;-0.385344;0.587571;0.060875;0.805754;0.042612;0.385344;0.612799;0.526709;0.445607;0.587571;0.060875;0.805754;0.042612;0.445607;-0.526709;0.612799;-0.385344
14666888;1;0.523170;-0.402269;0.720291;-0.213666;0.549340;-0.289449;0.772567;-0.132614;0.597576;-0.274173;0.705488;-0.264609;0.616872;-0.216714;0.725203;-0.215835;0.939667;-0.325620;0.028368;0.100956;0.768928;-0.173050;-0.125864;0.602462;0.256073;-0.213966;0.002593;0.942676;0.456579;0.077058;-0.260723;0.847125;0.585311;0.117483;-0.245178;0.763869;0.585311;0.117483;-0.245178;0.763869;0.394811;0.044334;0.331001;0.855919;0.356272;0.900288;-0.204600;-0.143844;0.225551;0.723103;-0.578322;-0.302973;-0.286668;-0.578190;0.723209;0.245942;0.526347;-0.442916;0.410397;-0.598630;-0.345902;0.536992;-0.276116;0.718159;-0.345902;0.536992;-0.276116;0.718159;-0.416471;-0.017939;0.003915;0.908963;-0.030487;0.601679;-0.132128;0.787144;0.704015;-0.174811;0.590743;-0.353308;0.568161;-0.391923;0.532876;-0.489523;0.751758;0.097858;0.650014;0.052584;0.289610;0.519934;0.650258;0.472185;-0.051024;0.805935;0.208918;0.551561;0.143887;0.699969;0.445160;0.539604;-0.278919;0.813269;-0.175229;0.479679;0.458248;-0.522618;0.620925;-0.362396;0.458248;-0.522618;0.620925;-0.362396;0.580283;0.069514;0.808607;0.067778;0.362396;0.620925;0.522618;0.458248;0.580283;0.069514;0.808607;0.067778;0.458248;-0.522618;0.620925;-0.362396
14700222;1;0.528577;-0.375572;0.724891;-0.232563;0.554584;-0.276916;0.768009;-0.160984;0.605787;-0.257773;0.708409;-0.254423;0.624239;-0.200134;0.726799;-0.205023;0.946608;-0.306681;0.031281;0.094350;0.770459;-0.165589;-0.129200;0.601898;0.247901;-0.210016;-0.002378;0.945744;0.461629;0.085988;-0.243692;0.848598;0.587483;0.122692;-0.227435;0.766866;0.587483;0.122692;-0.227435;0.766866;0.378143;0.073110;0.349557;0.854092;0.333114;0.912423;-0.189657;-0.143351;0.221724;0.727053;-0.573118;-0.306215;-0.286991;-0.573442;0.726798;0.246100;0.520697;-0.445858;0.405242;-0.604867;-0.345477;0.535905;-0.275347;0.719469;-0.345477;0.535905;-0.275347;0.719469;-0.409266;-0.013975;0.025406;0.911954;-0.043876;0.608705;-0.129008;0.781608;0.701604;-0.187913;0.593224;-0.347170;0.560434;-0.400502;0.521143;-0.503907;0.756402;0.083415;0.647710;0.037016;0.281961;0.519548;0.652867;0.473638;-0.056576;0.806631;0.213361;0.548290;0.148118;0.697827;0.449473;0.537655;-0.274516;0.814795;-0.170683;0.481266;0.431754;-0.536863;0.608536;-0.393766;0.431754;-0.536863;0.608536;-0.393766;0.583731;0.050680;0.809919;0.026862;0.393766;0.608536;0.536863;0.431754;0.583731;0.050680;0.809919;0.026862;0.431754;-0.536863;0.608536;-0.393766
14733533;1;0.527022;-0.382467;0.725269;-0.223499;0.552767;-0.279009;0.771006;-0.148838;0.606477;-0.260501;0.707261;-0.253193;0.624828;-0.202945;0.725873;-0.203742;0.945984;-0.307900;0.025574;0.098277;0.773231;-0.164663;-0.128969;0.598638;0.244622;-0.209154;-0.001106;0.946791;0.467002;0.056428;-0.248374;0.846779;0.594959;0.094972;-0.236335;0.762332;0.594959;0.094972;-0.236335;0.762332;0.388262;0.052003;0.345468;0.852760;0.335492;0.911067;-0.193639;-0.141092;0.212839;0.730412;-0.576317;-0.298424;-0.276326;-0.576595;0.730192;0.240834;0.523052;-0.445285;0.415735;-0.596073;-0.341246;0.541558;-0.278979;0.715847;-0.341246;0.541558;-0.278979;0.715847;-0.409818;-0.011908;0.005238;0.912075;-0.041429;0.607256;-0.134446;0.781952;0.700054;-0.183559;0.594308;-0.350755;0.558720;-0.397396;0.524708;-0.504569;0.755655;0.088121;0.648054;0.035312;0.282734;0.520997;0.651046;0.474091;-0.056000;0.806619;0.211367;0.549138;0.145796;0.697237;0.450763;0.537975;-0.276382;0.815276;-0.169341;0.479855;0.431834;-0.543117;0.607542;-0.386570;0.431834;-0.543117;0.607542;-0.386570;0.578699;0.045555;0.813639;0.032007;0.386570;0.607542;0.543117;0.431834;0.578699;0.045555;0.813639;0.032007;0.431834;-0.543117;0.607542;-0.386570
14766888;1;0.529374;-0.381451;0.722790;-0.227667;0.558174;-0.265296;0.773013;-0.143214;0.595191;-0.270302;0.707474;-0.268637;0.614817;-0.212697;0.726871;-0.220042;0.939492;-0.325906;0.031246;0.100814;0.777379;-0.156576;-0.121243;0.597047;0.247408;-0.198030;0.000356;0.948458;0.425719;0.109398;-0.052922;0.896658;0.606397;0.118141;-0.028486;0.785821;0.606397;0.118141;-0.028486;0.785821;0.331384;0.101289;0.540836;0.766434;0.353700;0.902356;-0.196913;-0.147903;0.209456;0.733965;-0.578064;-0.288559;-0.271410;-0.577538;0.734378;0.231246;0.535178;-0.433963;0.408375;-0.598741;-0.358868;0.526089;-0.279866;0.718415;-0.358868;0.526089;-0.279866;0.718415;-0.418216;-0.029778;0.005459;0.907843;-0.048143;0.607067;-0.136023;0.781441;0.701785;-0.184065;0.594317;-0.346993;0.554724;-0.402470;0.518066;-0.511769;0.757888;0.079796;0.646905;0.027435;0.282218;0.518919;0.654014;0.472591;-0.054547;0.806340;0.216421;0.547725;0.156883;0.689980;0.462331;0.534382;-0.265902;0.818303;-0.156079;0.485094;0.455727;-0.522251;0.619116;-0.369136;0.455727;-0.522251;0.619116;-0.369136;0.583266;0.068494;0.807069;0.061229;0.369136;0.619116;0.522251;0.455727;0.583266;0.068494;0.807069;0.061229;0.455727;-0.522251;0.619116;-0.369136
14800211;1;0.531878;-0.366130;0.726908;-0.233794;0.560261;-0.256338;0.772488;-0.153823;0.593415;-0.273268;0.703874;-0.278825;0.613864;-0.215942;0.723522;-0.230339;0.936863;-0.336299;0.023924;0.092831;0.776958;-0.161641;-0.116408;0.597209;0.247822;-0.199068;0.007103;0.948106;0.426484;0.107433;-0.047299;0.896846;0.583903;0.114291;-0.026769;0.803292;0.583903;0.114291;-0.026769;0.803292;0.316660;0.091489;0.539492;0.774793;0.360995;0.899307;-0.195553;-0.150631;0.211054;0.731416;-0.581330;-0.287301;-0.271111;-0.579255;0.733061;0.231482;0.519781;-0.447076;0.432270;-0.585742;-0.323232;0.554945;-0.280661;0.713292;-0.323232;0.554945;-0.280661;0.713292;-0.408960;-0.009831;-0.080116;0.908976;-0.053535;0.609000;-0.140240;0.778836;0.702811;-0.180311;0.598412;-0.339776;0.540188;-0.418788;0.508547;-0.523635;0.755966;0.061405;0.651664;0.008876;0.275706;0.518197;0.658557;0.470914;-0.058088;0.808184;0.221532;0.542576;0.162051;0.678086;0.485925;0.527083;-0.256946;0.826464;-0.131003;0.483502;0.451366;-0.529251;0.622806;-0.358156;0.451366;-0.529251;0.622806;-0.358156;0.572418;0.066153;0.814627;0.065909;0.358156;0.622806;0.529251;0.451366;0.572418;0.066153;0.814627;0.065909;0.451366;-0.529251;0.622806;-0.358156
14833555;1;0.523506;-0.371534;0.732410;-0.226890;0.549197;-0.269995;0.775606;-0.154663;0.597112;-0.266634;0.708618;-0.264998;0.616440;-0.208949;0.727718;-0.216261;0.942142;-0.320481;0.035940;0.091481;0.778749;-0.155163;-0.125644;0.594717;0.245165;-0.199633;-0.002986;0.948700;0.425781;0.093038;-0.054991;0.898349;0.585289;0.101636;-0.036746;0.803590;0.585289;0.101636;-0.036746;0.803590;0.315402;0.082840;0.531848;0.781534;0.347417;0.905630;-0.189747;-0.152090;0.218313;0.729425;-0.576813;-0.295914;-0.281124;-0.575346;0.730583;0.237055;0.526358;-0.439564;0.441295;-0.578783;-0.322913;0.553951;-0.284774;0.712579;-0.322913;0.553951;-0.284774;0.712579;-0.402768;-0.009387;-0.040463;0.914359;-0.052992;0.611371;-0.136652;0.777652;0.703283;-0.181463;0.599650;-0.335981;0.549743;-0.407034;0.513798;-0.517801;0.758607;0.073506;0.647090;0.019680;0.268773;0.516549;0.665407;0.467089;-0.066350;0.813009;0.220493;0.534787;0.145801;0.690983;0.474994;0.525037;-0.267141;0.827847;-0.147788;0.470599;0.437586;-0.533952;0.608480;-0.391365;0.437586;-0.533952;0.608480;-0.391365;0.586156;0.052699;0.807821;0.032683;0.391365;0.608480;0.533952;0.437586;0.586156;0.052699;0.807821;0.032683;0.437586;-0.533952;0.608480;-0.391365
14866877;1;0.528035;-0.379243;0.724953;-0.227588;0.559386;-0.248462;0.779518;-0.133061;0.583920;-0.282843;0.708296;-0.278126;0.604344;-0.225132;0.728697;-0.230403;0.933331;-0.341352;0.032997;0.106224;0.781210;-0.152793;-0.117622;0.593743;0.248801;-0.192816;0.001636;0.949167;0.412393;0.106515;-0.052642;0.903225;0.619315;0.116108;-0.025211;0.776100;0.619315;0.116108;-0.025211;0.776100;0.327728;0.053257;0.532939;0.778289;0.371638;0.892835;-0.199114;-0.158382;0.216556;0.728181;-0.579583;-0.294854;-0.277332;-0.579142;0.728532;0.238583;0.520238;-0.446061;0.426527;-0.590303;-0.335285;0.547189;-0.285447;0.711820;-0.335285;0.547189;-0.285447;0.711820;-0.402397;-0.011133;-0.058573;0.913522;-0.053149;0.610556;-0.145862;0.776608;0.696456;-0.183609;0.600335;-0.347611;0.529406;-0.421523;0.507417;-0.533457;0.755246;0.058586;0.652793;-0.005676;0.274224;0.520731;0.659313;0.467917;-0.055016;0.809647;0.224362;0.539543;0.170062;0.675070;0.492911;0.521918;-0.247580;0.829254;-0.123974;0.485460;0.464949;-0.526143;0.616287;-0.356631;0.464949;-0.526143;0.616287;-0.356631;0.580945;0.063742;0.807821;0.076592;0.356631;0.616287;0.526143;0.464949;0.580945;0.063742;0.807821;0.076592;0.464949;-0.526143;0.616287;-0.356631
14900222;1;0.530442;-0.387809;0.718791;-0.227103;0.562326;-0.254085;0.776207;-0.129357;0.589179;-0.279338;0.707394;-0.272822;0.609160;-0.221710;0.727517;-0.224696;0.936386;-0.335459;0.025191;0.100072;0.778416;-0.162421;-0.125046;0.593340;0.249057;-0.204977;0.001253;0.946548;0.405503;0.101929;-0.057373;0.906579;0.602707;0.112374;-0.032454;0.789343;0.602707;0.112374;-0.032454;0.789343;0.327654;0.080898;0.539068;0.771689;0.365837;0.894212;-0.199818;-0.163158;0.216752;0.728907;-0.576526;-0.298883;-0.279429;-0.577534;0.728108;0.241312;0.533052;-0.437080;0.398209;-0.605183;-0.354861;0.526520;-0.269048;0.724199;-0.354861;0.526520;-0.269048;0.724199;-0.419762;-0.032014;-0.001686;0.907068;-0.044511;0.612052;-0.151227;0.774946;0.691679;-0.177973;0.604867;-0.352195;0.537978;-0.417655;0.529938;-0.505282;0.741544;0.077349;0.666122;0.020247;0.276396;0.533078;0.644200;0.473750;-0.042954;0.805267;0.225223;0.546785;0.177587;0.677952;0.480806;0.526943;-0.245838;0.822829;-0.134608;0.494365;0.443912;-0.537516;0.610748;-0.375507;0.443912;-0.537516;0.610748;-0.375507;0.579416;0.051783;0.811945;0.048370;0.375507;0.610748;0.537516;0.443912;0.579416;0.051783;0.811945;0.048370;0.443912;-0.537516;0.610748;-0.375507
14933544;1;0.531849;-0.384849;0.724406;-0.210387;0.557975;-0.268264;0.775182;-0.125660;0.590902;-0.276511;0.709638;-0.266065;0.610335;-0.218712;0.729527;-0.217821;0.939282;-0.328406;0.024362;0.096466;0.777668;-0.156814;-0.126061;0.595610;0.245589;-0.201184;-0.002681;0.948264;0.406424;0.107015;-0.058036;0.905538;0.610411;0.117758;-0.030876;0.782674;0.610411;0.117758;-0.030876;0.782674;0.341629;0.094712;0.545368;0.759534;0.357366;0.900574;-0.185638;-0.163690;0.240355;0.718401;-0.569297;-0.319423;-0.305794;-0.572633;0.715744;0.257471;0.530682;-0.428484;0.431046;-0.590744;-0.347084;0.530784;-0.296086;0.714237;-0.347084;0.530784;-0.296086;0.714237;-0.403713;-0.025265;-0.026054;0.914165;-0.044973;0.610937;-0.145570;0.776880;0.695140;-0.179630;0.601855;-0.349692;0.541763;-0.403985;0.521147;-0.521244;0.755389;0.080802;0.650173;0.011572;0.282453;0.527841;0.643205;0.477380;-0.044888;0.802357;0.220377;0.552849;0.166185;0.676842;0.478926;0.533758;-0.258736;0.820697;-0.135086;0.491187;0.432311;-0.544352;0.609546;-0.381106;0.432311;-0.544352;0.609546;-0.381106;0.575172;0.046099;0.815929;0.036207;0.381106;0.609546;0.544352;0.432311;0.575172;0.046099;0.815929;0.036207;0.432311;-0.544352;0.609546;-0.381106
14966888;1;0.533293;-0.382972;0.720695;-0.222551;0.560015;-0.273948;0.768780;-0.142524;0.595701;-0.274568;0.706632;-0.265376;0.615064;-0.217016;0.726374;-0.216750;0.938294;-0.326095;0.032288;0.110564;0.778965;-0.159980;-0.126081;0.593063;0.243402;-0.203691;0.000281;0.948296;0.403694;0.103092;-0.055031;0.907400;0.614493;0.113461;-0.027981;0.780220;0.614493;0.113461;-0.027981;0.780220;0.339298;0.067427;0.541557;0.766190;0.357287;0.898410;-0.200035;-0.158716;0.244160;0.717359;-0.568562;-0.320187;-0.310287;-0.570075;0.716157;0.256624;0.519751;-0.436081;0.452418;-0.578801;-0.325335;0.550369;-0.303221;0.706618;-0.325335;0.550369;-0.303221;0.706618;-0.397546;-0.007794;-0.063074;0.915379;-0.043407;0.607367;-0.148086;0.779289;0.695294;-0.177616;0.599447;-0.354517;0.521544;-0.436298;0.509814;-0.526997;0.745185;0.049789;0.664964;-0.006585;0.282517;0.530209;0.641120;0.477522;-0.041030;0.801540;0.222946;0.553304;0.186946;0.665778;0.491840;0.529041;-0.240575;0.822003;-0.118231;0.502450;0.432644;-0.541491;0.613676;-0.378166;0.432644;-0.541491;0.613676;-0.378166;0.573329;0.051043;0.816826;0.038522;0.378166;0.613676;0.541491;0.432644;0.573329;0.051043;0.816826;0.038522;0.432644;-0.541491;0.613676;-0.378166
15000211;1;0.531895;-0.386896;0.721146;-0.217598;0.557320;-0.281031;0.768610;-0.140196;0.595311;-0.275783;0.708736;-0.259308;0.614189;-0.218059;0.728570;-0.210733;0.939066;-0.322360;0.028322;0.115918;0.781993;-0.161006;-0.128086;0.588352;0.245515;-0.205740;0.000035;0.947308;0.406734;0.101477;-0.056388;0.906140;0.608142;0.111880;-0.030982;0.785294;0.608142;0.111880;-0.030982;0.785294;0.349940;0.039131;0.533817;0.768798;0.355904;0.898548;-0.198915;-0.162405;0.251781;0.707654;-0.576680;-0.321361;-0.313954;-0.569946;0.713089;0.260957;0.510466;-0.446362;0.455367;-0.576911;-0.332154;0.554370;-0.315075;0.695037;-0.332154;0.554370;-0.315075;0.695037;-0.407834;0.002029;-0.087498;0.908852;-0.041208;0.605104;-0.152625;0.780292;0.697210;-0.168908;0.600813;-0.352693;0.528816;-0.420875;0.516329;-0.525948;0.749569;0.065355;0.658692;-0.000803;0.295604;0.531730;0.635031;0.476043;-0.028216;0.798827;0.218837;0.559634;0.190839;0.664037;0.490913;0.530697;-0.238974;0.820138;-0.117673;0.506378;0.467900;-0.528604;0.598173;-0.379256;0.467900;-0.528604;0.598173;-0.379256;0.599030;0.049193;0.796752;0.062681;0.379256;0.598173;0.528604;0.467900;0.599030;0.049193;0.796752;0.062681;0.467900;-0.528604;0.598173;-0.379256
15033555;1;0.530160;-0.389810;0.721687;-0.214816;0.555539;-0.281988;0.770239;-0.136351;0.594504;-0.281116;0.703059;-0.270641;0.614293;-0.223830;0.723338;-0.222094;0.936714;-0.335171;0.023698;0.098320;0.770498;-0.171245;-0.127879;0.600545;0.260344;-0.213723;-0.000526;0.941564;0.402101;0.091464;-0.069026;0.908397;0.584425;0.103951;-0.048212;0.803316;0.584425;0.103951;-0.048212;0.803316;0.346162;0.091962;0.538090;0.763003;0.364081;0.898104;-0.193690;-0.152771;0.250257;0.707685;-0.580479;-0.315591;-0.308568;-0.576607;0.710844;0.258866;0.501952;-0.459639;0.476109;-0.556863;-0.330882;0.572146;-0.332560;0.672733;-0.330882;0.572146;-0.332560;0.672733;-0.401421;0.024336;-0.127456;0.906655;-0.033346;0.611268;-0.140913;0.778064;0.695210;-0.175609;0.602268;-0.350880;0.551303;-0.388961;0.529684;-0.514013;0.757034;0.097545;0.645631;0.023331;0.288241;0.530654;0.639041;0.476392;-0.036452;0.801019;0.219886;0.555599;0.170558;0.681120;0.469516;0.535294;-0.256769;0.817132;-0.144791;0.495378;0.449937;-0.545075;0.611727;-0.355302;0.449937;-0.545075;0.611727;-0.355302;0.569390;0.047130;0.817983;0.066918;0.355302;0.611727;0.545075;0.449937;0.569390;0.047130;0.817983;0.066918;0.449937;-0.545075;0.611727;-0.355302
15066877;1;0.531334;-0.390490;0.720685;-0.214043;0.556713;-0.282104;0.769601;-0.134911;0.589131;-0.283050;0.705597;-0.273754;0.609187;-0.225554;0.726023;-0.225628;0.934490;-0.338744;0.022137;0.107196;0.773129;-0.166993;-0.127749;0.598385;0.266532;-0.210223;-0.003580;0.940614;0.394088;0.094468;-0.070097;0.911514;0.593443;0.108073;-0.046453;0.796233;0.593443;0.108073;-0.046453;0.796233;0.340715;0.066907;0.532055;0.772239;0.368851;0.894495;-0.197309;-0.157789;0.248794;0.706532;-0.582185;-0.316187;-0.305786;-0.579141;0.709030;0.261472;0.510227;-0.456670;0.433047;-0.586166;-0.368751;0.540761;-0.321954;0.684066;-0.368751;0.540761;-0.321954;0.684066;-0.416699;0.006200;-0.041130;0.908092;-0.036186;0.605905;-0.149458;0.780533;0.699227;-0.164716;0.601986;-0.348659;0.549112;-0.411860;0.535779;-0.491720;0.739885;0.085676;0.666192;0.037668;0.289584;0.530737;0.638100;0.476747;-0.031629;0.798983;0.224704;0.556896;0.172854;0.673258;0.481691;0.533684;-0.253922;0.820128;-0.130627;0.495834;0.454234;-0.534009;0.609992;-0.369344;0.454234;-0.534009;0.609992;-0.369344;0.582357;0.053728;0.808931;0.060027;0.369344;0.609992;0.534009;0.454234;0.582357;0.053728;0.808931;0.060027;0.454234;-0.534009;0.609992;-0.369344
15100222;1;0.535378;-0.394302;0.715108;-0.215678;0.564744;-0.263826;0.772819;-0.119208;0.583520;-0.290215;0.704761;-0.280344;0.604122;-0.232763;0.725764;-0.232647;0.930360;-0.348667;0.018038;0.111962;0.774916;-0.166337;-0.134047;0.594869;0.265751;-0.213475;-0.008057;0.940074;0.398656;0.092508;-0.074038;0.909414;0.582161;0.106086;-0.052774;0.804394;0.582161;0.106086;-0.052774;0.804394;0.330641;0.086880;0.529149;0.776614;0.379912;0.886839;-0.199417;-0.171513;0.255139;0.703508;-0.583288;-0.315841;-0.310294;-0.580427;0.705870;0.261857;-0.495011;0.469608;-0.494596;0.538339;-0.321170;0.591032;-0.340349;0.657034;-0.321170;0.591032;-0.340349;0.657034;-0.385921;0.054345;-0.082460;0.917231;-0.044114;0.602120;-0.157138;0.781546;0.701048;-0.161267;0.601077;-0.348184;0.537454;-0.423891;0.524632;-0.506183;0.741812;0.069180;0.666751;0.019285;0.284726;0.536515;0.629669;0.484355;-0.028758;0.794527;0.230378;0.561093;0.192452;0.654075;0.502366;0.531768;-0.238494;0.821141;-0.102528;0.508268;0.473935;-0.524252;0.604352;-0.367837;0.473935;-0.524252;0.604352;-0.367837;0.595222;0.056640;0.798044;0.075022;0.367837;0.604352;0.524252;0.473935;0.595222;0.056640;0.798044;0.075022;0.473935;-0.524252;0.604352;-0.367837
15133544;1;0.532942;-0.400821;0.717193;-0.202359;0.561422;-0.259323;0.779599;-0.098904;0.580429;-0.292779;0.706746;-0.279093;0.600941;-0.235160;0.727948;-0.231647;0.930171;-0.349122;0.021377;0.111529;0.772670;-0.161891;-0.134579;0.598883;0.271693;-0.210096;-0.013407;0.939075;0.395475;0.095997;-0.081081;0.909841;0.572694;0.110513;-0.059803;0.810081;0.572694;0.110513;-0.059803;0.810081;0.327482;0.099395;0.525724;0.778775;0.381656;0.886772;-0.196807;-0.171002;0.244756;0.707634;-0.586917;-0.308021;-0.297970;-0.585588;0.708735;0.256898;0.515133;-0.472854;0.454231;-0.552015;-0.356859;0.573281;-0.318223;0.665383;-0.356859;0.573281;-0.318223;0.665383;-0.399735;0.034190;-0.031919;0.915437;-0.044310;0.606246;-0.152191;0.779320;0.699139;-0.167731;0.602182;-0.347056;0.552605;-0.396042;0.532283;-0.504434;0.751246;0.094396;0.652499;0.031062;0.290211;0.529617;0.634444;0.482456;-0.033363;0.795598;0.223723;0.562014;0.176273;0.666102;0.486058;0.537573;-0.254186;0.818152;-0.122485;0.501014;0.477492;-0.527934;0.600134;-0.364865;0.477492;-0.527934;0.600134;-0.364865;0.595637;0.051053;0.797664;0.079639;0.364865;0.600134;0.527934;0.477492;0.595637;0.051053;0.797664;0.079639;0.477492;-0.527934;0.600134;-0.364865
15166888;1;0.524702;-0.400760;0.724049;-0.199581;0.552016;-0.264200;0.784253;-0.102096;0.572039;-0.297489;0.711734;-0.278760;0.592551;-0.239455;0.733298;-0.231989;0.929281;-0.351341;0.032599;0.109240;0.772379;-0.157364;-0.139298;0.599386;0.271822;-0.209204;-0.020034;0.939119;0.394843;0.093868;-0.086523;0.909836;0.579510;0.110138;-0.064553;0.804904;0.579510;0.110138;-0.064553;0.804904;0.328503;0.101045;0.521663;0.780860;0.384834;0.886236;-0.184861;-0.179764;0.264570;0.698435;-0.577886;-0.328998;-0.324474;-0.570185;0.704736;0.270099;0.549211;-0.450801;0.452108;-0.539207;-0.361348;0.566019;-0.295374;0.679562;-0.361348;0.566019;-0.295374;0.679562;-0.415922;0.003292;-0.004079;0.909385;-0.043206;0.610379;-0.141828;0.778110;0.702576;-0.169924;0.603212;-0.337117;0.572758;-0.381550;0.542388;-0.481853;0.749610;0.111970;0.649464;0.061187;0.267287;0.529309;0.646776;0.479657;-0.053700;0.803596;0.229644;0.546455;0.150994;0.682723;0.476010;0.533390;-0.269298;0.822754;-0.141236;0.480216;0.468112;-0.535196;0.602848;-0.361953;0.468112;-0.535196;0.602848;-0.361953;0.586945;0.047837;0.804719;0.075066;0.361953;0.602848;0.535196;0.468112;0.586945;0.047837;0.804719;0.075066;0.468112;-0.535196;0.602848;-0.361953
15200211;1;0.530772;-0.403000;0.717618;-0.202230;0.558781;-0.265143;0.779155;-0.101879;0.579880;-0.290415;0.710586;-0.272883;0.599896;-0.232496;0.731587;-0.225501;0.932047;-0.342056;0.034314;0.114491;0.773281;-0.157767;-0.137808;0.598460;0.269465;-0.208723;-0.017786;0.939951;0.394001;0.097705;-0.084023;0.910031;0.587829;0.114043;-0.060003;0.798656;0.587829;0.114043;-0.060003;0.798656;0.324007;0.114648;0.525935;0.777990;0.376794;0.888867;-0.195171;-0.172769;0.256383;0.702151;-0.580180;-0.323485;-0.313756;-0.577604;0.704272;0.268201;0.545711;-0.453175;0.457705;-0.536040;-0.325804;0.583838;-0.272020;0.692091;-0.325804;0.583838;-0.272020;0.692091;-0.411770;0.009987;0.005839;0.911214;-0.046244;0.605036;-0.146318;0.781271;0.700691;-0.174129;0.597676;-0.348561;0.552875;-0.395201;0.523808;-0.513587;0.757851;0.088985;0.645856;0.024790;0.285326;0.535345;0.629576;0.485415;-0.037340;0.796902;0.218918;0.561808;0.176342;0.670395;0.478552;0.538946;-0.255153;0.815920;-0.130831;0.502050;0.467616;-0.534397;0.606775;-0.357182;0.467616;-0.534397;0.606775;-0.357182;0.583220;0.051179;0.806930;0.078089;0.357182;0.606775;0.534397;0.467616;0.583220;0.051179;0.806930;0.078089;0.467616;-0.534397;0.606775;-0.357182
15233555;1;0.529782;-0.398463;0.720149;-0.204803;0.557726;-0.264276;0.779452;-0.107491;0.581844;-0.290012;0.707592;-0.276884;0.602174;-0.232334;0.728570;-0.229333;0.932755;-0.345793;0.018396;0.100290;0.769917;-0.162129;-0.130524;0.603245;0.265450;-0.207916;-0.009670;0.941389;0.390037;0.095383;-0.075012;0.912768;0.603882;0.110985;-0.049061;0.787783;0.603882;0.110985;-0.049061;0.787783;0.345003;0.089584;0.536263;0.765095;0.376653;0.889727;-0.189607;-0.174837;0.252247;0.707854;-0.575603;-0.322483;-0.311827;-0.577954;0.705935;0.265307;0.521996;-0.472004;0.459622;-0.541738;-0.313519;0.597426;-0.277710;0.683861;-0.313519;0.597426;-0.277710;0.683861;-0.411652;0.029127;-0.100871;0.905273;-0.045956;0.606936;-0.150169;0.779080;0.701369;-0.166985;0.602576;-0.342198;0.554503;-0.391272;0.529144;-0.509351;0.756027;0.095556;0.646883;0.028905;0.272069;0.537580;0.633742;0.485137;-0.047447;0.800817;0.222105;0.554175;0.164309;0.674442;0.480661;0.535813;-0.261497;0.820215;-0.132147;0.491328;0.443813;-0.535761;0.614223;-0.372452;0.443813;-0.535761;0.614223;-0.372452;0.577187;0.055481;0.813161;0.050460;0.372452;0.614223;0.535761;0.443813;0.577187;0.055481;0.813161;0.050460;0.443813;-0.535761;0.614223;-0.372452
15266877;1;0.529752;-0.398425;0.720215;-0.204718;0.557695;-0.264134;0.779542;-0.107346;0.581731;-0.289793;0.707857;-0.276673;0.602044;-0.232094;0.728817;-0.229131;0.932870;-0.345469;0.018639;0.100284;0.770114;-0.161603;-0.130302;0.603184;0.265577;-0.207360;-0.009786;0.941475;0.389814;0.096331;-0.075203;0.912748;0.602847;0.111900;-0.049127;0.788442;0.602847;0.111900;-0.049127;0.788442;0.343730;0.090734;0.536062;0.765672;0.376386;0.889775;-0.189560;-0.175218;0.252021;0.707774;-0.575462;-0.323087;-0.311691;-0.578000;0.705703;0.265987;0.521802;-0.471967;0.461315;-0.540517;-0.314798;0.597516;-0.280248;0.682157;-0.314798;0.597516;-0.280248;0.682157;-0.411088;0.029898;-0.103117;0.905251;-0.046066;0.607114;-0.150225;0.778924;0.701259;-0.167072;0.602745;-0.342082;0.554269;-0.391768;0.529208;-0.509158;0.755727;0.095249;0.647280;0.028879;0.271987;0.537678;0.633695;0.485135;-0.047563;0.800892;0.221942;0.554123;0.164180;0.674573;0.480532;0.535803;-0.261583;0.820218;-0.132330;0.491229;0.443654;-0.536563;0.614761;-0.370595;0.443654;-0.536563;0.614761;-0.370595;0.575761;0.055294;0.814109;0.051660;0.370595;0.614761;0.536563;0.443654;0.575761;0.055294;0.814109;0.051660;0.443654;-0.536563;0.614761;-0.370595
15300222;1;0.528206;-0.399499;0.717640;-0.215389;0.559815;-0.253696;0.781182;-0.109548;0.584464;-0.283112;0.709247;-0.274260;0.604575;-0.225323;0.729666;-0.226507;0.935182;-0.339202;0.019593;0.099961;0.773441;-0.159271;-0.122858;0.601105;0.268133;-0.201091;-0.004864;0.942148;0.390133;0.092767;-0.069845;0.913407;0.577678;0.105632;-0.048230;0.807963;0.577678;0.105632;-0.048230;0.807963;0.348228;0.071023;0.537173;0.764943;0.370023;0.891822;-0.195476;-0.171832;0.248656;0.708605;-0.573820;-0.326774;-0.309266;-0.578795;0.704546;0.270121;0.538633;-0.451241;0.415615;-0.577511;-0.352608;0.550632;-0.270480;0.706621;-0.352608;0.550632;-0.270480;0.706621;-0.426554;-0.012787;-0.019516;0.904161;-0.054372;0.602568;-0.156474;0.780687;0.703271;-0.165771;0.600127;-0.343187;0.551773;-0.406287;0.527816;-0.501884;0.748882;0.083987;0.656564;0.032343;0.266342;0.540970;0.632021;0.486788;-0.048484;0.800795;0.225494;0.552748;0.166395;0.673972;0.481563;0.534950;-0.259403;0.820522;-0.131188;0.492182;0.449826;-0.530490;0.615043;-0.371429;0.449826;-0.530490;0.615043;-0.371429;0.580715;0.059788;0.810014;0.055435;0.371429;0.615043;0.530490;0.449826;0.580715;0.059788;0.810014;0.055435;0.449826;-0.530490;0.615043;-0.371429
15333544;1;0.526705;-0.395154;0.721162;-0.215315;0.557454;-0.254869;0.781833;-0.114123;0.585920;-0.272634;0.715269;-0.266006;0.605365;-0.214396;0.734829;-0.218163;0.939928;-0.325885;0.017576;0.100128;0.774338;-0.157597;-0.132071;0.598432;0.268369;-0.205219;-0.012833;0.941116;0.392788;0.100691;-0.078635;0.910712;0.553179;0.113407;-0.058831;0.823208;0.553179;0.113407;-0.058831;0.823208;0.318262;0.096026;0.525388;0.783234;0.357979;0.894123;-0.198932;-0.181163;0.260789;0.704941;-0.560797;-0.347210;-0.330648;-0.564638;0.701868;0.281491;0.552451;-0.437537;0.449707;-0.548747;-0.309189;0.573242;-0.255086;0.714651;-0.309189;0.573242;-0.255086;0.714651;-0.427222;-0.016957;-0.080077;0.900434;-0.057085;0.607008;-0.162604;0.775785;0.697802;-0.167271;0.605788;-0.343677;0.539577;-0.426026;0.530075;-0.496365;0.736429;0.071549;0.672149;0.027732;0.269530;0.536314;0.639687;0.480127;-0.048697;0.803921;0.224856;0.548434;0.163506;0.674717;0.486591;0.530332;-0.258185;0.824561;-0.128151;0.486844;0.451783;-0.539038;0.599401;-0.382163;0.451783;-0.539038;0.599401;-0.382163;0.589689;0.042683;0.804998;0.049229;0.382163;0.599401;0.539038;0.451783;0.589689;0.042683;0.804998;0.049229;0.451783;-0.539038;0.599401;-0.382163
15366888;1;0.527294;-0.399130;0.721116;-0.206514;0.556300;-0.259551;0.782270;-0.105909;0.582388;-0.278856;0.713724;-0.271405;0.602277;-0.220722;0.733788;-0.223828;0.936882;-0.333727;0.028142;0.100429;0.776320;-0.154462;-0.128837;0.597386;0.275084;-0.200717;-0.013048;0.940144;0.386112;0.105256;-0.081975;0.912753;0.566277;0.119916;-0.058473;0.813346;0.566277;0.119916;-0.058473;0.813346;0.321044;0.086496;0.522947;0.784841;0.365457;0.892542;-0.195272;-0.177985;0.246036;0.708856;-0.574174;-0.327589;-0.305467;-0.582580;0.701963;0.273017;0.545978;-0.437414;0.423982;-0.575166;-0.322057;0.554067;-0.253184;0.724698;-0.322057;0.554067;-0.253184;0.724698;-0.427703;-0.022512;-0.002430;0.903636;-0.056039;0.602172;-0.160256;0.780107;0.700929;-0.166967;0.600396;-0.346909;0.542947;-0.415024;0.524320;-0.507989;0.746944;0.075266;0.660252;0.021841;0.280796;0.532533;0.637580;0.480681;-0.044809;0.801644;0.217903;0.554867;0.163620;0.674273;0.482087;0.534955;-0.261376;0.821093;-0.131017;0.490228;0.460658;-0.518941;0.608990;-0.384220;0.460658;-0.518941;0.608990;-0.384220;0.597419;0.063675;0.797568;0.054050;0.384220;0.608990;0.518941;0.460658;0.597419;0.063675;0.797568;0.054050;0.460658;-0.518941;0.608990;-0.384220
15400211;1;0.532518;-0.389150;0.722021;-0.208980;0.561303;-0.253772;0.779969;-0.110391;0.583257;-0.273880;0.716254;-0.267921;0.602864;-0.215559;0.735910;-0.220285;0.939637;-0.327785;0.028357;0.093993;0.778648;-0.149677;-0.123193;0.596764;0.270525;-0.193601;-0.009910;0.942994;0.378543;0.111020;-0.076955;0.915673;0.607989;0.127463;-0.044730;0.782369;0.607989;0.127463;-0.044730;0.782369;0.312959;0.104796;0.532743;0.779269;0.358383;0.895319;-0.189773;-0.184262;0.250942;0.708772;-0.567117;-0.336227;-0.316312;-0.572960;0.704057;0.275622;0.551065;-0.433476;0.417574;-0.577977;-0.309357;0.553684;-0.236015;0.736226;-0.309357;0.553684;-0.236015;0.736226;-0.434991;-0.034079;-0.037940;0.898989;-0.058786;0.603812;-0.162377;0.778196;0.698919;-0.169029;0.602034;-0.347126;0.531498;-0.435260;0.519796;-0.507810;0.738759;0.057676;0.671351;0.013998;0.276874;0.534147;0.635914;0.483364;-0.044062;0.799839;0.223549;0.555285;0.170849;0.665127;0.494016;0.533258;-0.254961;0.823024;-0.116144;0.494102;0.436127;-0.539930;0.598451;-0.400156;0.436127;-0.539930;0.598451;-0.400156;0.591342;0.041381;0.804957;0.025435;0.400156;0.598451;0.539930;0.436127;0.591342;0.041381;0.804957;0.025435;0.436127;-0.539930;0.598451;-0.400156
15433555;1;0.528855;-0.395826;0.721615;-0.207137;0.557439;-0.259921;0.780927;-0.108882;0.582859;-0.283359;0.712847;-0.268014;0.602475;-0.225281;0.733275;-0.220410;0.936548;-0.334149;0.025849;0.102734;0.776717;-0.151502;-0.131956;0.596947;0.268338;-0.200292;-0.015754;0.942141;0.392491;0.102865;-0.123047;0.905665;0.634713;0.133712;-0.088559;0.755921;0.634713;0.133712;-0.088559;0.755921;0.348327;0.066669;0.483209;0.800458;0.367210;0.892148;-0.190101;-0.181908;0.247272;0.708634;-0.573398;-0.328494;-0.308272;-0.578869;0.704172;0.272067;0.550931;-0.432631;0.418798;-0.577853;-0.310975;0.552780;-0.238737;0.735346;-0.310975;0.552780;-0.238737;0.735346;-0.432285;-0.033698;-0.032477;0.900522;-0.049250;0.608668;-0.156445;0.776288;0.698266;-0.166440;0.606061;-0.342655;0.552612;-0.395742;0.535266;-0.501496;0.749192;0.096723;0.654415;0.033138;0.275873;0.536229;0.635658;0.481966;-0.045693;0.802049;0.219855;0.553437;0.166700;0.677724;0.476314;0.534815;-0.259128;0.819490;-0.137559;0.492307;0.456229;-0.537245;0.607167;-0.366840;0.456229;-0.537245;0.607167;-0.366840;0.581997;0.049443;0.809221;0.063207;0.366840;0.607167;0.537245;0.456229;0.581997;0.049443;0.809221;0.063207;0.456229;-0.537245;0.607167;-0.366840
15466888;1;0.531694;-0.398593;0.719681;-0.201206;0.557169;-0.277407;0.774508;-0.112894;0.583876;-0.282067;0.713202;-0.266213;0.603344;-0.223964;0.733525;-0.218532;0.937950;-0.332036;0.024525;0.096959;0.779735;-0.161465;-0.139283;0.588679;0.263175;-0.212850;-0.012871;0.940887;0.408466;0.092457;-0.131565;0.898497;0.639151;0.124985;-0.101175;0.752083;0.639151;0.124985;-0.101175;0.752083;0.370916;0.032825;0.465240;0.803054;0.364868;0.891348;-0.187169;-0.193229;0.263924;0.699389;-0.566218;-0.347270;-0.331115;-0.564520;0.700760;0.283929;0.546453;-0.434543;0.422648;-0.577867;-0.322399;0.550636;-0.253493;0.727049;-0.322399;0.550636;-0.253493;0.727049;-0.432982;-0.029231;-0.035804;0.900217;-0.041429;0.601019;-0.155074;0.782951;0.699796;-0.164462;0.598569;-0.353488;0.549280;-0.398708;0.530213;-0.508131;0.751495;0.091019;0.652908;0.026115;0.278650;0.544064;0.623035;0.488034;-0.038003;0.798018;0.217630;0.560678;0.176025;0.673817;0.474172;0.538653;-0.255203;0.815263;-0.136351;0.501624;0.457427;-0.541720;0.588491;-0.388559;0.457427;-0.541720;0.588491;-0.388559;0.598202;0.033072;0.799180;0.048698;0.388559;0.588491;0.541720;0.457427;0.598202;0.033072;0.799180;0.048698;0.457427;-0.541720;0.588491;-0.388559
15500222;1;0.531611;-0.398569;0.719744;-0.201251;0.557099;-0.277339;0.774578;-0.112927;0.583599;-0.281969;0.713438;-0.266293;0.603075;-0.223848;0.733752;-0.218634;0.937956;-0.332015;0.024919;0.096873;0.779814;-0.161481;-0.138947;0.588649;0.263296;-0.212658;-0.012602;0.940900;0.409608;0.092496;-0.129861;0.898222;0.639176;0.124423;-0.099691;0.752353;0.639176;0.124423;-0.099691;0.752353;0.371189;0.034285;0.467072;0.801802;0.364898;0.891221;-0.187346;-0.193589;0.264007;0.699061;-0.566391;-0.347586;-0.331267;-0.564153;0.700868;0.284215;0.546146;-0.434264;0.422689;-0.578337;-0.320386;0.550932;-0.252439;0.728081;-0.320386;0.550932;-0.252439;0.728081;-0.432584;-0.029582;-0.037662;0.900321;-0.041323;0.601050;-0.155083;0.782931;0.699724;-0.164473;0.598599;-0.353575;0.549078;-0.398852;0.530168;-0.508283;0.751460;0.090883;0.652978;0.025865;0.281514;0.543767;0.622743;0.487091;-0.035136;0.797626;0.217493;0.561476;0.178678;0.673422;0.474027;0.538401;-0.253141;0.814890;-0.136188;0.503315;0.456165;-0.542838;0.590185;-0.385904;0.456165;-0.542838;0.590185;-0.385904;0.595433;0.033479;0.801168;0.049683;0.385904;0.590185;0.542838;0.456165;0.595433;0.033479;0.801168;0.049683;0.456165;-0.542838;0.590185;-0.385904
15533533;1;0.531595;-0.398587;0.719743;-0.201259;0.557082;-0.277373;0.774575;-0.112949;0.583572;-0.282033;0.713428;-0.266312;0.603049;-0.223913;0.733747;-0.218655;0.937929;-0.332071;0.024902;0.096941;0.779755;-0.161516;-0.138955;0.588717;0.263218;-0.212690;-0.012590;0.940915;0.409695;0.092464;-0.129601;0.898223;0.638912;0.124275;-0.099508;0.752626;0.638912;0.124275;-0.099508;0.752626;0.371216;0.034346;0.467329;0.801637;0.364959;0.891212;-0.187306;-0.193553;0.264082;0.699093;-0.566372;-0.347494;-0.331318;-0.564194;0.700852;0.284112;0.545998;-0.434650;0.422844;-0.578073;-0.320197;0.551395;-0.252351;0.727843;-0.320197;0.551395;-0.252351;0.727843;-0.432472;-0.029014;-0.036948;0.900423;-0.041329;0.601058;-0.155073;0.782927;0.699724;-0.164484;0.598601;-0.353565;0.549099;-0.398807;0.530167;-0.508297;0.751484;0.090915;0.652945;0.025870;0.281629;0.543706;0.622783;0.487041;-0.035013;0.797597;0.217561;0.561498;0.178734;0.673362;0.474114;0.538380;-0.253087;0.814909;-0.136084;0.503340;0.455853;-0.543215;0.590317;-0.385541;0.455853;-0.543215;0.590317;-0.385541;0.594956;0.033306;0.801528;0.049718;0.385541;0.590317;0.543215;0.455853;0.594956;0.033306;0.801528;0.049718;0.455853;-0.543215;0.590317;-0.385541
15566888;1;0.531385;-0.399414;0.719180;-0.202185;0.556950;-0.278780;0.773972;-0.114257;0.583686;-0.283326;0.712169;-0.268053;0.603302;-0.225302;0.732596;-0.220382;0.936875;-0.334393;0.020297;0.100177;0.777935;-0.161460;-0.140722;0.590715;0.262553;-0.213688;-0.014482;0.940847;0.414885;0.088124;-0.094323;0.900671;0.622821;0.108540;-0.069870;0.771642;0.622821;0.108540;-0.069870;0.771642;0.362242;0.050531;0.503147;0.782988;0.367357;0.890227;-0.190096;-0.190809;0.263606;0.698602;-0.569352;-0.343955;-0.328304;-0.567579;0.700043;0.282860;0.544079;-0.441273;0.435487;-0.565338;-0.319351;0.563086;-0.259432;0.716690;-0.319351;0.563086;-0.259432;0.716690;-0.427948;-0.016119;-0.045097;0.902533;-0.041277;0.601414;-0.153454;0.782975;0.700330;-0.165066;0.598382;-0.352464;0.552789;-0.394025;0.531074;-0.507079;0.753228;0.094965;0.650208;0.029312;0.281505;0.544007;0.622072;0.487685;-0.034237;0.796975;0.218555;0.562043;0.176528;0.672551;0.475572;0.538837;-0.254965;0.815353;-0.134467;0.502107;0.455976;-0.557153;0.596450;-0.354843;0.455976;-0.557153;0.596450;-0.354843;0.573336;0.027787;0.815720;0.071511;0.354843;0.596450;0.557153;0.455976;0.573336;0.027787;0.815720;0.071511;0.455976;-0.557153;0.596450;-0.354843
15600211;1;0.531459;-0.413143;0.716885;-0.181494;0.556345;-0.268562;0.782615;-0.076609;0.566503;-0.308418;0.709925;-0.282771;0.587355;-0.250493;0.732372;-0.236431;0.925496;-0.361809;0.023938;0.109446;0.769739;-0.163693;-0.148991;0.598755;0.280189;-0.219750;-0.026528;0.934077;0.409266;0.088386;-0.096727;0.902958;0.495009;0.097360;-0.087688;0.858952;0.495009;0.097360;-0.087688;0.858952;0.281976;0.098931;0.494916;0.815941;0.397170;0.875943;-0.182256;-0.204359;0.267204;0.695618;-0.571196;-0.344170;-0.329388;-0.570394;0.696276;0.285228;0.534413;-0.459541;0.445583;-0.551978;-0.324470;0.580009;-0.270761;0.696418;-0.324470;0.580009;-0.270761;0.696418;-0.416998;0.011039;-0.030968;0.908312;-0.039243;0.599415;-0.151864;0.784920;0.704882;-0.158879;0.597644;-0.347448;0.563436;-0.384794;0.535689;-0.497504;0.754014;0.104847;0.646972;0.043553;0.286875;0.545200;0.612333;0.495488;-0.031695;0.791720;0.213058;0.571648;0.175759;0.664673;0.479082;0.545710;-0.260304;0.812257;-0.126395;0.506463;0.484391;-0.545395;0.593555;-0.340004;0.484391;-0.545395;0.593555;-0.340004;0.582935;0.034054;0.805359;0.102097;0.340004;0.593555;0.545395;0.484391;0.582935;0.034054;0.805359;0.102097;0.484391;-0.545395;0.593555;-0.340004
15633555;1;0.526744;-0.409084;0.717182;-0.202093;0.554754;-0.271516;0.779730;-0.102702;0.569808;-0.307800;0.707521;-0.282829;0.590654;-0.250070;0.729926;-0.236224;0.924591;-0.361307;0.029824;0.117040;0.769685;-0.165305;-0.141779;0.600131;0.278660;-0.216898;-0.019557;0.935372;0.416103;0.091009;-0.088419;0.900421;0.521451;0.100989;-0.076823;0.843794;0.521451;0.100989;-0.076823;0.843794;0.296727;0.094387;0.502555;0.806525;0.397760;0.876471;-0.190078;-0.193536;0.262023;0.695471;-0.581228;-0.331419;-0.318443;-0.576872;0.699088;0.277649;0.538625;-0.455850;0.440156;-0.555290;-0.347681;0.566715;-0.283498;0.691073;-0.347681;0.566715;-0.283498;0.691073;-0.424251;0.002702;-0.039439;0.904681;-0.036728;0.600970;-0.148157;0.784561;0.703680;-0.162300;0.597356;-0.348795;0.576457;-0.371546;0.545980;-0.481204;0.751751;0.121616;0.644949;0.064199;0.266891;0.552796;0.614888;0.495074;-0.040837;0.796643;0.221482;0.560926;0.174338;0.678793;0.463401;0.542316;-0.259046;0.811218;-0.147480;0.503060;0.468387;-0.547597;0.609176;-0.331142;0.468387;-0.547597;0.609176;-0.331142;0.565352;0.043543;0.817962;0.097046;0.331142;0.609176;0.547597;0.468387;0.565352;0.043543;0.817962;0.097046;0.468387;-0.547597;0.609176;-0.331142
15666888;1;0.522732;-0.401985;0.720959;-0.213020;0.550451;-0.279169;0.776813;-0.125019;0.576219;-0.299135;0.706723;-0.281127;0.596908;-0.241497;0.728435;-0.234012;0.927746;-0.354724;0.022332;0.113838;0.767566;-0.161773;-0.136597;0.604990;0.283856;-0.210822;-0.019580;0.935199;0.376958;0.093026;-0.093654;0.916776;0.569349;0.111345;-0.070903;0.811429;0.569349;0.111345;-0.070903;0.811429;0.320002;0.093281;0.517819;0.787884;0.387886;0.883017;-0.190094;-0.183546;0.271429;0.689705;-0.577082;-0.342942;-0.333128;-0.563847;0.700567;0.283388;0.533128;-0.470173;0.448812;-0.541553;-0.366765;0.574048;-0.304900;0.665574;-0.366765;0.574048;-0.304900;0.665574;-0.425925;0.019347;-0.091747;0.899887;-0.036344;0.605045;-0.144010;0.782216;0.704993;-0.161722;0.600604;-0.340745;0.574080;-0.369326;0.540413;-0.491919;0.757585;0.119215;0.639402;0.054936;0.265724;0.551585;0.622674;0.487259;-0.043490;0.802184;0.220207;0.553279;0.166566;0.685143;0.463934;0.536283;-0.260340;0.816045;-0.151566;0.493276;0.481152;-0.545722;0.596300;-0.339274;0.481152;-0.545722;0.596300;-0.339274;0.580129;0.035764;0.807531;0.100323;0.339274;0.596300;0.545722;0.481152;0.580129;0.035764;0.807531;0.100323;0.481152;-0.545722;0.596300;-0.339274
15700222;1;0.524089;-0.407084;0.720872;-0.199894;0.550072;-0.281260;0.778631;-0.109761;0.573139;-0.303587;0.706364;-0.283542;0.594032;-0.245964;0.728435;-0.236666;0.926414;-0.359616;0.017852;0.110065;0.765696;-0.156188;-0.135675;0.609022;0.278778;-0.205742;-0.021746;0.937806;0.400985;0.101757;-0.090397;0.905917;0.549797;0.115699;-0.071692;0.824134;0.549797;0.115699;-0.071692;0.824134;0.325841;0.105876;0.515597;0.785352;0.393673;0.879786;-0.191171;-0.185610;0.268672;0.691016;-0.574134;-0.347393;-0.330166;-0.568422;0.695723;0.289580;-0.491194;0.496369;-0.466519;0.542868;-0.343078;0.595612;-0.330559;0.646742;-0.343078;0.595612;-0.330559;0.646742;-0.403792;0.066570;-0.077254;0.909149;-0.027945;0.611795;-0.152531;0.775667;0.697641;-0.153152;0.611690;-0.340114;0.572634;-0.368056;0.560956;-0.471119;0.741977;0.134672;0.653169;0.068585;0.258039;0.556462;0.621748;0.487027;-0.043594;0.803263;0.225861;0.549414;0.163082;0.687033;0.465277;0.533766;-0.261044;0.818308;-0.151940;0.489022;0.481499;-0.549104;0.598549;-0.329216;0.481499;-0.549104;0.598549;-0.329216;0.573262;0.034963;0.811513;0.107680;0.329216;0.598549;0.549104;0.481499;0.573262;0.034963;0.811513;0.107680;0.481499;-0.549104;0.598549;-0.329216
15733555;1;0.521892;-0.407596;0.722024;-0.200440;0.547426;-0.285538;0.778409;-0.113452;0.576711;-0.303656;0.705856;-0.277425;0.597101;-0.246073;0.727934;-0.230283;0.928610;-0.354943;0.023348;0.105612;0.766247;-0.159773;-0.135266;0.607487;0.280284;-0.208442;-0.019396;0.936812;0.405270;0.098492;-0.088479;0.904559;0.547850;0.111645;-0.071167;0.826033;0.547850;0.111645;-0.071167;0.826033;0.322612;0.087486;0.510712;0.792112;0.389638;0.883902;-0.186530;-0.179179;0.269404;0.687702;-0.579539;-0.344415;-0.327754;-0.570343;0.695348;0.289444;0.514876;-0.483314;0.440925;-0.553982;-0.367809;0.574567;-0.312857;0.660840;-0.367809;0.574567;-0.312857;0.660840;-0.417346;0.035714;-0.052932;0.906501;-0.026785;0.607719;-0.151031;0.779198;0.699467;-0.153873;0.607056;-0.344313;0.573741;-0.368389;0.557671;-0.473407;0.744362;0.132115;0.651060;0.067757;0.264310;0.554115;0.621560;0.486580;-0.043056;0.803200;0.219709;0.552036;0.159326;0.691102;0.457086;0.536718;-0.265839;0.815425;-0.160592;0.488490;0.471606;-0.538576;0.592195;-0.369903;0.471606;-0.538576;0.592195;-0.369903;0.595037;0.037914;0.799576;0.071915;0.369903;0.592195;0.538576;0.471606;0.595037;0.037914;0.799576;0.071915;0.471606;-0.538576;0.592195;-0.369903
15766888;1;0.526848;-0.405756;0.719012;-0.202027;0.552913;-0.281892;0.775986;-0.112566;0.580146;-0.302053;0.702718;-0.279967;0.600729;-0.244727;0.724678;-0.232541;0.927393;-0.355929;0.022253;0.112962;0.766976;-0.161038;-0.136225;0.606018;0.275453;-0.210154;-0.018051;0.937889;0.391340;0.095823;-0.087348;0.911066;0.565189;0.111320;-0.066481;0.814708;0.565189;0.111320;-0.066481;0.814708;0.298697;0.126809;0.519140;0.790692;0.389545;0.883096;-0.190767;-0.178897;0.265973;0.691630;-0.578170;-0.341506;-0.325661;-0.570045;0.698342;0.285154;0.509471;-0.486841;0.444578;-0.552970;-0.357664;0.581303;-0.311048;0.661372;-0.357664;0.581303;-0.311048;0.661372;-0.413383;0.036475;-0.126906;0.900932;-0.033670;0.598917;-0.146864;0.786509;0.705026;-0.160522;0.595452;-0.350153;0.570047;-0.374630;0.537792;-0.495458;0.757229;0.113574;0.641282;0.049614;0.275571;0.554511;0.610270;0.494114;-0.034815;0.796299;0.214108;0.564671;0.175082;0.679401;0.460929;0.543420;-0.259308;0.809917;-0.149662;0.504376;0.489981;-0.537359;0.598663;-0.335807;0.489981;-0.537359;0.598663;-0.335807;0.583921;0.043349;0.803289;0.109018;0.335807;0.598663;0.537359;0.489981;0.583921;0.043349;0.803289;0.109018;0.489981;-0.537359;0.598663;-0.335807
15800200;1;0.526181;-0.412182;0.719381;-0.189028;0.551130;-0.280018;0.780380;-0.094092;0.569417;-0.312980;0.705067;-0.284057;0.590363;-0.255430;0.727895;-0.237478;0.923902;-0.366062;0.019902;0.109583;0.766532;-0.162055;-0.146374;0.603938;0.275199;-0.216881;-0.025491;0.936258;0.391816;0.090081;-0.095026;0.910679;0.553301;0.106085;-0.076750;0.822626;0.553301;0.106085;-0.076750;0.822626;0.295561;0.125612;0.510993;0.797340;0.401069;0.879208;-0.182499;-0.181192;0.265829;0.691328;-0.576750;-0.344616;-0.325558;-0.571341;0.695805;0.288855;0.529770;-0.470143;0.452734;-0.541611;-0.351990;0.580321;-0.298713;0.670896;-0.351990;0.580321;-0.298713;0.670896;-0.411927;0.024249;-0.073640;0.907913;-0.028981;0.603336;-0.157411;0.781260;0.701584;-0.147480;0.605890;-0.344857;0.560691;-0.390557;0.550159;-0.480017;0.739823;0.111016;0.661380;0.053988;0.271921;0.553730;0.614525;0.491732;-0.036505;0.797902;0.218249;0.560702;0.166057;0.672211;0.480386;0.538319;-0.262013;0.818455;-0.130768;0.494348;0.478731;-0.539751;0.598541;-0.348187;0.478731;-0.539751;0.598541;-0.348187;0.584720;0.041571;0.804894;0.092308;0.348187;0.598541;0.539751;0.478731;0.584720;0.041571;0.804894;0.092308;0.478731;-0.539751;0.598541;-0.348187
15833555;1;0.521703;-0.410786;0.720864;-0.198587;0.548469;-0.277812;0.781799;-0.103885;0.571826;-0.309958;0.706286;-0.279467;0.592395;-0.252320;0.728868;-0.232711;0.925375;-0.360357;0.024905;0.114905;0.769623;-0.157891;-0.143783;0.601728;0.272316;-0.212164;-0.024277;0.938212;0.396930;0.096143;-0.091612;0.908191;0.555309;0.111186;-0.072622;0.820972;0.555309;0.111186;-0.072622;0.820972;0.323036;0.074258;0.507856;0.795120;0.396094;0.881903;-0.182627;-0.178897;0.266029;0.691402;-0.576815;-0.344203;-0.326207;-0.570123;0.696931;0.287813;0.536506;-0.460508;0.445626;-0.549100;-0.357320;0.568606;-0.295530;0.679464;-0.357320;0.568606;-0.295530;0.679464;-0.420876;0.007559;-0.088075;0.902801;-0.031052;0.604122;-0.149627;0.782102;0.704456;-0.152682;0.603408;-0.341071;0.577657;-0.369877;0.553282;-0.472633;0.746584;0.127985;0.648983;0.071089;0.263953;0.553926;0.619179;0.490013;-0.043496;0.801063;0.220310;0.554860;0.159888;0.683850;0.466238;0.537966;-0.266252;0.816729;-0.148985;0.489763;0.483586;-0.545556;0.593586;-0.340835;0.483586;-0.545556;0.593586;-0.340835;0.582954;0.033963;0.805495;0.100940;0.340835;0.593586;0.545556;0.483586;0.582954;0.033963;0.805495;0.100940;0.483586;-0.545556;0.593586;-0.340835
15866888;1;0.521262;-0.410672;0.719765;-0.203894;0.548897;-0.278400;0.780516;-0.109543;0.577307;-0.305138;0.706024;-0.274113;0.597430;-0.247537;0.728220;-0.226934;0.928050;-0.353111;0.026810;0.115402;0.771248;-0.155051;-0.133041;0.602857;0.267041;-0.203682;-0.015942;0.941779;0.402181;0.104667;-0.079917;0.906040;0.556215;0.117161;-0.060127;0.820538;0.556215;0.117161;-0.060127;0.820538;0.318520;0.101983;0.521750;0.784807;0.389234;0.885153;-0.185568;-0.174830;0.262287;0.694921;-0.573327;-0.345813;-0.324932;-0.569184;0.698318;0.287750;0.531635;-0.467528;0.440841;-0.551762;-0.355474;0.572435;-0.291960;0.678760;-0.355474;0.572435;-0.291960;0.678760;-0.424331;0.012335;-0.097039;0.900208;-0.031006;0.604865;-0.151110;0.781244;0.702785;-0.153304;0.604363;-0.342545;0.578041;-0.369355;0.556733;-0.468503;0.743957;0.130806;0.651077;0.074274;0.257377;0.557332;0.618576;0.490410;-0.046088;0.802342;0.222544;0.551903;0.161647;0.688856;0.458932;0.537335;-0.264609;0.815143;-0.157707;0.490564;0.472957;-0.539286;0.598177;-0.357305;0.472957;-0.539286;0.598177;-0.357305;0.587084;0.041642;0.804308;0.081778;0.357305;0.598177;0.539286;0.472957;0.587084;0.041642;0.804308;0.081778;0.472957;-0.539286;0.598177;-0.357305
15900222;1;0.525994;-0.385752;0.722861;-0.228031;0.552902;-0.279919;0.770051;-0.151547;0.587822;-0.293587;0.702675;-0.272982;0.607820;-0.236292;0.723956;-0.224963;0.930744;-0.344893;0.025191;0.118868;0.770317;-0.158489;-0.132612;0.603247;0.264287;-0.206230;-0.013179;0.942044;0.412506;0.100003;-0.109724;0.898776;0.566628;0.118018;-0.090065;0.810490;0.566628;0.118018;-0.090065;0.810490;0.341185;0.096767;0.495031;0.793205;0.376855;0.892362;-0.189359;-0.160667;0.237418;0.707609;-0.581295;-0.324064;-0.296617;-0.579201;0.709325;0.270931;0.543712;-0.448222;0.448989;-0.549439;-0.311447;0.579080;-0.259152;0.707465;-0.311447;0.579080;-0.259152;0.707465;-0.419661;-0.006858;-0.117046;0.900077;-0.042066;0.608518;-0.151020;0.777901;0.700778;-0.162878;0.605501;-0.340218;0.562036;-0.389723;0.541819;-0.488533;0.746742;0.105701;0.654836;0.048925;0.255307;0.558004;0.620092;0.488810;-0.046978;0.803725;0.223459;0.549442;0.172440;0.684289;0.466709;0.533101;-0.253913;0.817404;-0.149032;0.495145;0.471190;-0.537133;0.603871;-0.353281;0.471190;-0.537133;0.603871;-0.353281;0.582989;0.047191;0.806812;0.083374;0.353281;0.603871;0.537133;0.471190;0.582989;0.047191;0.806812;0.083374;0.471190;-0.537133;0.603871;-0.353281
15933533;1;0.526828;-0.385355;0.723840;-0.223626;0.552892;-0.280510;0.770557;-0.147874;0.588676;-0.293046;0.702045;-0.273345;0.608701;-0.235803;0.723284;-0.225257;0.931347;-0.344768;0.028508;0.113640;0.770566;-0.157750;-0.131510;0.603363;0.263570;-0.204995;-0.012543;0.942524;0.412575;0.100798;-0.109055;0.898737;0.562565;0.118225;-0.089867;0.813306;0.562565;0.118225;-0.089867;0.813306;0.322143;0.102538;0.491779;0.802411;0.376311;0.893623;-0.191037;-0.152748;0.237997;0.709147;-0.576879;-0.328145;-0.300183;-0.575901;0.709941;0.272419;0.517014;-0.463712;0.475478;-0.539989;-0.292987;0.601756;-0.281067;0.687786;-0.292987;0.601756;-0.281067;0.687786;-0.414449;0.024747;-0.138554;0.899123;-0.038637;0.608946;-0.151117;0.777724;0.699807;-0.161503;0.606325;-0.341404;0.562633;-0.389144;0.545440;-0.484259;0.744165;0.108684;0.657012;0.052361;0.256770;0.555685;0.623400;0.486472;-0.046373;0.804322;0.224730;0.548099;0.168845;0.685937;0.466494;0.532320;-0.255924;0.818405;-0.150334;0.492053;0.463248;-0.539887;0.607540;-0.353296;0.463248;-0.539887;0.607540;-0.353296;0.577384;0.047837;0.811353;0.077748;0.353296;0.607540;0.539887;0.463248;0.577384;0.047837;0.811353;0.077748;0.463248;-0.539887;0.607540;-0.353296
15966888;1;0.535775;-0.389526;0.702069;-0.261371;0.574548;-0.254517;0.761480;-0.158946;0.586125;-0.286052;0.706520;-0.274703;0.606267;-0.228472;0.727184;-0.226815;0.932693;-0.341037;0.028372;0.113894;0.772351;-0.155705;-0.136347;0.600533;0.266614;-0.206212;-0.017636;0.941320;0.403321;0.101286;-0.081277;0.905797;0.598686;0.117112;-0.056122;0.790386;0.598686;0.117112;-0.056122;0.790386;0.303919;0.106033;0.517114;0.793085;0.369339;0.895794;-0.179599;-0.169959;0.230403;0.708923;-0.588997;-0.312129;-0.285672;-0.583661;0.713323;0.262491;0.509533;-0.478558;0.487841;-0.522848;-0.273116;0.627845;-0.269846;0.677053;-0.273116;0.627845;-0.269846;0.677053;-0.410548;0.045857;-0.173173;0.894068;-0.038551;0.604594;-0.151502;0.781042;0.703387;-0.157807;0.603029;-0.341613;0.568465;-0.361520;0.537720;-0.506959;0.764160;0.122772;0.631952;0.040289;0.474573;0.423307;0.671022;0.381210;0.040657;0.780463;0.142468;0.607394;0.204389;0.693584;0.397998;0.564591;-0.253730;0.775880;-0.204361;0.540249;0.469627;-0.532907;0.598616;-0.370298;0.469627;-0.532907;0.598616;-0.370298;0.593916;0.046463;0.800107;0.070236;0.370298;0.598616;0.532907;0.469627;0.593916;0.046463;0.800107;0.070236;0.469627;-0.532907;0.598616;-0.370298
16000211;1;0.535992;-0.389579;0.702155;-0.260616;0.574761;-0.253889;0.761796;-0.157663;0.586194;-0.285021;0.707379;-0.273413;0.606232;-0.227375;0.727958;-0.225524;0.933095;-0.339244;0.029745;0.115596;0.775602;-0.144550;-0.123978;0.601811;0.269371;-0.189884;-0.014457;0.944020;0.405245;0.118021;-0.079848;0.903035;0.601521;0.133186;-0.050657;0.786046;0.601521;0.133186;-0.050657;0.786046;0.306066;0.099502;0.515316;0.794275;0.368006;0.896297;-0.180444;-0.169302;0.228326;0.710766;-0.588860;-0.309716;-0.282547;-0.587206;0.712132;0.261196;0.500567;-0.480278;0.489801;-0.528073;-0.272301;0.626328;-0.279794;0.674745;-0.272301;0.626328;-0.279794;0.674745;-0.404721;0.052477;-0.152681;0.900075;-0.039707;0.605485;-0.150469;0.780493;0.701143;-0.163219;0.602224;-0.345087;0.563771;-0.369697;0.535280;-0.508883;0.762209;0.115225;0.635995;0.035658;0.404921;0.489945;0.639408;0.432610;0.031653;0.786492;0.174081;0.591713;0.218913;0.679991;0.437079;0.546491;-0.230453;0.793735;-0.167178;0.537519;0.468460;-0.538730;0.597315;-0.365418;0.468460;-0.538730;0.597315;-0.365418;0.589640;0.041426;0.803305;0.072861;0.365418;0.597315;0.538730;0.468460;0.589640;0.041426;0.803305;0.072861;0.468460;-0.538730;0.597315;-0.365418
16033555;1;0.538650;-0.385786;0.696768;-0.274845;0.583382;-0.235575;0.760803;-0.159213;0.576398;-0.296838;0.705325;-0.286653;0.597529;-0.239319;0.726858;-0.239507;0.926066;-0.357355;0.027135;0.118161;0.777891;-0.138080;-0.127453;0.599646;0.271175;-0.186753;-0.020825;0.944009;0.391387;0.120685;-0.084669;0.908340;0.590122;0.136945;-0.054588;0.793739;0.590122;0.136945;-0.054588;0.793739;0.310662;0.102638;0.518274;0.790156;0.384831;0.887850;-0.175710;-0.180979;0.220500;0.715176;-0.585783;-0.311066;-0.274188;-0.594601;0.707861;0.264959;0.500851;-0.470121;0.469551;-0.554667;-0.276461;0.604164;-0.276548;0.694317;-0.276461;0.604164;-0.276548;0.694317;-0.409407;0.028318;-0.150208;0.899456;-0.042614;0.605591;-0.156663;0.779038;0.704710;-0.151725;0.606897;-0.334724;0.575414;-0.358311;0.547023;-0.491200;0.758007;0.131696;0.636325;0.056316;0.505728;0.419089;0.660096;0.364524;0.087202;0.766441;0.154547;0.617316;0.245368;0.672984;0.420899;0.556534;-0.218782;0.777519;-0.173798;0.563376;0.469171;-0.534978;0.603107;-0.360471;0.469171;-0.534978;0.603107;-0.360471;0.586645;0.048174;0.804748;0.076863;0.360471;0.603107;0.534978;0.469171;0.586645;0.048174;0.804748;0.076863;0.469171;-0.534978;0.603107;-0.360471
16066888;1;0.536475;-0.386552;0.697663;-0.275752;0.583993;-0.223611;0.765607;-0.150984;0.576898;-0.295559;0.708001;-0.280298;0.597519;-0.237830;0.729423;-0.233132;0.928344;-0.351612;0.024115;0.118176;0.779157;-0.142505;-0.132251;0.595916;0.273394;-0.193185;-0.021859;0.942050;0.377350;0.106235;-0.159092;0.906097;0.582869;0.141162;-0.129109;0.789727;0.582869;0.141162;-0.129109;0.789727;0.340566;0.092726;0.459249;0.815173;0.381437;0.889022;-0.177600;-0.180566;0.224049;0.715266;-0.583234;-0.313106;-0.280605;-0.588340;0.711072;0.263616;0.516262;-0.458038;0.480394;-0.541199;-0.270279;0.606848;-0.268911;0.697403;-0.270279;0.606848;-0.268911;0.697403;-0.417307;0.016891;-0.165801;0.893353;-0.051656;0.604276;-0.156740;0.779496;0.705968;-0.157369;0.604162;-0.334414;0.574465;-0.371273;0.543465;-0.486612;0.754138;0.120008;0.642959;0.058968;0.461472;0.483231;0.614876;0.418879;0.099466;0.761250;0.179055;0.615259;0.269872;0.648519;0.460866;0.542398;-0.191162;0.788338;-0.128354;0.570531;0.460722;-0.538542;0.606828;-0.359817;0.460722;-0.538542;0.606828;-0.359817;0.580208;0.048286;0.809899;0.071351;0.359817;0.606828;0.538542;0.460722;0.580208;0.048286;0.809899;0.071351;0.460722;-0.538542;0.606828;-0.359817
16100222;1;0.537270;-0.384708;0.699373;-0.272430;0.583396;-0.224747;0.765905;-0.150090;0.577950;-0.296944;0.706069;-0.281539;0.598666;-0.239366;0.727608;-0.234285;0.927756;-0.353680;0.021139;0.117186;0.781651;-0.137313;-0.118922;0.596679;0.273402;-0.181117;-0.013917;0.944592;0.389147;0.118920;-0.150518;0.900981;0.580785;0.149570;-0.120110;0.791133;0.580785;0.149570;-0.120110;0.791133;0.359268;0.051727;0.452653;0.814467;0.383375;0.887887;-0.179198;-0.180468;0.223843;0.714910;-0.583737;-0.313129;-0.280725;-0.587035;0.712204;0.263341;0.517626;-0.456894;0.481467;-0.539908;-0.271255;0.606501;-0.269663;0.697035;-0.271255;0.606501;-0.269663;0.697035;-0.418903;0.012382;-0.189863;0.887873;-0.050822;0.603288;-0.156119;0.780441;0.705702;-0.158656;0.602675;-0.337039;0.573276;-0.374129;0.542473;-0.486935;0.753530;0.117276;0.644271;0.057916;0.420145;0.508066;0.606935;0.443820;0.084618;0.766018;0.199270;0.605267;0.268259;0.646435;0.470373;0.537502;-0.188812;0.793527;-0.120151;0.565888;0.469171;-0.535210;0.603758;-0.359033;0.469171;-0.535210;0.603758;-0.359033;0.585629;0.048471;0.805372;0.077879;0.359033;0.603758;0.535210;0.469171;0.585629;0.048471;0.805372;0.077879;0.469171;-0.535210;0.603758;-0.359033
16133555;1;0.546991;-0.371869;0.688539;-0.297370;0.598012;-0.215666;0.752237;-0.173233;0.577984;-0.289551;0.706389;-0.288286;0.599241;-0.231971;0.727334;-0.241007;0.927262;-0.354183;0.022030;0.119390;0.778811;-0.138035;-0.125786;0.598813;0.270451;-0.185769;-0.019123;0.944447;0.388459;0.117910;-0.119603;0.906031;0.598998;0.143664;-0.086997;0.782939;0.598998;0.143664;-0.086997;0.782939;0.346286;0.074091;0.488222;0.797644;0.377232;0.891982;-0.168806;-0.183218;0.224153;0.715581;-0.584181;-0.310535;-0.280681;-0.587171;0.713129;0.260566;0.525180;-0.450152;0.486355;-0.533862;-0.257310;0.611015;-0.256589;0.703288;-0.257310;0.611015;-0.256589;0.703288;-0.412332;0.015890;-0.135190;0.900807;-0.051608;0.605503;-0.155045;0.778887;0.702909;-0.163932;0.603207;-0.339391;0.562519;-0.380674;0.534014;-0.503476;0.757549;0.106562;0.642860;0.038661;0.559275;0.397656;0.645915;0.334478;0.133133;0.744438;0.145230;0.637962;0.281601;0.651077;0.430605;0.558012;-0.193967;0.768958;-0.151624;0.589992;0.470686;-0.536535;0.598525;-0.363804;0.470686;-0.536535;0.598525;-0.363804;0.590073;0.043833;0.802609;0.075577;0.363804;0.598525;0.536535;0.470686;0.590073;0.043833;0.802609;0.075577;0.470686;-0.536535;0.598525;-0.363804
16166877;1;0.547177;-0.371721;0.688521;-0.297255;0.598191;-0.215430;0.752215;-0.173006;0.578161;-0.289136;0.706489;-0.288104;0.599403;-0.231549;0.727400;-0.240811;0.927489;-0.353759;0.022278;0.118836;0.779451;-0.137435;-0.125221;0.598237;0.270941;-0.184958;-0.018953;0.944469;0.387159;0.118558;-0.122050;0.906177;0.599962;0.145141;-0.088803;0.781724;0.599962;0.145141;-0.088803;0.781724;0.343372;0.076708;0.486271;0.799845;0.376769;0.892163;-0.168875;-0.183224;0.223526;0.715746;-0.584051;-0.310851;-0.280005;-0.587694;0.712757;0.261131;0.530437;-0.445788;0.483220;-0.535171;-0.261755;0.605673;-0.255712;0.706581;-0.261755;0.605673;-0.255712;0.706581;-0.417684;0.006603;-0.148131;0.896412;-0.052275;0.605170;-0.155581;0.778994;0.703360;-0.163251;0.603196;-0.338805;0.563426;-0.379706;0.534357;-0.502830;0.757734;0.107496;0.642420;0.039753;0.561113;0.391698;0.650758;0.328997;0.141190;0.743285;0.156150;0.634988;0.290069;0.646162;0.441041;0.551197;-0.183092;0.772824;-0.140816;0.591093;0.470854;-0.535635;0.599490;-0.363322;0.470854;-0.535635;0.599490;-0.363322;0.589852;0.045152;0.802655;0.076037;0.363322;0.599490;0.535635;0.470854;0.589852;0.045152;0.802655;0.076037;0.470854;-0.535635;0.599490;-0.363322
16200222;1;0.548241;-0.371744;0.688211;-0.295979;0.600668;-0.207869;0.754068;-0.165437;0.582358;-0.288192;0.705196;-0.283731;0.603236;-0.230712;0.726036;-0.236116;0.929695;-0.349973;0.018704;0.113295;0.776599;-0.142399;-0.126723;0.600464;0.263543;-0.189909;-0.016449;0.945626;0.398527;0.114380;-0.125865;0.901250;0.611788;0.142286;-0.093162;0.772522;0.611788;0.142286;-0.093162;0.772522;0.346533;0.077361;0.479548;0.802473;0.374057;0.893830;-0.171578;-0.178073;0.216864;0.719563;-0.585440;-0.304072;-0.272090;-0.591324;0.714735;0.255845;0.522986;-0.454513;0.480372;-0.537723;-0.253769;0.612493;-0.249384;0.705877;-0.253769;0.612493;-0.249384;0.705877;-0.418212;0.013087;-0.163290;0.893456;-0.055735;0.602832;-0.157634;0.780153;0.704224;-0.163605;0.601289;-0.340226;0.550567;-0.402690;0.525202;-0.508803;0.752877;0.084665;0.652151;0.026581;0.521495;0.414915;0.655842;0.354626;0.131953;0.753113;0.187233;0.616728;0.295487;0.632471;0.483819;0.527813;-0.162544;0.793155;-0.100924;0.578186;0.457079;-0.536795;0.604603;-0.370655;0.457079;-0.536795;0.604603;-0.370655;0.585296;0.047947;0.807090;0.061110;0.370655;0.604603;0.536795;0.457079;0.585296;0.047947;0.807090;0.061110;0.457079;-0.536795;0.604603;-0.370655
16233555;1;0.548119;-0.371789;0.688240;-0.296082;0.600555;-0.207985;0.754085;-0.165628;0.582057;-0.288360;0.705211;-0.284139;0.602969;-0.230878;0.726065;-0.236547;0.929561;-0.350375;0.019234;0.113069;0.776583;-0.143080;-0.125741;0.600530;0.263174;-0.189874;-0.015192;0.945757;0.398020;0.113920;-0.123652;0.901838;0.611613;0.141307;-0.091105;0.773086;0.611613;0.141307;-0.091105;0.773086;0.347014;0.071305;0.480194;0.802441;0.374481;0.893554;-0.171877;-0.178283;0.217374;0.719156;-0.585850;-0.303881;-0.272636;-0.590612;0.715250;0.255470;0.520404;-0.456230;0.481884;-0.537420;-0.253318;0.614049;-0.251599;0.703897;-0.253318;0.614049;-0.251599;0.703897;-0.414652;0.017295;-0.157512;0.896077;-0.055453;0.602971;-0.157328;0.780127;0.703945;-0.164145;0.601201;-0.340698;0.550559;-0.402281;0.525211;-0.509126;0.753098;0.084959;0.651868;0.026345;0.520769;0.416229;0.654876;0.355937;0.131302;0.753159;0.186579;0.617008;0.294413;0.632802;0.483382;0.528417;-0.163735;0.793081;-0.101460;0.577858;0.457535;-0.534329;0.604281;-0.374164;0.457535;-0.534329;0.604281;-0.374164;0.588100;0.049463;0.805119;0.058952;0.374164;0.604281;0.534329;0.457535;0.588100;0.049463;0.805119;0.058952;0.457535;-0.534329;0.604281;-0.374164
16266888;1;0.548219;-0.371765;0.688106;-0.296237;0.600680;-0.208024;0.753940;-0.165782;0.582482;-0.288366;0.704737;-0.284441;0.603416;-0.230922;0.725592;-0.236814;0.929505;-0.350659;0.018730;0.112727;0.777035;-0.142751;-0.125716;0.600028;0.264517;-0.189584;-0.015505;0.945435;0.398451;0.114847;-0.126323;0.901160;0.611003;0.142770;-0.093615;0.772999;0.611003;0.142770;-0.093615;0.772999;0.356046;0.073749;0.480640;0.797983;0.374629;0.893654;-0.172303;-0.177054;0.217117;0.719711;-0.586244;-0.301984;-0.271803;-0.591670;0.715257;0.253884;0.520774;-0.457692;0.487852;-0.530389;-0.256246;0.617947;-0.256172;0.697751;-0.256246;0.617947;-0.256172;0.697751;-0.417238;0.018713;-0.182302;0.890128;-0.055217;0.602858;-0.157487;0.780199;0.704004;-0.163749;0.601237;-0.340702;0.552859;-0.396391;0.526168;-0.510263;0.755511;0.089817;0.648382;0.027131;0.541763;0.401377;0.656131;0.338941;0.150239;0.745759;0.188153;0.621185;0.306017;0.627937;0.484831;0.526297;-0.153978;0.790686;-0.097063;0.584539;0.460609;-0.534627;0.603458;-0.371285;0.460609;-0.534627;0.603458;-0.371285;0.588237;0.048671;0.804748;0.063162;0.371285;0.603458;0.534627;0.460609;0.588237;0.048671;0.804748;0.063162;0.460609;-0.534627;0.603458;-0.371285
16300200;1;0.546137;-0.372350;0.689226;-0.296746;0.600671;-0.199512;0.757543;-0.159743;0.577093;-0.292399;0.706376;-0.287227;0.598269;-0.234811;0.727549;-0.240023;0.926779;-0.354898;0.026892;0.120019;0.778620;-0.147461;-0.130174;0.595869;0.268581;-0.196019;-0.016329;0.942960;0.395120;0.111170;-0.080397;0.908327;0.600677;0.127158;-0.051510;0.787632;0.600677;0.127158;-0.051510;0.787632;0.319516;0.099934;0.523465;0.783522;0.381002;0.891175;-0.176346;-0.171890;0.213269;0.718413;-0.590866;-0.298793;-0.265478;-0.594973;0.715015;0.253539;0.506002;-0.465694;0.486574;-0.538829;-0.258025;0.617720;-0.268416;0.692674;-0.258025;0.617720;-0.268416;0.692674;-0.421221;0.023663;-0.195377;0.885348;-0.055502;0.604683;-0.154492;0.779365;0.696545;-0.179140;0.597895;-0.353915;0.550388;-0.392210;0.523830;-0.518504;0.759540;0.091093;0.643754;0.019537;0.525871;0.417609;0.650015;0.355729;0.144093;0.748091;0.192944;0.618360;0.302997;0.629822;0.483874;0.526672;-0.156397;0.791339;-0.099055;0.582675;0.481917;-0.524174;0.600630;-0.363650;0.481917;-0.524174;0.600630;-0.363650;0.597906;0.054062;0.795356;0.083628;0.363650;0.600630;0.524174;0.481917;0.597906;0.054062;0.795356;0.083628;0.481917;-0.524174;0.600630;-0.363650
16333555;1;0.546158;-0.372191;0.689350;-0.296618;0.600672;-0.199276;0.757640;-0.159573;0.576910;-0.292140;0.706629;-0.287235;0.598087;-0.234532;0.727781;-0.240046;0.926907;-0.354706;0.027365;0.119492;0.779023;-0.147607;-0.129956;0.595354;0.269341;-0.196003;-0.016093;0.942751;0.396456;0.111102;-0.080281;0.907763;0.600913;0.127004;-0.051564;0.787473;0.600913;0.127004;-0.051564;0.787473;0.330485;0.089667;0.523600;0.780117;0.380861;0.891131;-0.176648;-0.172119;0.213496;0.718282;-0.591253;-0.298179;-0.265574;-0.594807;0.715342;0.252906;0.504270;-0.468844;0.488977;-0.535536;-0.258023;0.621429;-0.269702;0.688848;-0.258023;0.621429;-0.269702;0.688848;-0.418471;0.031372;-0.183561;0.888934;-0.056064;0.604687;-0.154522;0.779316;0.697148;-0.178515;0.598094;-0.352706;0.550852;-0.394956;0.524780;-0.514954;0.757382;0.089830;0.646376;0.022389;0.523277;0.418995;0.650022;0.357905;0.140228;0.749263;0.191421;0.618303;0.299259;0.631438;0.482394;0.528230;-0.160162;0.791436;-0.101222;0.581147;0.480093;-0.528849;0.601082;-0.358511;0.480093;-0.528849;0.601082;-0.358511;0.592982;0.051076;0.798982;0.085971;0.358511;0.601082;0.528849;0.480093;0.592982;0.051076;0.798982;0.085971;0.480093;-0.528849;0.601082;-0.358511
16366877;1;0.542070;-0.388091;0.694588;-0.270358;0.589863;-0.217136;0.765453;-0.137821;0.575643;-0.296654;0.706355;-0.285821;0.596710;-0.239054;0.727870;-0.238738;0.925810;-0.356367;0.029750;0.122444;0.777684;-0.148209;-0.124913;0.598029;0.267435;-0.193465;-0.011846;0.943880;0.406365;0.109799;-0.141186;0.896035;0.592729;0.138053;-0.113713;0.785292;0.592729;0.138053;-0.113713;0.785292;0.365329;0.067964;0.464112;0.804062;0.386391;0.886723;-0.185726;-0.173001;0.225254;0.716629;-0.585927;-0.303964;-0.279775;-0.589815;0.713431;0.254675;0.503177;-0.477585;0.495373;-0.522812;-0.264918;0.630755;-0.275008;0.675528;-0.264918;0.630755;-0.275008;0.675528;-0.404571;0.054357;-0.138247;0.902361;-0.051189;0.605684;-0.150993;0.779569;0.697585;-0.177452;0.598517;-0.351658;0.550166;-0.393852;0.523672;-0.517654;0.758790;0.089819;0.644803;0.019990;0.465587;0.466349;0.632214;0.407495;0.113351;0.757667;0.207582;0.608278;0.288710;0.627902;0.496721;0.525028;-0.165322;0.798957;-0.088530;0.571401;0.478624;-0.529741;0.610117;-0.343586;0.478624;-0.529741;0.610117;-0.343586;0.581390;0.056834;0.806001;0.095487;0.343586;0.610117;0.529741;0.478624;0.581390;0.056834;0.806001;0.095487;0.478624;-0.529741;0.610117;-0.343586
16400222;1;0.534778;-0.375606;0.716983;-0.242626;0.564546;-0.266549;0.764262;-0.161687;0.589805;-0.297395;0.699841;-0.271861;0.609707;-0.240315;0.721436;-0.223687;0.930816;-0.346992;0.016713;0.113571;0.768787;-0.173816;-0.123469;0.602918;0.257884;-0.213158;0.004473;0.942359;0.424835;0.102805;-0.235746;0.867969;0.570284;0.142504;-0.214097;0.780148;0.570284;0.142504;-0.214097;0.780148;0.389322;0.094449;0.375815;0.835626;0.376889;0.897630;-0.182802;-0.137104;0.234137;0.707976;-0.587178;-0.314916;-0.293936;-0.571976;0.720313;0.259988;0.509246;-0.476440;0.503746;-0.509818;-0.281684;0.630235;-0.289064;0.663249;-0.281684;0.630235;-0.289064;0.663249;-0.380334;0.053655;-0.219733;0.896763;-0.035666;0.612669;-0.142901;0.776495;0.694474;-0.175426;0.604211;-0.349086;0.527554;-0.421769;0.515835;-0.526984;0.749405;0.064363;0.658971;-0.002422;0.333837;0.567521;0.575817;0.484673;0.071782;0.769578;0.247814;0.584111;0.264653;0.605588;0.552525;0.507876;-0.170000;0.822242;-0.033169;0.542142;0.473773;-0.537434;0.615371;-0.328668;0.473773;-0.537434;0.615371;-0.328668;0.567411;0.055109;0.815156;0.102605;0.328668;0.615371;0.537434;0.473773;0.567411;0.055109;0.815156;0.102605;0.473773;-0.537434;0.615371;-0.328668
16433555;1;0.560338;-0.330324;0.719127;-0.244466;0.579948;-0.264716;0.745777;-0.193397;0.581068;-0.300080;0.700344;-0.286061;0.602137;-0.242950;0.722152;-0.238542;0.920552;-0.355758;0.064644;0.147787;0.770866;-0.171379;-0.163861;0.591222;0.266265;-0.235287;-0.029346;0.934281;0.426436;0.069325;-0.398118;0.809227;0.538588;0.125967;-0.383975;0.739337;0.538588;0.125967;-0.383975;0.739337;0.407041;0.032535;0.190716;0.892685;0.385740;0.891192;-0.171033;-0.166520;0.275452;0.677860;-0.585355;-0.349273;-0.336093;-0.555993;0.702144;0.291388;0.526512;-0.477371;0.450316;-0.540479;-0.356126;0.583461;-0.300401;0.665212;-0.356126;0.583461;-0.300401;0.665212;-0.406171;0.029587;-0.113858;0.906193;-0.035112;0.618191;-0.149369;0.770906;0.679591;-0.189160;0.607248;-0.365545;-0.478342;0.479390;-0.495666;0.543773;0.726478;0.009008;0.685403;-0.048705;0.312900;0.572018;0.532914;0.539344;0.076429;0.735219;0.265866;0.618811;0.285897;0.603570;0.492616;0.557938;-0.190411;0.778916;-0.074161;0.592903;0.501539;-0.541698;0.587008;-0.332331;0.501539;-0.541698;0.587008;-0.332331;0.589635;0.032040;0.798116;0.119648;0.332331;0.587008;0.541698;0.501538;0.589635;0.032040;0.798116;0.119648;0.501539;-0.541698;0.587008;-0.332331
16466888;1;0.582011;-0.296058;0.721208;-0.231240;0.598501;-0.237991;0.742396;-0.184404;0.552670;-0.331302;0.695570;-0.317770;0.576373;-0.274455;0.719898;-0.272426;0.900502;-0.401772;0.054480;0.157185;0.763126;-0.168061;-0.184334;0.596168;0.280250;-0.243567;-0.053835;0.926950;0.444149;-0.004288;-0.436799;0.782253;0.540765;0.051743;-0.433745;0.718861;0.540765;0.051743;-0.433745;0.718861;0.415731;0.027654;0.157104;0.895389;0.428854;0.867433;-0.161078;-0.194164;0.298522;0.663368;-0.578985;-0.368244;-0.361500;-0.544792;0.691724;0.306654;0.561613;-0.449576;0.386051;-0.577440;-0.430575;0.519477;-0.285128;0.680773;-0.430575;0.519477;-0.285128;0.680773;-0.435730;-0.034049;-0.017018;0.899272;-0.051383;0.618334;-0.159998;0.767739;0.680365;-0.188494;0.610301;-0.359313;-0.468694;0.487387;-0.485920;0.553771;0.726673;-0.003613;0.684123;-0.062527;0.320963;0.568263;0.509641;0.560647;0.081331;0.720372;0.252498;0.640855;0.278183;0.585493;0.504140;0.570662;-0.204725;0.774218;-0.053164;0.596530;0.504228;-0.543597;0.584676;-0.329258;0.504228;-0.543597;0.584676;-0.329258;0.589364;0.029048;0.797809;0.123722;0.329258;0.584676;0.543597;0.504228;0.589364;0.029048;0.797809;0.123722;0.504228;-0.543597;0.584676;-0.329258
16500211;1;0.578429;-0.294993;0.729533;-0.214895;0.588976;-0.256033;0.744102;-0.184030;0.548219;-0.335405;0.696717;-0.318661;0.572007;-0.278453;0.721371;-0.273671;0.898313;-0.404886;0.055503;0.161312;0.755349;-0.174634;-0.196246;0.600365;0.283564;-0.255000;-0.063124;0.922270;0.433305;-0.028459;-0.469307;0.768888;0.555643;0.050328;-0.467467;0.685713;0.555643;0.050328;-0.467467;0.685713;0.414406;0.037874;0.125896;0.900546;0.432921;0.866450;-0.157169;-0.192720;0.297174;0.662811;-0.582147;-0.365341;-0.358691;-0.545817;0.693035;0.305167;0.592137;-0.402295;0.300914;-0.630066;0.509212;-0.436585;0.248565;-0.698794;0.509212;-0.436585;0.248565;-0.698794;-0.454755;-0.120731;0.026857;0.881987;-0.057020;0.619706;-0.157770;0.766695;0.682921;-0.190274;0.610560;-0.353032;-0.477872;0.477539;-0.487448;0.553164;0.732722;0.004489;0.678232;-0.055673;0.320810;0.562891;0.515775;0.560544;0.071225;0.721737;0.248996;0.641891;0.263683;0.587364;0.504992;0.574854;-0.217976;0.776103;-0.053800;0.589284;0.466481;-0.551886;0.606852;-0.330981;0.466481;-0.551886;0.606852;-0.330981;0.563890;0.038867;0.819352;0.095813;0.330981;0.606852;0.551886;0.466481;0.563890;0.038867;0.819352;0.095813;0.466481;-0.551886;0.606852;-0.330981
16533555;1;0.567434;-0.302304;0.728106;-0.237681;0.588582;-0.227036;0.754971;-0.179011;0.532537;-0.341639;0.701354;-0.328314;0.557150;-0.284295;0.726493;-0.284551;0.889221;-0.417403;0.027339;0.185240;0.744886;-0.186857;-0.229253;0.598057;0.319236;-0.279473;-0.096782;0.900342;0.409612;-0.013012;-0.435751;0.801355;0.519025;0.048861;-0.433198;0.735231;0.519025;0.048861;-0.433198;0.735231;0.352744;-0.031984;0.155995;0.922071;0.449380;0.840936;-0.187155;-0.236343;0.313027;0.662985;-0.561449;-0.383719;-0.382260;-0.539876;0.680667;0.314808;0.680690;0.172408;-0.276894;-0.655947;0.680861;0.172336;-0.276939;-0.655769;0.680861;0.172336;-0.276939;-0.655769;0.358172;0.650172;-0.544641;-0.390327;-0.083899;0.627025;-0.180186;0.753215;0.676494;-0.192018;0.623551;-0.341569;-0.482152;0.488442;-0.504376;0.523983;0.715304;0.008819;0.698026;-0.031980;0.070422;0.279434;0.837402;0.464452;-0.265801;0.776202;0.420534;0.387312;0.014943;0.672153;0.554408;0.490529;-0.335338;0.869715;-0.077750;0.353694;0.471345;-0.549682;0.597283;-0.344872;0.471345;-0.549682;0.597283;-0.344872;0.577153;0.033658;0.811027;0.089430;0.344872;0.597283;0.549682;0.471345;0.577153;0.033658;0.811027;0.089430;0.471345;-0.549682;0.597283;-0.344872
16566888;1;0.572959;-0.300985;0.723827;-0.239168;0.592314;-0.233994;0.748174;-0.186136;0.536869;-0.354862;0.693441;-0.324011;0.561124;-0.298110;0.719666;-0.279914;0.882501;-0.422610;0.019780;0.205429;0.739331;-0.185711;-0.237467;0.602089;0.332569;-0.280399;-0.110705;0.893599;0.375422;-0.025672;-0.242536;0.894190;0.525405;0.016957;-0.243300;0.815148;0.525405;0.016957;-0.243300;0.815148;0.316107;0.010706;0.369527;0.873734;0.456666;0.853625;-0.167168;-0.186644;0.334593;0.649950;-0.549984;-0.403894;-0.412029;-0.519797;0.674335;0.324523;0.543654;0.451153;-0.461095;-0.536928;0.628725;0.364117;-0.532510;-0.434232;0.628725;0.364117;-0.532510;-0.434232;0.368589;0.667396;-0.647076;-0.004182;-0.084650;0.627710;-0.187004;0.750896;0.668326;-0.198688;0.624157;-0.352550;-0.477716;0.477327;-0.508497;0.534207;0.719335;0.019549;0.693092;-0.042420;0.315738;0.342755;0.771267;0.433562;-0.063255;0.775801;0.332327;0.532626;0.088062;0.631262;0.566198;0.522660;-0.305834;0.849424;-0.040751;0.428117;0.494948;-0.541269;0.607534;-0.304890;0.494948;-0.541269;0.607534;-0.304890;0.565570;0.046856;0.812326;0.134391;0.304890;0.607534;0.541269;0.494948;0.565570;0.046856;0.812326;0.134391;0.494948;-0.541269;0.607534;-0.304890
16600222;1;0.566488;-0.286221;0.725139;-0.267099;0.581723;-0.241464;0.741246;-0.232054;0.540927;-0.341600;0.702188;-0.312473;0.564243;-0.284189;0.727320;-0.268088;0.893524;-0.404277;0.034535;0.192307;0.738441;-0.202706;-0.268714;0.584301;0.352859;-0.309073;-0.133308;0.873037;0.328153;-0.096303;-0.547672;0.763608;0.556134;0.084800;-0.549571;0.617653;0.556134;0.084800;-0.549571;0.617653;0.382705;-0.079261;0.042622;0.919477;0.435058;0.864211;-0.148193;-0.204704;0.347040;0.637640;-0.554289;-0.407114;-0.426107;-0.504284;0.677878;0.323438;0.674627;0.187619;-0.226075;-0.677176;0.759477;0.155551;-0.249228;-0.580418;0.759477;0.155551;-0.249228;-0.580418;0.383807;0.632422;-0.532274;-0.411606;-0.094036;0.643375;-0.191014;0.735350;0.660501;-0.204673;0.639207;-0.336543;-0.470520;0.476625;-0.509990;0.539768;0.718152;0.021049;0.693663;-0.051446;0.306155;0.452498;0.702831;0.455570;0.016921;0.757113;0.354261;0.548628;0.206869;0.595816;0.582286;0.512984;-0.214457;0.836043;-0.004899;0.504992;0.468897;-0.572542;0.576595;-0.346223;0.468897;-0.572542;0.576595;-0.346223;0.576377;0.002866;0.812562;0.086743;0.346223;0.576595;0.572542;0.468897;0.576377;0.002866;0.812562;0.086743;0.468897;-0.572542;0.576595;-0.346223
16633544;1;0.568079;-0.277707;0.714843;-0.298603;0.586303;-0.230611;0.731396;-0.261011;0.538655;-0.347407;0.685714;-0.344901;0.564579;-0.291298;0.711365;-0.300593;0.876049;-0.436053;0.020836;0.204847;0.740986;-0.208029;-0.265418;0.580704;0.387539;-0.307337;-0.138804;0.857957;0.301065;-0.121846;-0.553155;0.767159;0.568076;0.095690;-0.558274;0.597045;0.568076;0.095690;-0.558274;0.597045;0.388527;-0.178491;0.022989;0.903692;0.458132;0.842169;-0.180544;-0.219706;0.323231;0.664188;-0.552664;-0.385926;-0.408564;-0.507042;0.699636;0.294096;0.677751;0.261856;-0.318084;-0.609022;0.684411;0.258340;-0.320946;-0.601528;0.684411;0.258340;-0.320946;-0.601528;0.351059;0.668189;-0.590329;-0.285996;-0.119298;0.640841;-0.205932;0.729851;0.658311;-0.214400;0.638102;-0.336874;-0.480835;0.462240;-0.514049;0.539339;0.725125;0.034158;0.686364;-0.043945;0.422051;0.466737;0.646688;0.431072;0.116381;0.745065;0.284443;0.591968;0.260978;0.624154;0.517190;0.524249;-0.184362;0.810592;-0.071247;0.551248;0.482142;-0.546804;0.609604;-0.311333;0.482142;-0.546804;0.609604;-0.311333;0.561072;0.044406;0.817703;0.120780;0.311333;0.609604;0.546804;0.482142;0.561072;0.044406;0.817703;0.120780;0.482142;-0.546804;0.609604;-0.311333
16666888;1;0.541799;-0.311392;0.743847;-0.237026;0.559993;-0.247007;0.767633;-0.190092;0.528497;-0.366276;0.699264;-0.312349;0.551843;-0.309020;0.726385;-0.268961;0.881773;-0.418867;0.017450;0.216154;0.743948;-0.201774;-0.275295;0.574492;0.417865;-0.301836;-0.159357;0.841955;0.298173;-0.165216;-0.552916;0.760316;0.615191;0.108374;-0.566805;0.537147;0.615191;0.108374;-0.566805;0.537147;0.373942;-0.212297;0.030614;0.902308;0.460987;0.838105;-0.160052;-0.243831;0.346304;0.654746;-0.543613;-0.394799;-0.429975;-0.507324;0.683250;0.301520;0.689079;-0.014004;-0.090542;-0.718871;0.774130;-0.025295;-0.088058;-0.626361;0.774130;-0.025295;-0.088058;-0.626361;0.595264;0.471542;-0.422667;-0.494632;-0.148428;0.648558;-0.237670;0.707711;0.642369;-0.225484;0.652936;-0.331954;-0.459412;0.497302;-0.518849;0.521945;0.697829;0.012650;0.714636;-0.046584;0.274302;0.463629;0.743619;0.396026;0.030936;0.780688;0.398047;0.480758;0.205059;0.620456;0.605215;0.454642;-0.174665;0.869435;-0.006208;0.462100;0.506493;-0.546503;0.578600;-0.331694;0.506493;-0.546503;0.578600;-0.331694;0.592688;0.022696;0.795568;0.123602;0.331694;0.578600;0.546503;0.506493;0.592688;0.022696;0.795568;0.123602;0.506493;-0.546503;0.578600;-0.331694
16700222;1;0.532974;-0.332845;0.738243;-0.245257;0.548307;-0.282277;0.759018;-0.208737;0.529436;-0.376031;0.698817;-0.299923;0.551783;-0.318779;0.726721;-0.256500;0.885279;-0.414801;0.056441;0.202572;0.734692;-0.193514;-0.287234;0.583333;0.386043;-0.303557;-0.166744;0.854997;-0.383375;0.285363;0.625598;-0.616619;0.569270;-0.057054;-0.685237;0.450696;0.569270;-0.057054;-0.685237;0.450696;0.458658;-0.197542;-0.056573;0.864528;0.455682;0.865172;-0.113722;-0.175781;0.307761;0.674018;-0.562504;-0.366840;-0.388168;-0.515888;0.710332;0.280381;0.683179;-0.188390;0.046014;-0.704030;0.563387;-0.193293;0.015677;-0.803111;0.563387;-0.193293;0.015677;-0.803111;0.542627;0.358065;-0.340568;-0.679234;-0.158636;0.645253;-0.243863;0.706409;0.643516;-0.227153;0.651365;-0.331682;-0.454692;0.475917;-0.505228;0.558125;0.719839;0.018058;0.689775;-0.075607;0.252671;0.264263;0.904593;0.219166;0.012529;0.841289;0.424634;0.334307;0.247816;0.501643;0.780302;0.279410;-0.019690;0.907835;0.200862;0.367563;0.446725;-0.569384;0.607033;-0.328253;0.446725;-0.569384;0.607033;-0.328253;0.547992;0.026621;0.831852;0.083773;0.328253;0.607033;0.569384;0.446725;0.547992;0.026621;0.831852;0.083773;0.446725;-0.569384;0.607033;-0.328253
16733555;1;0.535569;-0.366978;0.724884;-0.230295;0.556554;-0.289870;0.759016;-0.173545;0.520444;-0.393042;0.695475;-0.301613;0.542955;-0.336004;0.724755;-0.258906;0.876269;-0.426169;0.045529;0.220135;0.734549;-0.195754;-0.299036;0.576797;0.419777;-0.304284;-0.187493;0.834293;0.398977;-0.292507;-0.580427;0.646809;0.623270;-0.037595;-0.648878;0.434833;0.623270;-0.037595;-0.648878;0.434833;0.516670;-0.160106;-0.015447;0.840940;0.471405;0.857096;-0.106072;-0.178644;0.342525;0.650397;-0.546043;-0.401867;-0.428242;-0.501938;0.685009;0.308916;0.671567;-0.295346;0.204570;-0.648012;0.537748;-0.328542;0.145390;-0.762725;0.537748;-0.328542;0.145390;-0.762725;-0.492473;-0.250411;0.256616;0.793040;-0.165075;0.626652;-0.262674;0.714885;0.643739;-0.220451;0.642762;-0.351936;0.460097;-0.498851;0.523992;-0.514677;0.693219;0.015208;0.719402;-0.040959;0.281515;0.279740;0.884297;0.245997;0.026305;0.821835;0.429858;0.372984;0.378908;0.500798;0.713365;0.311031;0.050840;0.860774;0.153523;0.482612;0.501893;-0.550112;0.596014;-0.300412;0.501893;-0.550112;0.596014;-0.300412;0.567315;0.032458;0.810434;0.142468;0.300412;0.596014;0.550112;0.501893;0.567315;0.032458;0.810434;0.142468;0.501893;-0.550112;0.596014;-0.300412
16766877;1;0.517268;-0.383577;0.722957;-0.250272;0.544700;-0.289343;0.765557;-0.183042;0.526527;-0.407763;0.680575;-0.305478;0.549328;-0.351873;0.711083;-0.262271;0.866015;-0.438788;0.010496;0.239527;0.735410;-0.211376;-0.274553;0.582333;0.432724;-0.305218;-0.164017;0.832280;0.414694;-0.190084;-0.605903;0.651750;0.617780;0.035646;-0.634019;0.463786;0.617780;0.035646;-0.634019;0.463786;0.459464;-0.123392;-0.034297;0.878914;0.490119;0.835718;-0.125077;-0.213807;0.326003;0.668359;-0.552869;-0.375971;-0.409350;-0.509647;0.701874;0.282957;0.708869;0.002595;-0.140227;-0.691255;0.750192;-0.006066;-0.140120;-0.646175;0.750192;-0.006066;-0.140120;-0.646175;0.573489;0.490582;-0.470575;-0.457164;-0.191592;0.614267;-0.285927;0.710081;0.643740;-0.221296;0.640433;-0.355630;0.459417;-0.498292;0.522669;-0.517164;0.694482;0.014660;0.718062;-0.043200;0.251553;0.311835;0.885931;0.233682;0.027198;0.829071;0.441269;0.342320;0.351217;0.515416;0.724173;0.294221;0.043001;0.878579;0.150947;0.451072;0.481281;-0.555054;0.611655;-0.293534;0.481281;-0.555054;0.611655;-0.293534;0.547877;0.040023;0.824988;0.132757;0.293534;0.611655;0.555054;0.481281;0.547877;0.040023;0.824988;0.132757;0.481281;-0.555054;0.611655;-0.293534
16800222;1;0.490673;-0.448415;0.691736;-0.282252;0.535564;-0.307979;0.764672;-0.183295;0.523303;-0.391262;0.707979;-0.268019;0.543111;-0.333227;0.737075;-0.225190;0.889927;-0.397806;0.034316;0.220463;0.743992;-0.185449;-0.248833;0.591749;0.445343;-0.269471;-0.153931;0.839858;-0.451813;0.333235;0.608400;-0.560954;0.619387;-0.099558;-0.686502;0.367646;0.619387;-0.099558;-0.686502;0.367646;0.539814;-0.136195;-0.070679;0.827681;0.455521;0.865887;-0.108211;-0.176153;0.302904;0.695380;-0.554233;-0.342815;-0.381743;-0.527011;0.716231;0.252082;0.710948;-0.233176;0.115898;-0.653261;0.582093;-0.250196;0.072145;-0.770302;0.582093;-0.250196;0.072145;-0.770302;-0.366058;-0.353780;0.417587;0.752637;-0.206544;0.609592;-0.311272;0.699176;0.634526;-0.221826;0.647558;-0.358941;0.465981;-0.490323;0.548195;-0.491862;0.681376;0.038430;0.730630;-0.020758;0.207324;0.340160;0.892563;0.211281;0.020528;0.838351;0.457730;0.295347;0.277738;0.567714;0.723037;0.278890;0.001408;0.914539;0.113551;0.388231;0.473290;-0.549923;0.592834;-0.349470;0.473290;-0.549923;0.592834;-0.349470;0.581779;0.030342;0.808051;0.087554;0.349470;0.592834;0.549923;0.473290;0.581779;0.030342;0.808051;0.087554;0.473290;-0.549923;0.592834;-0.349470
16833544;1;0.491893;-0.464860;0.684090;-0.271968;0.536266;-0.319022;0.763086;-0.168356;0.523078;-0.394497;0.708170;-0.263166;0.542498;-0.336436;0.737525;-0.220371;0.890660;-0.396776;0.045163;0.217380;0.744638;-0.201327;-0.246198;0.586829;0.426321;-0.286601;-0.137862;0.846820;0.500863;-0.124847;-0.487503;0.704195;0.685315;0.023570;-0.502683;0.526401;0.685315;0.023570;-0.502683;0.526401;0.515734;-0.054621;0.096273;0.849568;0.454942;0.867701;-0.103369;-0.171572;0.315005;0.687304;-0.555332;-0.346397;-0.397209;-0.510745;0.721056;0.247878;0.736048;-0.283435;0.200045;-0.581275;0.516463;-0.331893;0.100998;-0.782887;0.516463;-0.331893;0.100998;-0.782887;-0.371358;-0.310562;0.416762;0.769385;-0.197712;0.617293;-0.310369;0.695363;0.624604;-0.229645;0.651682;-0.363928;0.459294;-0.489613;0.553243;-0.493205;0.677595;0.042460;0.733732;-0.026447;0.234311;0.345409;0.883863;0.211132;0.040533;0.837564;0.446066;0.312839;0.296968;0.583901;0.697484;0.290492;0.006717;0.908164;0.083980;0.410049;0.487518;-0.507072;0.616280;-0.354122;0.487518;-0.507072;0.616280;-0.354122;0.595129;0.077222;0.794330;0.094326;0.354122;0.616280;0.507072;0.487518;0.595129;0.077222;0.794330;0.094326;0.487518;-0.507072;0.616280;-0.354122
16866888;1;0.488019;-0.460218;0.676772;-0.303343;0.541484;-0.305298;0.759351;-0.192286;0.514273;-0.425345;0.686267;-0.289211;0.535809;-0.368941;0.718166;-0.247038;0.867001;-0.436848;0.042161;0.235996;0.745281;-0.194628;-0.207554;0.602990;0.427296;-0.263279;-0.107902;0.858172;0.524404;-0.166242;-0.599020;0.581842;0.671263;0.015633;-0.621463;0.403665;0.671263;0.015633;-0.621463;0.403665;0.540205;-0.029000;-0.050911;0.839491;0.495412;0.848306;-0.106929;-0.153328;0.318535;0.692304;-0.541335;-0.355256;-0.413611;-0.488429;0.730593;0.237902;0.760390;-0.317162;0.184770;-0.535794;-0.463458;0.365502;-0.033759;0.806520;-0.463458;0.365502;-0.033759;0.806520;-0.366104;-0.337790;0.434217;0.750548;-0.202752;0.624735;-0.315361;0.684942;0.619208;-0.234899;0.659253;-0.356075;0.450882;-0.495237;0.548475;-0.500620;0.676858;0.035046;0.734317;-0.037594;0.214584;0.338058;0.893567;0.202998;0.026287;0.845316;0.445147;0.294268;0.290385;0.597141;0.692009;0.283236;0.007075;0.913651;0.070765;0.400231;0.498044;-0.497388;0.653012;-0.279522;0.498044;-0.497388;0.653012;-0.279522;0.549822;0.110043;0.813456;0.154518;0.279522;0.653012;0.497388;0.498044;0.549822;0.110043;0.813456;0.154518;0.498044;-0.497388;0.653012;-0.279522
16900222;1;0.486255;-0.461252;0.676366;-0.305501;0.535790;-0.323078;0.752227;-0.206648;0.502711;-0.443035;0.674503;-0.309914;0.525945;-0.387518;0.707859;-0.268602;0.854886;-0.464780;0.036636;0.227612;0.743146;-0.197397;-0.191448;0.610014;0.436082;-0.257611;-0.096200;0.856863;0.540059;-0.143375;-0.574981;0.597642;0.688627;0.027342;-0.591957;0.417892;0.688627;0.027342;-0.591957;0.417892;0.510614;-0.035539;-0.016203;0.858923;0.517891;0.837265;-0.088751;-0.151327;0.308104;0.706985;-0.548874;-0.322461;-0.390976;-0.508645;0.736458;0.214586;0.775969;-0.276550;0.106464;-0.556828;0.568772;-0.295854;0.016892;-0.767257;0.568772;-0.295854;0.016892;-0.767257;-0.414598;-0.370452;0.458171;0.693508;-0.208915;0.626676;-0.325817;0.676369;0.613992;-0.236291;0.665650;-0.352264;0.454302;-0.485796;0.558397;-0.495787;0.675879;0.048770;0.734708;-0.031833;0.223805;0.334959;0.889933;0.213852;0.025400;0.841448;0.442845;0.308557;0.259660;0.612633;0.684145;0.298670;-0.025704;0.919047;0.054463;0.389520;0.497833;-0.499909;0.654735;-0.271247;0.497833;-0.499909;0.654735;-0.271247;0.543822;0.109478;0.816457;0.160221;0.271247;0.654735;0.499909;0.497833;0.543822;0.109478;0.816457;0.160221;0.497833;-0.499909;0.654735;-0.271247
16933555;1;0.481266;-0.468231;0.673831;-0.308375;0.522567;-0.360303;0.737204;-0.231594;0.498427;-0.447461;0.671941;-0.315981;0.522161;-0.392135;0.705661;-0.274992;0.847494;-0.471068;0.035246;0.242089;0.737777;-0.204025;-0.196760;0.612653;0.424275;-0.266475;-0.096601;0.860029;0.534159;-0.191521;-0.606844;0.556537;0.670414;-0.010970;-0.636255;0.381583;0.670414;-0.010970;-0.636255;0.381583;0.545054;-0.014564;-0.071798;0.835194;0.524813;0.833781;-0.088636;-0.146714;0.294620;0.710077;-0.545135;-0.334392;-0.367906;-0.553929;0.703238;0.251523;0.756765;0.244571;-0.559134;-0.234223;0.643515;0.409175;-0.452794;-0.461998;0.643515;0.409175;-0.452794;-0.461998;0.375521;0.645182;-0.641914;0.175130;-0.221999;0.622660;-0.332617;0.672590;0.619351;-0.231909;0.666784;-0.343544;0.456865;-0.480217;0.551179;-0.506821;0.685423;0.047606;0.725601;-0.037847;0.224765;0.337797;0.886256;0.223436;0.019764;0.841116;0.438236;0.316359;0.257415;0.613852;0.680255;0.306880;-0.033100;0.917199;0.050887;0.393779;0.540931;-0.474309;0.651008;-0.242102;0.540931;-0.474309;0.651008;-0.242102;0.553688;0.124945;0.795719;0.211304;0.242102;0.651008;0.474309;0.540931;0.553688;0.124945;0.795719;0.211304;0.540931;-0.474309;0.651008;-0.242102
16966877;1;0.486264;-0.472204;0.662906;-0.318003;0.536710;-0.341384;0.738836;-0.222532;0.495393;-0.462272;0.660421;-0.323627;0.519750;-0.407822;0.695366;-0.282857;0.834751;-0.484413;0.011636;0.261533;0.730519;-0.216600;-0.184432;0.620816;0.416978;-0.272690;-0.081059;0.863249;0.531620;-0.225004;-0.643096;0.503170;0.656183;-0.025728;-0.680836;0.324383;0.656183;-0.025728;-0.680836;0.324383;0.520535;0.310781;-0.207680;0.767676;0.546581;0.812518;-0.103623;-0.174142;0.320506;0.698796;-0.541154;-0.340751;-0.384558;-0.570484;0.675065;0.266366;0.727181;0.211422;-0.634621;-0.154156;0.590081;0.463927;-0.481887;-0.452062;0.590081;0.463927;-0.481887;-0.452062;0.360646;0.635321;-0.628946;0.265949;-0.228381;0.618860;-0.332960;0.673789;0.621091;-0.236149;0.661912;-0.346919;0.448599;-0.484568;0.534664;-0.527340;0.693972;0.032766;0.716902;-0.058146;0.241796;0.348692;0.876742;0.226433;0.032832;0.839932;0.429820;0.329685;0.261020;0.605051;0.686890;0.306535;-0.030234;0.915636;0.061779;0.396081;0.566325;-0.401993;0.691872;-0.197460;0.566325;-0.401993;0.691872;-0.197460;0.540078;0.204976;0.773479;0.260827;0.197460;0.691872;0.401993;0.566325;0.540078;0.204976;0.773479;0.260827;0.566325;-0.401993;0.691872;-0.197460
17000222;1;0.499341;-0.464207;0.656329;-0.323113;0.546568;-0.347219;0.725048;-0.234536;0.497363;-0.465238;0.654389;-0.328569;0.522110;-0.411262;0.689591;-0.287626;0.833342;-0.493826;0.036888;0.245595;0.728569;-0.234815;-0.187053;0.615679;0.415001;-0.290610;-0.075320;0.858864;0.470286;-0.120984;-0.603780;0.632174;0.670115;0.109976;-0.605882;0.414438;0.670115;0.109976;-0.605882;0.414438;0.429859;0.294601;-0.072981;0.850356;0.546267;0.819994;-0.085525;-0.147945;0.362233;0.683703;-0.520349;-0.361351;-0.433419;-0.551113;0.659157;0.271910;0.569409;0.378250;-0.718175;-0.130096;0.462961;0.643729;-0.494431;-0.356116;0.462961;0.643729;-0.494431;-0.356116;0.344200;-0.657058;0.670668;0.002264;-0.231523;0.613162;-0.337732;0.675550;0.617093;-0.242755;0.656614;-0.359338;0.449880;-0.489134;0.541391;-0.515026;0.686247;0.034322;0.724937;-0.048516;0.262641;0.354608;0.865254;0.237925;0.044866;0.832107;0.426584;0.351583;0.255992;0.617084;0.668600;0.326572;-0.048040;0.911360;0.040425;0.406793;0.571370;-0.359780;0.711954;-0.192917;0.571370;-0.359780;0.711954;-0.192917;0.540432;0.249025;0.757830;0.267607;0.192917;0.711954;0.359780;0.571370;0.540432;0.249025;0.757830;0.267607;0.571370;-0.359780;0.711954;-0.192917
17033555;1;0.493104;-0.476666;0.659770;-0.307150;0.540999;-0.347831;0.735882;-0.211690;0.493230;-0.472147;0.650630;-0.332388;0.518297;-0.418450;0.686398;-0.291764;0.827097;-0.499470;0.022136;0.256807;0.719124;-0.247830;-0.171010;0.626256;0.414782;-0.295121;-0.059729;0.858657;-0.493264;0.186460;0.623161;-0.577576;0.669688;0.053207;-0.648279;0.358360;0.669688;0.053207;-0.648279;0.358360;0.468363;0.287911;-0.136805;0.824031;0.557584;0.809814;-0.098005;-0.153933;0.353706;0.690729;-0.524753;-0.349886;-0.421883;-0.558694;0.663576;0.263710;0.637439;0.329624;-0.673329;-0.177897;0.363212;0.691124;-0.290467;-0.553221;0.363212;0.691124;-0.290467;-0.553221;-0.373550;0.693330;-0.610281;-0.085505;-0.244164;0.610160;-0.346135;0.669537;0.613902;-0.251365;0.654950;-0.361912;-0.431483;0.507777;-0.522166;0.532285;0.685358;0.007404;0.724442;-0.073574;0.290247;0.355854;0.852792;0.248738;0.064595;0.818458;0.428920;0.376803;0.270426;0.598329;0.673895;0.338730;-0.046254;0.901884;0.057382;0.425644;0.566745;-0.323507;0.735870;-0.180661;0.566745;-0.323507;0.735870;-0.180661;0.528496;0.291585;0.749092;0.273003;0.180661;0.735870;0.323507;0.566745;0.528496;0.291585;0.749092;0.273003;0.566745;-0.323507;0.735870;-0.180661
17066888;1;0.492773;-0.470851;0.666108;-0.302941;0.537650;-0.348867;0.737355;-0.213381;0.498751;-0.475342;0.647643;-0.325356;0.523236;-0.421874;0.683676;-0.284312;0.832581;-0.496262;0.005632;0.245970;0.697962;-0.294148;-0.199017;0.621867;0.393186;-0.349026;-0.065665;0.848100;0.517172;-0.144561;-0.628445;0.562754;0.652174;0.034132;-0.643953;0.398533;0.652174;0.034132;-0.643953;0.398533;0.480953;0.284767;-0.138171;0.817619;0.556568;0.808505;-0.094355;-0.166280;0.374280;0.680789;-0.511858;-0.366662;-0.445066;-0.553169;0.647670;0.276484;0.612354;0.352294;-0.690070;-0.157207;0.311259;0.741542;-0.224551;-0.550281;0.311259;0.741542;-0.224551;-0.550281;-0.393491;0.668874;-0.623863;-0.092557;-0.249216;0.606114;-0.349599;0.669550;0.612833;-0.255003;0.651619;-0.367153;-0.427517;0.514071;-0.518646;0.532885;0.682979;0.000440;0.726394;-0.076756;0.291094;0.360211;0.849425;0.252963;0.066817;0.814855;0.432720;0.379868;0.287775;0.591802;0.670289;0.343028;-0.036952;0.894801;0.059364;0.440955;0.563907;-0.331528;0.735440;-0.176709;0.563907;-0.331528;0.735440;-0.176709;0.523695;0.285609;0.754460;0.273790;0.176709;0.735440;0.331528;0.563907;0.523695;0.285609;0.754460;0.273790;0.563907;-0.331528;0.735440;-0.176709
17100211;1;0.492426;-0.472169;0.664555;-0.304859;0.533640;-0.363742;0.729567;-0.225058;0.491636;-0.464653;0.659649;-0.327498;0.516316;-0.410257;0.694786;-0.287017;0.836301;-0.491211;0.027589;0.241974;0.712334;-0.281465;-0.192968;0.613288;0.391141;-0.336331;-0.057797;0.854722;-0.365947;0.221505;0.660245;-0.617328;0.593541;0.079967;-0.691805;0.403387;0.593541;0.079967;-0.691805;0.403387;0.417535;0.262599;-0.121401;0.861376;0.546967;0.816058;-0.087612;-0.164927;0.409404;0.667178;-0.483929;-0.391246;-0.498624;-0.514661;0.643769;0.268439;0.591060;0.466277;-0.619293;-0.222960;0.251048;0.769246;-0.095910;-0.579687;0.251048;0.769246;-0.095910;-0.579687;-0.435814;0.651868;-0.585728;-0.205079;-0.278982;0.585317;-0.364046;0.668613;0.616736;-0.262909;0.637213;-0.380099;-0.432778;0.516015;-0.512864;0.532356;0.686323;-0.004991;0.723643;-0.072641;0.266096;0.387495;0.844665;0.256089;0.065672;0.808953;0.457357;0.363465;0.260869;0.603392;0.672733;0.339552;-0.053644;0.904624;0.053034;0.419482;0.584657;-0.301442;0.738118;-0.149967;0.584657;-0.301442;0.738118;-0.149967;0.519458;0.308776;0.735080;0.307372;0.149967;0.738118;0.301442;0.584657;0.519458;0.308776;0.735080;0.307372;0.584657;-0.301442;0.738118;-0.149967
17133555;1;0.489341;-0.475689;0.669980;-0.292219;0.524417;-0.380541;0.728246;-0.223234;0.494245;-0.462974;0.662675;-0.319748;0.518295;-0.408341;0.697668;-0.279083;0.842144;-0.485232;0.033371;0.232872;0.706975;-0.296757;-0.205162;0.608301;0.372852;-0.356397;-0.056012;0.854883;-0.377886;0.260789;0.639023;-0.617123;0.619380;0.062339;-0.687369;0.374175;0.619380;0.062339;-0.687369;0.374175;0.424998;0.310920;-0.121918;0.841333;0.542565;0.818683;-0.090624;-0.164831;0.416592;0.662641;-0.479787;-0.396437;-0.498437;-0.530578;0.622717;0.286830;0.583745;0.430925;-0.654368;-0.212952;0.279812;0.762057;-0.182102;-0.554808;0.279812;0.762057;-0.182102;-0.554808;-0.449367;0.634502;-0.602961;-0.178648;-0.289499;0.578255;-0.367303;0.668506;0.616714;-0.269398;0.629880;-0.387736;-0.426853;0.525530;-0.503572;0.536684;0.685171;-0.018331;0.723764;-0.079812;0.263590;0.396586;0.842840;0.250721;0.073692;0.806384;0.466234;0.356287;0.264342;0.598709;0.679667;0.331246;-0.045280;0.906162;0.061206;0.416021;0.592166;-0.284477;0.740414;-0.142125;0.592166;-0.284477;0.740414;-0.142125;0.519222;0.322396;0.724707;0.318228;0.142125;0.740414;0.284477;0.592166;0.519222;0.322396;0.724707;0.318228;0.592166;-0.284477;0.740414;-0.142125
17166888;1;0.492485;-0.469925;0.669020;-0.298398;0.525960;-0.382495;0.722575;-0.234412;0.494969;-0.464810;0.660185;-0.321112;0.519126;-0.410371;0.695333;-0.280385;0.842918;-0.487726;0.025118;0.225790;0.703028;-0.305447;-0.206865;0.607996;0.364146;-0.365291;-0.051516;0.855165;0.373279;-0.280044;-0.600413;0.649417;0.618226;0.008420;-0.662457;0.422937;0.618226;0.008420;-0.662457;0.422937;0.431405;0.273730;-0.081020;0.855802;0.541798;0.820556;-0.077474;-0.164741;0.406290;0.676599;-0.473318;-0.391295;-0.486094;-0.548094;0.617584;0.286174;0.563345;0.403837;-0.702809;-0.160055;0.341886;0.753150;-0.299650;-0.475488;0.341886;0.753150;-0.299650;-0.475488;0.446260;-0.623858;0.628199;0.130458;-0.299763;0.578182;-0.380546;0.656531;0.608330;-0.278747;0.633595;-0.388319;-0.433880;0.517147;-0.517424;0.525908;0.682583;-0.002550;0.727698;-0.067304;0.247262;0.407714;0.842743;0.249828;0.067742;0.806056;0.476124;0.344950;0.257296;0.605316;0.677413;0.329397;-0.049018;0.909229;0.054975;0.409728;0.581186;-0.269680;0.749508;-0.166533;0.581186;-0.269680;0.749508;-0.166533;0.528717;0.339290;0.720675;0.293204;0.166533;0.749508;0.269680;0.581186;0.528717;0.339290;0.720675;0.293204;0.581186;-0.269680;0.749508;-0.166533
17200222;1;0.488957;-0.472938;0.676827;-0.281347;0.516037;-0.398492;0.723166;-0.227905;0.496823;-0.461547;0.665444;-0.311970;0.520241;-0.406696;0.700314;-0.271124;0.849073;-0.481213;0.047940;0.212627;0.704389;-0.324334;-0.235274;0.585910;0.354392;-0.396316;-0.058993;0.844902;-0.366464;0.333330;0.622188;-0.606199;0.622507;0.026657;-0.705348;0.338021;0.622507;0.026657;-0.705348;0.338021;0.415603;0.374322;-0.149255;0.815402;0.532320;0.827992;-0.067219;-0.162930;0.402882;0.673754;-0.477315;-0.394856;-0.474348;-0.563427;0.603594;0.305317;0.551533;0.408377;-0.711666;-0.150236;0.300210;0.784368;-0.240845;-0.486451;0.300210;0.784368;-0.240845;-0.486451;0.455457;-0.622054;0.624463;0.125116;-0.310485;0.574772;-0.389614;0.649182;0.595987;-0.299142;0.626663;-0.403245;0.440051;-0.506809;0.525941;-0.522385;0.684470;0.010825;0.726443;-0.060532;0.271042;0.417713;0.825583;0.265452;0.093592;0.786102;0.487942;0.367692;0.253139;0.609021;0.666596;0.347367;-0.064684;0.904299;0.044777;0.419589;0.573673;-0.264818;0.755854;-0.171624;0.573673;-0.264818;0.755854;-0.171624;0.527005;0.347215;0.721724;0.284292;0.171624;0.755854;0.264818;0.573673;0.527005;0.347215;0.721724;0.284292;0.573673;-0.264818;0.755854;-0.171624
17233544;1;0.492557;-0.467257;0.674753;-0.289424;0.517749;-0.401269;0.715964;-0.241486;0.495276;-0.463473;0.660441;-0.322044;0.519506;-0.409017;0.695482;-0.281289;0.843697;-0.488584;0.031963;0.220089;0.703870;-0.343397;-0.257067;0.566182;0.336441;-0.425290;-0.055975;0.838333;-0.338625;0.326753;0.664067;-0.581017;0.608612;0.107999;-0.732181;0.286074;0.608612;0.107999;-0.732181;0.286074;0.341882;0.457224;-0.187221;0.799382;0.542174;0.815615;-0.081571;-0.184840;0.408785;0.670467;-0.468233;-0.405126;-0.481201;-0.563933;0.592240;0.315719;0.546243;0.386223;-0.721895;-0.176970;0.254911;0.786371;-0.227861;-0.514510;0.254911;0.786371;-0.227861;-0.514510;0.465476;-0.618549;0.625080;0.100021;-0.320861;0.569380;-0.397293;0.644215;0.595700;-0.301209;0.625570;-0.403828;-0.439889;0.506208;-0.522794;0.526249;0.687064;0.009018;0.723772;-0.063377;0.256113;0.431487;0.822286;0.268460;0.087417;0.785193;0.495765;0.360621;0.268154;0.600542;0.667447;0.349223;-0.055292;0.898949;0.051299;0.431511;0.577176;-0.279166;0.751753;-0.154278;0.577176;-0.279166;0.751753;-0.154278;0.517216;0.334169;0.728970;0.299034;0.154278;0.751753;0.279166;0.577176;0.517216;0.334169;0.728970;0.299034;0.577176;-0.279166;0.751753;-0.154278
17266888;1;0.485654;-0.479634;0.671828;-0.287643;0.509426;-0.417647;0.712021;-0.243070;0.492252;-0.471068;0.659937;-0.316647;0.516060;-0.416629;0.695588;-0.276152;0.841843;-0.487497;0.021982;0.230572;0.719379;-0.328685;-0.248104;0.559379;0.344874;-0.408607;-0.051279;0.843488;0.341514;-0.278397;-0.628336;0.641137;0.638744;0.114831;-0.677587;0.345970;0.638744;0.114831;-0.677587;0.345970;0.311250;0.498008;-0.130684;0.798769;0.546681;0.811956;-0.077853;-0.189225;0.392357;0.685643;-0.462529;-0.402512;-0.472460;-0.564791;0.604195;0.304534;0.557122;0.436217;-0.692006;-0.143032;0.336225;0.778232;-0.252018;-0.466686;0.336225;0.778232;-0.252018;-0.466686;-0.449726;0.623042;-0.619350;-0.161153;-0.340718;0.563163;-0.430333;0.617715;0.579994;-0.312915;0.635963;-0.401551;-0.413504;0.525004;-0.511637;0.540012;0.678077;-0.012340;0.729154;-0.091616;0.223796;0.461867;0.816448;0.264587;0.079572;0.781927;0.518153;0.337306;0.271013;0.588580;0.682823;0.337460;-0.044866;0.901247;0.070578;0.425159;0.567999;-0.274767;0.759904;-0.156289;0.567999;-0.274767;0.759904;-0.156289;0.512149;0.343043;0.731623;0.291123;0.156289;0.759904;0.274767;0.567999;0.512149;0.343043;0.731623;0.291123;0.567999;-0.274767;0.759904;-0.156289
17300211;1;0.479005;-0.482415;0.675583;-0.285338;0.501088;-0.424522;0.713385;-0.244487;0.491698;-0.476416;0.657423;-0.314730;0.515354;-0.422161;0.693511;-0.274285;0.839867;-0.488066;0.011689;0.237229;0.724565;-0.328145;-0.237954;0.557408;0.359596;-0.402587;-0.047168;0.840470;-0.360642;0.264231;0.635417;-0.629574;0.625830;0.086485;-0.682711;0.367102;0.625830;0.086485;-0.682711;0.367102;0.335152;0.498612;-0.130900;0.788622;0.552561;0.803484;-0.084125;-0.204972;0.385015;0.691727;-0.465699;-0.395476;-0.462276;-0.572950;0.605880;0.301560;0.554234;0.441603;-0.694107;-0.126598;0.315656;0.797792;-0.200812;-0.472825;0.315656;0.797792;-0.200812;-0.472825;0.444402;-0.615642;0.628596;0.168402;-0.350014;0.558267;-0.442785;0.608087;0.572404;-0.321739;0.635788;-0.405723;-0.408425;0.527455;-0.510479;0.542579;0.676288;-0.014926;0.730070;-0.097002;0.227446;0.469800;0.806572;0.277483;0.085515;0.771930;0.524767;0.348469;0.302761;0.577019;0.668310;0.358813;-0.037375;0.883040;0.068374;0.462784;0.578049;-0.288676;0.745629;-0.162985;0.578049;-0.288676;0.745629;-0.162985;0.523990;0.323115;0.731364;0.293494;0.162985;0.745629;0.288676;0.578049;0.523990;0.323115;0.731364;0.293494;0.578049;-0.288676;0.745629;-0.162985
17333555;1;0.480395;-0.490289;0.677546;-0.264137;0.496363;-0.445772;0.707629;-0.232746;0.479872;-0.484447;0.655046;-0.325498;0.504429;-0.430357;0.691785;-0.285967;0.836555;-0.503855;0.021084;0.214151;0.721614;-0.318927;-0.266185;0.553809;0.406574;-0.403244;-0.099816;0.813713;-0.317519;0.342119;0.691710;-0.551066;0.548055;0.043669;-0.770455;0.322687;0.548055;0.043669;-0.770455;0.322687;0.378079;0.394805;-0.201215;0.812833;0.558013;0.804156;-0.052536;-0.197975;0.422635;0.651131;-0.426333;-0.464379;0.532731;0.511115;-0.586935;-0.332364;0.587957;0.474366;-0.604695;-0.252243;0.303915;0.747421;-0.179002;-0.562989;0.303915;0.747421;-0.179002;-0.562989;-0.355927;0.703923;-0.600650;-0.130488;-0.379008;0.538593;-0.487618;0.573149;0.543230;-0.353188;0.634921;-0.420754;-0.395287;0.537153;-0.521280;0.532430;0.659897;-0.014206;0.744661;-0.099067;0.218367;0.512951;0.778396;0.288611;0.103142;0.753769;0.548493;0.346914;0.246826;0.590029;0.687692;0.343544;-0.066308;0.905629;0.073140;0.412419;0.580836;-0.224911;0.770937;-0.133041;0.580836;-0.224911;0.770937;-0.133041;0.504787;0.386099;0.704171;0.316639;0.133041;0.770937;0.224911;0.580836;0.504787;0.386099;0.704171;0.316639;0.580836;-0.224911;0.770937;-0.133041
17366877;1;0.478505;-0.496660;0.679503;-0.250277;0.487517;-0.470938;0.697576;-0.232233;0.487820;-0.479496;0.657411;-0.316111;0.511599;-0.425232;0.693746;-0.275973;0.843604;-0.495390;0.026228;0.205506;0.729886;-0.306448;-0.262038;0.551989;0.414644;-0.390229;-0.101469;0.815779;-0.362650;0.375709;0.696844;-0.491667;0.542226;-0.030119;-0.791101;0.281501;0.542226;-0.030119;-0.791101;0.281501;0.474783;0.247725;-0.260644;0.803292;0.544787;0.819634;-0.035427;-0.173642;0.421590;0.652498;-0.403684;-0.483269;0.560189;0.477522;-0.600572;-0.312209;0.544616;0.558572;-0.500763;-0.375004;0.323114;0.722266;-0.202725;-0.576916;0.323114;0.722266;-0.202725;-0.576916;0.236220;0.718219;-0.639130;0.140976;-0.388153;0.529409;-0.504703;0.560659;0.530884;-0.365113;0.633800;-0.427963;-0.392718;0.534111;-0.524499;0.534227;0.659342;-0.009796;0.744803;-0.102176;0.230742;0.526884;0.758728;0.305750;0.122531;0.739479;0.553571;0.362928;0.255004;0.599200;0.665503;0.364743;-0.075560;0.896637;0.050983;0.433283;0.577477;-0.267067;0.756045;-0.153592;0.577477;-0.267067;0.756045;-0.153592;0.516944;0.345760;0.723450;0.299732;0.153592;0.756045;0.267067;0.577477;0.516944;0.345760;0.723450;0.299732;0.577477;-0.267067;0.756045;-0.153592
17400222;1;0.472463;-0.501983;0.677424;-0.256686;0.481895;-0.475823;0.696048;-0.238508;0.486146;-0.482684;0.655151;-0.318521;0.510123;-0.428591;0.691749;-0.278509;0.837042;-0.495616;0.014761;0.231317;0.739256;-0.306423;-0.254921;0.542790;0.415211;-0.388437;-0.089425;0.817753;0.524234;-0.280129;-0.660566;0.458649;0.667013;0.018243;-0.717277;0.200684;0.667013;0.018243;-0.717277;0.200684;0.511360;0.329145;-0.273738;0.745146;0.553919;0.808715;-0.056587;-0.189608;0.425230;0.646727;-0.404097;-0.487472;0.559788;0.481726;-0.591177;-0.324171;0.558107;0.544891;-0.517453;-0.351928;0.348213;0.716231;-0.227325;-0.560432;0.348213;0.716231;-0.227325;-0.560432;0.240138;0.707510;-0.644091;0.164047;-0.401350;0.517848;-0.520013;0.548030;0.521438;-0.377569;0.629309;-0.435332;-0.387155;0.537696;-0.519880;0.539183;0.658884;-0.015637;0.744056;-0.109581;0.223585;0.540704;0.748832;0.311286;0.124681;0.733305;0.561581;0.362417;0.270883;0.584747;0.669342;0.369696;-0.067699;0.889165;0.063841;0.448026;0.581718;-0.257368;0.753695;-0.165260;0.581718;-0.257368;0.753695;-0.165260;0.528193;0.350956;0.714929;0.294480;0.165260;0.753694;0.257368;0.581718;0.528193;0.350956;0.714929;0.294480;0.581718;-0.257368;0.753695;-0.165260
17433555;1;0.494622;-0.474355;0.672378;-0.279723;0.501240;-0.457961;0.683649;-0.267683;0.485284;-0.486021;0.648567;-0.328090;0.510032;-0.432445;0.685454;-0.288116;0.830909;-0.507572;0.026634;0.226389;0.745514;-0.281107;-0.264812;0.543197;0.435770;-0.368200;-0.116515;0.812993;0.544925;-0.258036;-0.671945;0.430075;0.668094;0.019003;-0.719536;0.188567;0.668094;0.019003;-0.719536;0.188567;0.550092;0.316302;-0.280023;0.720375;0.557416;0.809954;-0.040813;-0.177752;0.421807;0.650049;-0.385091;-0.501218;0.569099;0.476796;-0.586110;-0.324450;0.546596;0.543950;-0.515951;-0.373022;0.233180;0.741624;-0.109916;-0.619306;0.233180;0.741624;-0.109916;-0.619306;0.236295;0.724622;-0.633184;0.134783;-0.414245;0.511652;-0.531627;0.532904;0.509463;-0.399289;0.620474;-0.442751;0.404622;-0.523835;0.531731;-0.528336;0.663623;0.002662;0.742668;-0.089678;0.248433;0.559885;0.706185;0.355123;0.164209;0.701713;0.565484;0.401078;0.276260;0.571303;0.669119;0.386747;-0.075834;0.879556;0.073200;0.463974;0.559809;-0.270200;0.770937;-0.138788;0.559809;-0.270200;0.770937;-0.138788;0.493982;0.354075;0.736195;0.297707;0.138788;0.770937;0.270200;0.559809;0.493982;0.354075;0.736195;0.297707;0.559809;-0.270200;0.770937;-0.138788
17466888;1;0.497889;-0.472002;0.665042;-0.295023;0.498737;-0.470086;0.666398;-0.293589;0.483598;-0.481424;0.652396;-0.329763;0.508486;-0.427555;0.688902;-0.289920;0.830704;-0.504200;0.024469;0.234767;0.757311;-0.248412;-0.236798;0.555606;0.463165;-0.323628;-0.114222;0.817127;0.572566;-0.288172;-0.684982;0.346301;0.658126;-0.026743;-0.742650;0.120935;0.658126;-0.026743;-0.742650;0.120935;0.551739;0.375285;-0.364566;0.649490;0.556825;0.807457;-0.053480;-0.187348;0.419616;0.652642;-0.387246;-0.498017;0.564165;0.481698;-0.586404;-0.325294;0.554199;0.538134;-0.508789;-0.380013;0.256446;0.728717;-0.132005;-0.621113;0.256446;0.728717;-0.132005;-0.621113;0.235944;0.718608;-0.642286;0.124102;0.428763;-0.499147;0.548222;-0.516204;0.499269;-0.414203;0.614924;-0.448369;0.405130;-0.524446;0.530684;-0.528394;0.664022;0.001492;0.742353;-0.089355;0.224819;0.580987;0.695911;0.357237;0.160268;0.691835;0.585843;0.390470;0.289441;0.559782;0.666675;0.398011;-0.074370;0.869757;0.079570;0.481312;0.564592;-0.306275;0.752885;-0.143510;0.564592;-0.306275;0.752885;-0.143510;0.500704;0.315801;0.748939;0.297750;0.143510;0.752885;0.306275;0.564592;0.500704;0.315801;0.748939;0.297750;0.564592;-0.306275;0.752885;-0.143510
17500200;1;0.506083;-0.462869;0.662693;-0.300782;0.499896;-0.476178;0.653195;-0.310957;0.478552;-0.484158;0.648061;-0.341461;0.504393;-0.430628;0.684800;-0.301985;0.827298;-0.517637;0.034856;0.215441;0.758759;-0.232962;-0.233465;0.561700;0.484168;-0.304865;-0.125835;0.810435;0.562716;-0.192927;-0.691243;0.410259;0.649450;-0.008233;-0.717614;0.251350;0.649450;-0.008233;-0.717614;0.251350;0.444079;0.467997;-0.328193;0.689972;0.561404;0.807367;-0.036967;-0.177813;0.410187;0.658305;-0.387135;-0.498505;0.555105;0.487706;-0.587692;-0.329575;0.593014;0.525778;-0.464383;-0.395273;0.310362;0.688714;-0.133295;-0.641546;0.310362;0.688714;-0.133295;-0.641546;0.271209;0.715671;-0.635429;0.102420;0.449179;-0.478265;0.558899;-0.507083;0.493365;-0.425623;0.599955;-0.464209;0.414760;-0.516424;0.554665;-0.503615;0.653453;0.024222;0.753772;-0.065118;0.233963;0.597638;0.659877;0.390708;0.188723;0.667960;0.588604;0.414438;0.277432;0.575579;0.645871;0.417841;-0.097013;0.866354;0.053808;0.486954;0.555245;-0.323197;0.750909;-0.152914;0.555245;-0.323197;0.750909;-0.152914;0.500744;0.302438;0.759508;0.284491;0.152914;0.750909;0.323197;0.555245;0.500744;0.302438;0.759508;0.284491;0.555245;-0.323197;0.750909;-0.152914
17533555;1;0.502836;-0.464340;0.661702;-0.306096;0.490649;-0.489530;0.643290;-0.325273;0.479465;-0.486877;0.646537;-0.339197;0.505122;-0.433461;0.683499;-0.299655;0.826625;-0.518080;0.036794;0.216633;0.757563;-0.249257;-0.246316;0.550726;0.478801;-0.326222;-0.127983;0.804953;0.548392;-0.212475;-0.690657;0.420849;0.641415;-0.018779;-0.722357;0.257750;0.641415;-0.018779;-0.722357;0.257750;0.448097;0.445935;-0.322370;0.704577;0.558645;0.808826;-0.017685;-0.182766;0.413806;0.660229;-0.391542;-0.489446;0.545781;0.505241;-0.577875;-0.336029;0.571545;0.529556;-0.513272;-0.359802;0.251381;0.730034;-0.104538;-0.626841;0.251381;0.730034;-0.104538;-0.626841;0.322402;0.714482;-0.595043;0.177475;0.467325;-0.459054;0.563342;-0.503510;0.494680;-0.426998;0.588005;-0.476669;0.425273;-0.504381;0.563116;-0.497638;0.656684;0.038787;0.751262;-0.053550;0.234171;0.604932;0.643205;0.406826;0.200381;0.655299;0.591827;0.424466;0.269909;0.579688;0.641702;0.423474;-0.106355;0.866327;0.048008;0.485656;0.521000;-0.345169;0.750523;-0.214786;0.521000;-0.345169;0.750523;-0.214786;0.520279;0.286628;0.774771;0.216526;0.214786;0.750523;0.345169;0.521000;0.520279;0.286628;0.774771;0.216526;0.521000;-0.345169;0.750523;-0.214786
17566888;1;0.505297;-0.465217;0.658536;-0.307537;0.490787;-0.494686;0.636697;-0.330199;0.482768;-0.480878;0.646928;-0.342309;0.508664;-0.427450;0.683408;-0.302491;0.829427;-0.516932;0.032779;0.209185;0.749456;-0.260245;-0.259566;0.550648;0.480837;-0.339915;-0.139855;0.796049;0.523061;-0.176731;-0.704976;0.445177;0.620233;0.011196;-0.726704;0.295104;0.620233;0.011196;-0.726704;0.295104;0.452754;0.422625;-0.285960;0.731183;0.555223;0.812139;-0.021523;-0.178029;0.408564;0.664399;-0.386978;-0.491830;0.543232;0.507754;-0.577377;-0.337225;0.579732;0.548232;-0.511043;-0.319668;0.291405;0.742230;-0.104006;-0.594441;0.291405;0.742230;-0.104006;-0.594441;0.322399;0.724894;-0.568163;0.218580;0.473667;-0.453339;0.563745;-0.502309;0.494369;-0.429311;0.582245;-0.481956;0.430027;-0.499795;0.561994;-0.499445;0.661307;0.041262;0.747207;-0.051495;0.234214;0.604558;0.641063;0.410722;0.199718;0.655285;0.589129;0.428534;0.256269;0.592925;0.633293;0.426269;-0.118096;0.869758;0.032785;0.478015;0.517716;-0.388159;0.723819;-0.239560;0.517716;-0.388159;0.723819;-0.239560;0.535475;0.237348;0.786287;0.196686;0.239560;0.723819;0.388159;0.517716;0.535475;0.237348;0.786287;0.196686;0.517716;-0.388159;0.723819;-0.239560
17600222;1;0.504117;-0.464864;0.659858;-0.307172;0.488539;-0.496488;0.636404;-0.331390;0.473669;-0.489830;0.641945;-0.351584;0.500338;-0.436773;0.679159;-0.312466;0.821392;-0.529542;0.031110;0.209601;0.745177;-0.269876;-0.260922;0.551179;0.485550;-0.347769;-0.141314;0.789511;0.513352;-0.259182;-0.744090;0.340036;0.584705;-0.054380;-0.786058;0.193068;0.584705;-0.054380;-0.786058;0.193068;0.522940;0.331869;-0.381137;0.686390;0.567181;0.803773;-0.015517;-0.178924;0.414352;0.663177;-0.382461;-0.492172;0.550381;0.505363;-0.575055;-0.333168;0.586473;0.557816;-0.496779;-0.313210;0.343219;0.733554;-0.140881;-0.569431;0.343219;0.733554;-0.140881;-0.569431;0.317652;0.734677;-0.557390;0.220597;0.473581;-0.454725;0.566889;-0.497578;0.493848;-0.430854;0.585230;-0.477477;0.428760;-0.502972;0.560745;-0.498748;0.659925;0.038126;0.748568;-0.051875;0.226082;0.607571;0.641910;0.409506;0.194680;0.654236;0.594297;0.425307;0.260465;0.585447;0.636787;0.428850;-0.116890;0.866938;0.040524;0.482819;0.521002;-0.411804;0.709479;-0.235824;0.521002;-0.411804;0.709479;-0.235824;0.535157;0.210488;0.792867;0.201651;0.235824;0.709479;0.411804;0.521002;0.535157;0.210488;0.792867;0.201651;0.521002;-0.411804;0.709479;-0.235824
17633533;1;0.498708;-0.459619;0.660925;-0.321276;0.487928;-0.481000;0.645531;-0.337423;0.471540;-0.489706;0.639796;-0.358468;0.498768;-0.436821;0.677007;-0.319499;0.818905;-0.535096;0.030961;0.205200;0.739448;-0.277012;-0.275399;0.548303;0.484732;-0.359126;-0.153651;0.782595;0.506209;-0.226945;-0.737503;0.385147;0.587727;-0.031252;-0.770998;0.243235;0.587727;-0.031252;-0.770998;0.243235;0.547865;0.217582;-0.329166;0.737667;0.569499;0.802039;-0.010623;-0.179697;0.417149;0.664948;-0.381716;-0.487980;0.547955;0.513718;-0.569171;-0.334489;0.583005;0.553069;-0.508745;-0.308866;0.337078;0.737036;-0.146574;-0.567161;0.337078;0.737036;-0.146574;-0.567161;0.324293;0.739537;-0.546772;0.221267;0.473947;-0.464537;0.569892;-0.484565;0.493611;-0.440613;0.588577;-0.464528;0.444585;-0.496719;0.561770;-0.489927;0.664913;0.043382;0.744861;-0.034494;0.213176;0.612244;0.639655;0.412982;0.190546;0.646079;0.605482;0.423870;0.254924;0.582922;0.636584;0.435863;-0.125753;0.865007;0.042211;0.483908;0.530659;-0.416742;0.691774;-0.257247;0.530659;-0.416742;0.691774;-0.257247;0.557134;0.194477;0.783839;0.193331;0.257247;0.691774;0.416742;0.530659;0.557134;0.194477;0.783839;0.193331;0.530659;-0.416742;0.691774;-0.257247
17666888;1;0.502482;-0.456974;0.660007;-0.321056;0.488812;-0.483809;0.640596;-0.341509;0.476650;-0.485925;0.641418;-0.353926;0.503498;-0.432923;0.678321;-0.314562;0.819916;-0.528590;0.034879;0.217055;0.740672;-0.268542;-0.271771;0.552658;0.484136;-0.349940;-0.153351;0.787171;0.502817;-0.317779;-0.767947;0.237589;0.547323;-0.106971;-0.824186;0.098544;0.547323;-0.106971;-0.824186;0.098544;0.521006;0.363525;-0.470656;0.612279;0.565574;0.805434;-0.020634;-0.176002;0.418846;0.665118;-0.386655;-0.482373;0.545535;0.516319;-0.570350;-0.332427;0.583319;0.554729;-0.509589;-0.303865;0.380147;0.726232;-0.199981;-0.536734;0.380147;0.726232;-0.199981;-0.536734;0.322990;0.739362;-0.545626;0.226524;0.479042;-0.459100;0.558753;-0.497534;0.501548;-0.432835;0.579331;-0.474846;0.445946;-0.494306;0.561115;-0.491879;0.667242;0.044630;0.742682;-0.034927;0.236760;0.602211;0.632806;0.425257;0.207057;0.644320;0.589894;0.440459;0.254577;0.585079;0.640094;0.427964;-0.120431;0.868977;0.043152;0.478031;0.528668;-0.423439;0.681346;-0.277448;0.528668;-0.423439;0.681346;-0.277448;0.570010;0.182368;0.781201;0.177639;0.277448;0.681346;0.423439;0.528668;0.570010;0.182368;0.781201;0.177639;0.528668;-0.423439;0.681346;-0.277448
17700222;1;0.502482;-0.456974;0.660007;-0.321056;0.488812;-0.483809;0.640596;-0.341509;0.476650;-0.485925;0.641418;-0.353926;0.503498;-0.432923;0.678321;-0.314562;0.819916;-0.528590;0.034879;0.217055;0.740672;-0.268542;-0.271771;0.552658;0.484136;-0.349940;-0.153351;0.787171;0.502817;-0.317779;-0.767947;0.237589;0.547323;-0.106971;-0.824186;0.098544;0.547323;-0.106971;-0.824186;0.098544;0.521006;0.363525;-0.470656;0.612279;0.565574;0.805434;-0.020634;-0.176002;0.418846;0.665118;-0.386655;-0.482373;0.545535;0.516319;-0.570350;-0.332427;0.583319;0.554729;-0.509589;-0.303865;0.380147;0.726232;-0.199981;-0.536734;0.380147;0.726232;-0.199981;-0.536734;0.322990;0.739362;-0.545626;0.226524;0.479042;-0.459100;0.558753;-0.497534;0.501548;-0.432835;0.579331;-0.474846;0.445946;-0.494306;0.561115;-0.491879;0.667242;0.044630;0.742682;-0.034927;0.236760;0.602211;0.632806;0.425257;0.207057;0.644320;0.589894;0.440459;0.254577;0.585079;0.640094;0.427964;-0.120431;0.868977;0.043152;0.478031;0.528668;-0.423439;0.681346;-0.277448;0.528668;-0.423439;0.681346;-0.277448;0.570010;0.182368;0.781201;0.177639;0.277448;0.681346;0.423439;0.528668;0.570010;0.182368;0.781201;0.177639;0.528668;-0.423439;0.681346;-0.277448
17733555;1;0.485638;-0.468105;0.675057;-0.298885;0.480320;-0.479876;0.666740;-0.307359;0.472165;-0.475868;0.657996;-0.343005;0.498150;-0.421568;0.694038;-0.304035;0.834473;-0.512427;0.027995;0.200723;0.748529;-0.248629;-0.257577;0.558160;0.491567;-0.325789;-0.148404;0.793851;0.512861;-0.181911;-0.735201;0.404180;0.597714;0.007935;-0.757330;0.262917;0.597714;0.007935;-0.757330;0.262917;0.468923;0.409217;-0.319822;0.714399;0.551440;0.808487;-0.022965;-0.204294;0.417736;0.667767;-0.391184;-0.475982;0.539018;0.523582;-0.569912;-0.332448;0.698722;0.399090;-0.472764;-0.359177;0.670573;0.432608;-0.442300;-0.409333;0.670573;0.432608;-0.442300;-0.409333;0.437190;0.712436;-0.536898;0.114194;0.459247;-0.485819;0.583243;-0.461410;0.480385;-0.458009;0.605320;-0.439369;0.447770;-0.501605;0.549511;-0.495916;0.671364;0.031265;0.739571;-0.036429;0.211741;0.592013;0.676988;0.382588;0.168100;0.663469;0.607139;0.403650;0.231767;0.603854;0.635829;0.421148;-0.131921;0.879180;0.026968;0.457069;0.529159;-0.438245;0.670221;-0.280598;0.529159;-0.438245;0.670221;-0.280598;0.572585;0.164032;0.783804;0.175759;0.280598;0.670221;0.438245;0.529159;0.572585;0.164032;0.783804;0.175759;0.529159;-0.438245;0.670221;-0.280598
17766866;1;0.488435;-0.462194;0.680210;-0.291757;0.489750;-0.459111;0.682295;-0.289543;0.470977;-0.472460;0.658223;-0.348862;0.497437;-0.418153;0.693991;-0.309969;0.833251;-0.515995;0.038805;0.194772;0.763782;-0.205831;-0.228815;0.567376;0.508134;-0.274436;-0.139312;0.804411;0.535214;-0.156092;-0.736436;0.383202;0.600761;-0.006435;-0.752769;0.269042;0.600761;-0.006435;-0.752769;0.269042;0.477289;0.414672;-0.331245;0.700371;0.553913;0.807776;-0.035015;-0.198626;0.406556;0.674568;-0.403044;-0.466074;0.522013;0.532620;-0.577757;-0.331686;0.659138;0.461402;-0.528633;-0.270542;0.595710;0.553456;-0.431313;-0.390876;0.595710;0.553456;-0.431313;-0.390876;0.382508;0.701481;-0.550768;0.241384;0.457830;-0.488543;0.566998;-0.479824;0.492838;-0.444302;0.602288;-0.443797;0.447069;-0.501064;0.547062;-0.499787;0.673584;0.029904;0.737440;-0.039661;0.225286;0.580156;0.682162;0.383824;0.171362;0.667173;0.597344;0.410725;0.254789;0.588309;0.637489;0.427298;-0.119836;0.869433;0.039025;0.477705;0.529976;-0.438374;0.678728;-0.257453;0.529976;-0.438374;0.678728;-0.257453;0.556796;0.169956;0.789910;0.192703;0.257453;0.678728;0.438374;0.529976;0.556796;0.169956;0.789910;0.192703;0.529976;-0.438374;0.678728;-0.257453
17800222;1;0.499460;-0.445620;0.688771;-0.278491;0.507016;-0.426281;0.700904;-0.264485;0.469202;-0.463159;0.665218;-0.350454;0.495795;-0.408322;0.700218;-0.311698;0.839824;-0.511651;0.037178;0.177554;0.771024;-0.203678;-0.220814;0.561497;0.509012;-0.270850;-0.129937;0.806637;0.537993;-0.371041;-0.755629;0.043789;0.538975;-0.265511;-0.798843;-0.029324;0.538975;-0.265511;-0.798843;-0.029324;0.598348;0.205812;-0.600685;0.488669;0.543446;0.812862;-0.022974;-0.208313;0.407016;0.671886;-0.400577;-0.471640;0.535596;0.510137;-0.593004;-0.318189;0.774780;0.237934;-0.373820;-0.450956;0.730982;0.270658;-0.350853;-0.518952;0.730982;0.270658;-0.350853;-0.518952;0.499462;0.668684;-0.544574;-0.082697;0.435977;-0.511958;0.560519;-0.483365;0.486056;-0.447907;0.612911;-0.432977;0.440352;-0.507169;0.556409;-0.489161;0.661392;0.032177;0.748443;-0.036870;0.239913;0.568746;0.690032;0.377923;0.178047;0.669559;0.592720;0.410699;0.246477;0.593026;0.647696;0.409951;-0.113498;0.879864;0.042912;0.459475;0.511266;-0.460159;0.668335;-0.283178;0.511266;-0.460159;0.668335;-0.283178;0.561757;0.147203;0.797965;0.161283;0.283178;0.668335;0.460159;0.511266;0.561757;0.147203;0.797965;0.161283;0.511266;-0.460159;0.668335;-0.283178
17833544;1;0.505097;-0.433765;0.691845;-0.279421;0.515006;-0.408097;0.707289;-0.260707;0.481409;-0.436797;0.680681;-0.337826;0.506950;-0.380804;0.713517;-0.298132;0.857009;-0.486270;0.054867;0.161451;0.781904;-0.178069;-0.206223;0.560704;0.531492;-0.239750;-0.129446;0.802047;0.519357;-0.332567;-0.787097;0.012100;0.517207;-0.238208;-0.820596;-0.048738;0.517207;-0.238208;-0.820596;-0.048738;0.580269;0.315188;-0.615205;0.430659;0.512779;0.835118;-0.019317;-0.198148;0.404437;0.671842;-0.407670;-0.467830;0.533057;0.505714;-0.601515;-0.313503;0.797256;0.001229;-0.260673;-0.544455;0.760913;0.017850;-0.260064;-0.594188;0.760913;0.017850;-0.260064;-0.594188;0.572250;0.555457;-0.513861;-0.316139;0.417665;-0.529939;0.536627;-0.506707;0.493404;-0.437265;0.614496;-0.433297;0.452952;-0.489551;0.579421;-0.468450;0.655754;0.061027;0.752384;-0.013461;0.256862;0.559875;0.687262;0.385010;0.191226;0.663802;0.587505;0.421470;0.247047;0.598197;0.639509;0.414918;-0.116647;0.877793;0.033476;0.463414;0.501677;-0.476872;0.657581;-0.297490;0.501677;-0.476872;0.657581;-0.297490;0.565097;0.127781;0.802179;0.144382;0.297490;0.657581;0.476872;0.501677;0.565097;0.127781;0.802179;0.144382;0.501677;-0.476872;0.657581;-0.297490
17866888;1;0.507542;-0.415089;0.697937;-0.288073;0.524542;-0.370691;0.722498;-0.255813;0.482361;-0.435808;0.681544;-0.336001;0.507752;-0.379749;0.714298;-0.296237;0.856354;-0.483855;0.062988;0.169041;0.807085;-0.096843;-0.153981;0.561717;0.586330;-0.140817;-0.115150;0.789385;0.610075;0.128550;-0.608785;0.490576;0.563517;0.073317;-0.617875;0.543419;0.563517;0.073317;-0.617875;0.543419;0.341087;0.298109;-0.178720;0.873413;0.513457;0.833377;-0.032515;-0.201961;0.388635;0.682242;-0.420715;-0.454431;0.514528;0.509898;-0.618433;-0.304641;0.754305;0.290024;-0.458053;-0.370268;0.717115;0.330862;-0.429484;-0.437973;0.717115;0.330862;-0.429484;-0.437973;0.479496;0.665074;-0.568761;0.065351;-0.394957;0.554845;-0.523588;0.511870;0.491298;-0.436108;0.625952;-0.420262;0.465825;-0.472218;0.597748;-0.450239;0.652055;0.086363;0.753190;0.008388;0.245111;0.556754;0.704816;0.364938;0.178092;0.670749;0.597362;0.401918;0.243836;0.600718;0.643243;0.407332;-0.113579;0.882168;0.034334;0.455742;0.474021;-0.508276;0.669971;-0.260958;0.474021;-0.508276;0.669971;-0.260958;0.519708;0.114335;0.833146;0.150658;0.260958;0.669971;0.508276;0.474021;0.519708;0.114335;0.833146;0.150658;0.474021;-0.508276;0.669971;-0.260958
17900211;1;0.500585;-0.411889;0.711742;-0.270527;0.513664;-0.375252;0.731721;-0.244783;0.484026;-0.420412;0.694589;-0.326371;0.508640;-0.363357;0.726067;-0.286504;0.872533;-0.469748;0.059550;0.120322;0.809111;-0.114742;-0.165288;0.552135;0.589299;-0.161690;-0.119759;0.782458;0.647697;0.132574;-0.569403;0.488562;0.552847;0.031515;-0.583783;0.593772;0.552847;0.031515;-0.583783;0.593772;0.361313;0.287069;-0.139894;0.876056;0.489564;0.845438;-0.009240;-0.213253;0.388632;0.674409;-0.427070;-0.460161;0.512783;0.507537;-0.616135;-0.315970;0.724879;0.301194;-0.514693;-0.344853;0.663645;0.376331;-0.462603;-0.451606;0.663645;0.376331;-0.462603;-0.451606;0.429146;0.660963;-0.607056;0.102199;-0.393819;0.552902;-0.528054;0.510260;0.488376;-0.435509;0.628395;-0.420642;0.456543;-0.478878;0.601696;-0.447444;0.643543;0.084395;0.760733;0.003840;0.247368;0.551271;0.712154;0.357415;0.177943;0.672224;0.599317;0.396573;0.235722;0.611865;0.637782;0.404092;-0.117127;0.886189;0.022627;0.447704;0.466531;-0.498441;0.657958;-0.317800;0.466531;-0.498441;0.657958;-0.317800;0.554606;0.112796;0.817697;0.105169;0.317800;0.657958;0.498441;0.466531;0.554606;0.112796;0.817697;0.105169;0.466531;-0.498441;0.657958;-0.317800
17933555;1;0.508253;-0.398987;0.716102;-0.263980;0.514566;-0.381330;0.725659;-0.251453;0.493546;-0.390724;0.710117;-0.315406;0.517250;-0.332519;0.739163;-0.274811;0.887572;-0.441752;0.072670;0.108582;0.810711;-0.122794;-0.181088;0.543026;0.562568;-0.179486;-0.125124;0.797274;0.654396;0.136136;-0.535985;0.515706;0.556880;0.042751;-0.551349;0.619735;0.556880;0.042751;-0.551349;0.619735;0.420466;0.303644;-0.075344;0.851664;0.457834;0.864212;-0.011533;-0.208309;0.376742;0.675663;-0.438968;-0.457004;0.501463;0.503102;-0.629367;-0.315153;0.737069;0.247119;-0.499143;-0.382776;0.667480;0.322744;-0.453925;-0.494226;0.667480;0.322744;-0.453925;-0.494226;0.438036;0.644878;-0.625160;0.037836;-0.390569;0.552267;-0.516827;0.524734;0.498258;-0.422434;0.627430;-0.423816;0.437578;-0.500205;0.599282;-0.446297;0.629357;0.067493;0.774132;-0.008618;0.271468;0.535726;0.716973;0.353910;0.187906;0.679141;0.582938;0.404527;0.216192;0.618148;0.658027;0.371690;-0.108118;0.904691;0.032521;0.410836;0.481050;-0.479977;0.645439;-0.348743;0.481050;-0.479977;0.645439;-0.348743;0.586752;0.117000;0.795789;0.093555;0.348743;0.645439;0.479977;0.481050;0.586752;0.117000;0.795789;0.093555;0.481050;-0.479977;0.645439;-0.348743
17966888;1;0.523627;-0.384336;0.708803;-0.275134;0.538941;-0.341869;0.730234;-0.243776;0.496678;-0.383123;0.709931;-0.320195;0.520756;-0.324957;0.738369;-0.279334;0.887161;-0.438621;0.073825;0.122910;0.800839;-0.181697;-0.213122;0.529359;0.575990;-0.242820;-0.139547;0.767985;0.629457;0.072155;-0.580840;0.511079;0.673347;0.124703;-0.571866;0.451688;0.673347;0.124703;-0.571866;0.451688;0.447420;0.196966;-0.097508;0.866898;0.457144;0.860892;-0.035863;-0.220448;0.389574;0.670963;-0.426894;-0.464545;0.528458;0.477120;-0.636229;-0.297156;0.718240;0.083455;-0.401764;-0.561918;0.717420;0.084041;-0.401642;-0.562965;0.717420;0.084041;-0.401642;-0.562965;0.423407;0.629022;-0.595065;-0.266375;-0.380998;0.554297;-0.493548;0.551367;0.512482;-0.405219;0.621808;-0.431874;0.400009;-0.546153;0.552623;-0.486124;0.630773;0.001704;0.773405;-0.062979;0.302477;0.501050;0.732684;0.347319;0.182320;0.700560;0.545050;0.422962;0.270493;0.574314;0.671973;0.381378;-0.076148;0.883658;0.073106;0.456077;0.514325;-0.476386;0.620490;-0.351452;0.514325;-0.476386;0.620490;-0.351452;0.612197;0.101897;0.775608;0.115169;0.351452;0.620490;0.476386;0.514325;0.612197;0.101897;0.775608;0.115169;0.514325;-0.476386;0.620490;-0.351452
18000222;1;0.530657;-0.372441;0.713118;-0.266746;0.550531;-0.313417;0.740958;-0.222859;0.501235;-0.372429;0.710263;-0.324941;0.525679;-0.314271;0.737842;-0.283698;0.889675;-0.436003;0.084335;0.106151;0.808488;-0.164787;-0.202420;0.527465;0.573705;-0.225046;-0.132222;0.776359;0.630587;0.085980;-0.575727;0.513328;0.673984;0.137143;-0.565726;0.454853;0.673984;0.137143;-0.565726;0.454853;0.471143;0.212787;-0.087186;0.851554;0.451879;0.869889;-0.038346;-0.193979;0.373258;0.677000;-0.429723;-0.466570;0.515124;0.479198;-0.642931;-0.302748;0.715025;0.146318;-0.490436;-0.476239;0.703360;0.158076;-0.486773;-0.493304;0.703360;0.158076;-0.486773;-0.493304;-0.453517;-0.616853;0.636603;0.092473;-0.368246;0.556519;-0.465657;0.581245;0.526807;-0.389673;0.612145;-0.442615;0.416554;-0.527313;0.562949;-0.481158;0.638976;0.022432;0.767406;-0.047911;0.318284;0.483304;0.742859;0.336560;0.187376;0.704095;0.538194;0.423660;0.263488;0.584943;0.668470;0.376249;-0.077568;0.888687;0.063142;0.447473;0.470381;-0.505581;0.651975;-0.313142;0.470381;-0.505581;0.651975;-0.313142;0.554034;0.103517;0.818516;0.111185;0.313142;0.651975;0.505581;0.470381;0.554034;0.103517;0.818516;0.111185;0.470381;-0.505581;0.651975;-0.313142
18033533;1;0.536031;-0.368103;0.714220;-0.258961;0.554084;-0.313020;0.740019;-0.217671;0.515775;-0.357986;0.711118;-0.316438;0.539490;-0.299806;0.737536;-0.274057;0.899949;-0.422149;0.078629;0.075486;0.773468;-0.290747;-0.286092;0.485145;0.478226;-0.387446;-0.127545;0.777764;0.586462;-0.025191;-0.535292;0.607364;0.668176;0.052532;-0.533304;0.516109;0.668176;0.052532;-0.533304;0.516109;0.497291;0.089358;0.010779;0.862902;0.435261;0.882070;-0.042373;-0.175226;0.356078;0.686667;-0.430282;-0.465354;-0.495684;-0.494174;0.642220;0.312480;0.736560;0.077418;-0.503411;-0.445044;0.661314;0.152191;-0.486059;-0.550679;0.661314;0.152191;-0.486059;-0.550679;-0.482351;-0.591448;0.641522;0.077302;-0.356295;0.557589;-0.439935;0.607129;0.543291;-0.372439;0.604780;-0.447622;0.436804;-0.507297;0.576786;-0.468156;0.644152;0.046517;0.763087;-0.024552;0.331164;0.469160;0.749449;0.329464;0.188995;0.709336;0.527828;0.427225;0.258173;0.596482;0.659760;0.377191;-0.082089;0.890727;0.048858;0.444388;0.474680;-0.470105;0.667396;-0.329033;0.474680;-0.470105;0.667396;-0.329033;0.568311;0.139506;0.804334;0.102988;0.329033;0.667396;0.470105;0.474680;0.568311;0.139506;0.804334;0.102988;0.474680;-0.470105;0.667396;-0.329033
18066888;1;0.533365;-0.385710;0.705384;-0.263027;0.557894;-0.310019;0.741773;-0.205950;0.524597;-0.352762;0.712612;-0.304206;0.547303;-0.294479;0.738606;-0.261157;0.902688;-0.406035;0.079004;0.118525;0.790600;-0.290617;-0.285169;0.457354;0.454859;-0.394413;-0.101085;0.792038;0.380356;-0.380440;-0.547804;0.640708;0.676262;-0.003465;-0.666942;0.312805;0.676262;-0.003465;-0.666942;0.312805;0.479025;-0.313413;0.048464;0.818510;0.428170;0.883359;-0.067836;-0.178176;0.355597;0.690049;-0.430412;-0.460574;0.500371;0.482713;-0.654530;-0.296996;0.747616;0.055311;-0.509121;-0.422857;0.628978;0.172030;-0.482357;-0.584913;0.628978;0.172030;-0.482357;-0.584913;-0.475125;-0.609276;0.629873;0.079365;-0.332163;0.556749;-0.396253;0.650140;0.579420;-0.332357;0.597121;-0.444137;0.455318;-0.497034;0.562474;-0.478817;0.664701;0.043742;0.745584;-0.019050;0.333842;0.441909;0.774384;0.305934;0.164297;0.738745;0.499178;0.422000;0.267090;0.593683;0.661969;0.371485;-0.071719;0.890308;0.052337;0.446619;0.450077;-0.501942;0.666005;-0.319255;0.450077;-0.501942;0.666005;-0.319255;0.543999;0.116010;0.825863;0.092505;0.319255;0.666005;0.501942;0.450077;0.543999;0.116010;0.825863;0.092505;0.450077;-0.501942;0.666005;-0.319255
18100222;1;0.531088;-0.393400;0.706565;-0.252881;0.554562;-0.317576;0.743736;-0.196121;0.526151;-0.351397;0.714592;-0.298402;0.548386;-0.292959;0.740470;-0.255247;0.904982;-0.401408;0.091394;0.107361;0.806075;-0.267887;-0.287622;0.442440;0.457887;-0.378459;-0.106106;0.797402;0.334311;-0.409686;-0.485791;0.695989;0.675296;-0.053185;-0.633251;0.374351;0.675296;-0.053185;-0.633251;0.374351;0.451552;-0.336347;0.117103;0.818082;0.423891;0.885648;-0.067388;-0.177206;0.349162;0.699800;-0.433349;-0.447855;-0.488369;-0.493736;0.658587;0.289800;0.753807;0.008334;-0.491999;-0.435479;0.640711;0.115415;-0.478343;-0.589369;0.640711;0.115415;-0.478343;-0.589369;0.424431;0.654913;-0.606178;-0.153284;-0.318960;0.560201;-0.386426;0.659632;0.583401;-0.324120;0.598437;-0.443242;0.473391;-0.474793;0.585778;-0.455343;0.660982;0.076111;0.746463;0.010158;0.321904;0.437704;0.784824;0.298067;0.151671;0.746231;0.500641;0.411696;0.245980;0.616380;0.648994;0.371989;-0.087210;0.897200;0.027231;0.432071;0.430347;-0.504515;0.674951;-0.323584;0.430347;-0.504515;0.674951;-0.323584;0.533110;0.120517;0.834008;0.075493;0.323584;0.674951;0.504515;0.430347;0.533110;0.120517;0.834008;0.075493;0.430347;-0.504515;0.674951;-0.323584
18133555;1;0.525714;-0.389416;0.716873;-0.240984;0.542546;-0.333668;0.744458;-0.200231;0.521329;-0.358433;0.715227;-0.296971;0.543465;-0.299922;0.741668;-0.254207;0.905556;-0.406333;0.071508;0.098735;0.802417;-0.268906;-0.282713;0.451542;0.456626;-0.375926;-0.104485;0.799535;0.304671;-0.441871;-0.509573;0.672504;0.673015;0.004962;-0.674455;0.303541;0.673015;0.004962;-0.674455;0.303541;0.456355;-0.347025;0.080803;0.815343;0.425454;0.885498;-0.044981;-0.181271;0.353892;0.703854;-0.424143;-0.446602;-0.493997;-0.497021;0.654429;0.284006;0.625334;0.252220;-0.691711;-0.258609;0.584968;0.342774;-0.651601;-0.340197;0.584968;0.342774;-0.651601;-0.340197;-0.374472;0.666035;-0.644271;-0.032913;-0.301044;0.576330;-0.379307;0.658287;0.590578;-0.308453;0.617187;-0.418514;0.463702;-0.487323;0.564921;-0.477871;0.669954;0.052393;0.740446;-0.012518;0.303579;0.411782;0.812508;0.279476;0.121823;0.764705;0.494900;0.394282;0.258786;0.619696;0.638560;0.375830;-0.080880;0.892275;0.017451;0.443846;0.464623;-0.492760;0.654608;-0.335859;0.464623;-0.492760;0.654608;-0.335859;0.566026;0.114444;0.811312;0.091050;0.335859;0.654608;0.492760;0.464623;0.566026;0.114444;0.811312;0.091050;0.464623;-0.492760;0.654608;-0.335859
18166866;1;0.495097;-0.426896;0.711910;-0.256559;0.524932;-0.327968;0.762557;-0.188121;0.513747;-0.379592;0.711037;-0.293940;0.535665;-0.321349;0.739187;-0.251794;0.896849;-0.413818;0.038948;0.151327;0.809090;-0.274891;-0.279994;0.437506;0.452851;-0.381661;-0.091085;0.800602;0.293362;-0.421854;-0.484462;0.708007;0.674559;-0.021182;-0.642040;0.363739;0.674559;-0.021182;-0.642040;0.363739;0.450713;-0.286116;0.102709;0.839313;0.449972;0.866672;-0.075889;-0.201609;0.341374;0.719578;-0.426198;-0.428983;-0.469339;-0.526245;0.650004;0.283342;0.562066;0.421155;-0.700876;-0.124432;0.569062;0.373901;-0.727184;-0.087004;0.569062;0.373901;-0.727184;-0.087004;0.432818;-0.604983;0.649109;0.159128;-0.310800;0.566339;-0.391307;0.655395;0.600696;-0.289022;0.624787;-0.406538;0.452823;-0.500200;0.550086;-0.492094;0.672252;0.032703;0.738984;-0.030165;0.257790;0.411435;0.832581;0.266598;0.083084;0.782440;0.500232;0.361461;0.255135;0.619796;0.647720;0.362239;-0.073863;0.898726;0.023842;0.431586;0.455338;-0.493430;0.670955;-0.314666;0.455338;-0.493430;0.670955;-0.314666;0.544475;0.125529;0.823344;0.099470;0.314666;0.670955;0.493430;0.455338;0.544475;0.125529;0.823344;0.099470;0.455338;-0.493430;0.670955;-0.314666
18200222;1;0.486115;-0.441368;0.715196;-0.239543;0.511113;-0.353348;0.762533;-0.180143;0.518148;-0.368261;0.720837;-0.276224;0.538630;-0.309269;0.748048;-0.233783;0.907882;-0.394160;0.051021;0.133361;0.816400;-0.253659;-0.288494;0.431184;0.457242;-0.368891;-0.107194;0.802096;0.285612;-0.440579;-0.453061;0.720452;0.648089;-0.099724;-0.624043;0.424978;0.648089;-0.099724;-0.624043;0.424978;0.446796;-0.280090;0.135719;0.838751;0.427702;0.880331;-0.060115;-0.196148;0.344537;0.721018;-0.424584;-0.425624;-0.462106;-0.548345;0.632026;0.293801;0.552954;0.414098;-0.712187;-0.124718;0.557234;0.387151;-0.727187;-0.103935;0.557234;0.387151;-0.727187;-0.103935;0.438570;-0.591338;0.659577;0.151439;-0.307253;0.557385;-0.386351;0.667571;0.613478;-0.269313;0.622452;-0.404561;0.463983;-0.493138;0.558807;-0.478821;0.670821;0.043957;0.740202;-0.012946;0.246590;0.410585;0.837977;0.261548;0.073265;0.788555;0.498941;0.351954;0.223517;0.639627;0.644841;0.353692;-0.090387;0.910610;0.007929;0.403183;0.493800;-0.473067;0.649084;-0.333254;0.493800;-0.473067;0.649084;-0.333254;0.584816;0.124463;0.793481;0.113523;0.333254;0.649084;0.473067;0.493800;0.584816;0.124463;0.793481;0.113523;0.493800;-0.473067;0.649084;-0.333254
18233555;1;0.483966;-0.429118;0.715642;-0.263612;0.515466;-0.327232;0.767596;-0.194960;0.508096;-0.377970;0.717222;-0.290807;0.529780;-0.319237;0.745223;-0.249125;0.900187;-0.411648;0.051324;0.132569;0.818508;-0.245165;-0.299417;0.424603;0.440933;-0.370712;-0.111039;0.809828;0.213450;-0.479472;-0.535788;0.661421;0.503383;-0.165426;-0.699712;0.479212;0.503383;-0.165426;-0.699712;0.479212;0.451657;-0.360207;0.022118;0.815946;0.442872;0.871366;-0.054625;-0.203965;0.353529;0.721699;-0.419849;-0.421775;-0.470760;-0.547521;0.630352;0.285065;0.547702;0.431107;-0.702321;-0.144622;0.558777;0.363931;-0.739366;-0.093065;0.558777;0.363931;-0.739366;-0.093065;0.452647;-0.599837;0.639598;0.161928;-0.301430;0.565890;-0.380124;0.666644;0.618996;-0.262631;0.629113;-0.389982;0.478496;-0.481828;0.568299;-0.464672;0.671137;0.058784;0.738964;0.007237;0.233152;0.387805;0.852334;0.262250;0.047850;0.796582;0.492238;0.347663;0.218044;0.640160;0.644004;0.357646;-0.097062;0.910393;0.006998;0.402137;0.470615;-0.499342;0.664306;-0.296439;0.470615;-0.499342;0.664306;-0.296439;0.542390;0.116647;0.822823;0.123161;0.296439;0.664306;0.499342;0.470615;0.542390;0.116647;0.822823;0.123161;0.470615;-0.499342;0.664306;-0.296439
18266888;1;0.497274;-0.426100;0.700916;-0.282621;0.537897;-0.301464;0.762866;-0.194479;0.512444;-0.386174;0.710885;-0.287946;0.533885;-0.327922;0.739564;-0.245924;0.893525;-0.411046;0.026090;0.178812;0.790998;-0.217003;-0.298718;0.487852;0.405163;-0.343493;-0.135408;0.836373;0.184409;-0.428296;-0.515573;0.718847;-0.471744;0.169355;0.648515;-0.572891;-0.471744;0.169355;0.648515;-0.572891;0.427431;-0.472690;0.033656;0.769892;0.451985;0.862929;-0.069441;-0.215035;0.390117;0.704626;-0.395398;-0.441555;0.541439;0.467955;-0.658677;-0.232394;0.582146;0.399965;-0.691037;-0.153628;0.565664;0.461464;-0.651579;-0.206203;0.565664;0.461464;-0.651579;-0.206203;-0.371357;0.681509;-0.628140;-0.055495;-0.278582;0.562295;-0.357860;0.691486;0.637628;-0.235374;0.623598;-0.386207;0.464072;-0.509131;0.542060;-0.481242;0.672588;0.020799;0.739583;-0.014471;0.246767;0.353021;0.866327;0.252905;0.034722;0.816969;0.455716;0.351682;0.215449;0.642314;0.647547;0.348852;-0.092706;0.914370;0.007970;0.394043;0.458743;-0.471160;0.687424;-0.308240;0.458743;-0.471160;0.687424;-0.308240;0.542339;0.152922;0.819242;0.106422;0.308240;0.687424;0.471160;0.458743;0.542339;0.152922;0.819242;0.106422;0.458743;-0.471160;0.687424;-0.308240
18300200;1;0.501734;-0.415990;0.697576;-0.297661;0.543654;-0.296323;0.756210;-0.211611;0.521082;-0.366437;0.717155;-0.282642;0.542070;-0.307746;0.744231;-0.239944;0.901810;-0.394139;0.016079;0.176450;0.783989;-0.235822;-0.286754;0.497515;0.382582;-0.354475;-0.110395;0.846045;-0.135745;0.413535;0.654790;-0.617909;-0.466495;-0.038417;0.773489;-0.427342;-0.466495;-0.038417;0.773489;-0.427342;0.358258;0.066086;-0.113119;0.924385;0.430623;0.873694;-0.069751;-0.215308;0.405227;0.696131;-0.385688;-0.449931;0.562241;0.454322;-0.653410;-0.224792;0.584788;0.394702;-0.688399;-0.168346;0.574571;0.432210;-0.665490;-0.200465;0.574571;0.432210;-0.665490;-0.200465;-0.305452;0.718175;-0.625155;0.010255;-0.270538;0.562210;-0.336561;0.705306;0.654238;-0.224948;0.615459;-0.377600;-0.461643;0.519955;-0.512517;0.503844;0.686720;-0.007801;0.726173;-0.032054;0.257520;0.319867;0.875762;0.253790;0.020706;0.824855;0.434572;0.361016;0.222583;0.656186;0.622355;0.364075;-0.098523;0.906571;-0.019650;0.409922;0.468843;-0.480828;0.646097;-0.362697;0.468843;-0.480828;0.646097;-0.362697;0.587987;0.116863;0.796857;0.075056;0.362697;0.646097;0.480828;0.468843;0.587987;0.116863;0.796857;0.075056;0.468843;-0.480828;0.646097;-0.362697
18333555;1;0.501525;-0.415218;0.696538;-0.301499;0.547252;-0.284353;0.759417;-0.207231;0.516095;-0.373790;0.715281;-0.286879;0.537438;-0.315226;0.742953;-0.244568;0.897030;-0.402745;0.037909;0.178039;0.786527;-0.211325;-0.295693;0.499282;0.404458;-0.335572;-0.139586;0.839239;0.070933;-0.521345;-0.468919;0.709424;0.524931;-0.077260;-0.696934;0.482454;0.524931;-0.077260;-0.696934;0.482454;0.369973;0.241006;0.024513;0.896903;0.438031;0.875616;-0.061151;-0.194129;0.405317;0.699100;-0.396336;-0.435769;0.546700;0.479714;-0.644746;-0.235151;0.591670;0.357829;-0.712940;-0.116625;0.582625;0.404360;-0.687618;-0.155639;0.582625;0.404360;-0.687618;-0.155639;-0.401526;0.661260;-0.628949;-0.077040;-0.261950;0.563614;-0.328564;0.711173;0.657562;-0.220979;0.613859;-0.376773;0.472556;-0.510153;0.520234;-0.495774;0.688765;0.004668;0.724728;-0.018708;0.262225;0.308479;0.879545;0.249959;0.019972;0.827165;0.429558;0.361774;0.185851;0.670971;0.621129;0.359798;-0.121656;0.916034;-0.030798;0.380963;0.472643;-0.499152;0.667952;-0.285124;0.472643;-0.499152;0.667952;-0.285124;0.535822;0.119360;0.825267;0.132596;0.285124;0.667952;0.499152;0.472643;0.535822;0.119360;0.825267;0.132596;0.472643;-0.499152;0.667952;-0.285124
18366877;1;0.506222;-0.393533;0.695241;-0.324826;0.559964;-0.249997;0.758768;-0.219575;0.521060;-0.363074;0.713807;-0.295217;0.543056;-0.304662;0.740624;-0.252481;0.897699;-0.402570;0.022858;0.177625;0.768965;-0.229566;-0.301941;0.514610;0.383392;-0.354050;-0.136080;0.842105;-0.021940;-0.540400;-0.484522;0.687550;-0.491764;0.008359;0.725757;-0.481014;-0.491764;0.008359;0.725757;-0.481014;0.266018;0.327179;0.002939;0.906741;0.434359;0.873710;-0.075074;-0.205735;0.407703;0.703204;-0.392502;-0.430378;0.548419;0.480158;-0.646530;-0.225130;0.589180;0.394350;-0.692936;-0.131128;0.599093;0.325546;-0.727800;-0.073582;0.599093;0.325546;-0.727800;-0.073582;-0.412140;0.644268;-0.631607;-0.127014;-0.246065;0.576386;-0.308632;0.715526;0.662607;-0.220234;0.615641;-0.365289;0.486270;-0.495366;0.520911;-0.496795;0.699157;0.015685;0.714728;-0.009829;0.265805;0.282606;0.887873;0.247310;0.008788;0.832762;0.417915;0.363012;0.176216;0.667638;0.628590;0.357887;-0.127106;0.918873;-0.023122;0.372803;0.464868;-0.497427;0.663306;-0.310628;0.464868;-0.497427;0.663306;-0.310628;0.548358;0.117294;0.820762;0.109064;0.310628;0.663306;0.497427;0.464868;0.548358;0.117294;0.820762;0.109064;0.464868;-0.497427;0.663306;-0.310628
18400222;1;0.511208;-0.392621;0.689320;-0.330685;0.565347;-0.252441;0.752055;-0.225986;0.529692;-0.344609;0.721057;-0.284161;0.550774;-0.285675;0.746370;-0.240768;0.909401;-0.382818;0.021609;0.161164;0.787642;-0.222455;-0.259611;0.512578;0.382854;-0.327797;-0.097124;0.858218;0.030966;-0.504921;-0.483868;0.714120;0.514182;-0.032969;-0.698561;0.496531;0.514182;-0.032969;-0.698561;0.496531;0.334630;0.282488;0.037164;0.898244;0.411778;0.882505;-0.076337;-0.213999;0.401181;0.712563;-0.401753;-0.412191;0.533220;0.490396;-0.654724;-0.215696;0.579405;0.410859;-0.693603;-0.119997;0.591078;0.296348;-0.749712;-0.027132;0.591078;0.296348;-0.749712;-0.027132;-0.414552;0.640759;-0.632495;-0.132383;-0.230953;0.571676;-0.302600;0.726829;0.669466;-0.203698;0.613947;-0.365229;0.509464;-0.472698;0.544128;-0.470030;0.696749;0.048329;0.715237;0.025322;0.267078;0.275772;0.889496;0.247824;0.002412;0.837024;0.408168;0.364394;0.180275;0.675038;0.616714;0.362613;-0.127633;0.915800;-0.036763;0.379036;0.488501;-0.498640;0.629668;-0.340945;0.488501;-0.498640;0.629668;-0.340945;0.586507;0.092650;0.797834;0.104338;0.340945;0.629668;0.498640;0.488501;0.586507;0.092650;0.797834;0.104338;0.488501;-0.498640;0.629668;-0.340945
18433544;1;0.511240;-0.387354;0.691897;-0.331464;0.564367;-0.250609;0.752303;-0.229620;0.527507;-0.353878;0.717821;-0.285026;0.548666;-0.295174;0.743887;-0.241806;0.905205;-0.389614;0.041930;0.164458;0.783707;-0.217853;-0.282667;0.508373;0.373770;-0.337566;-0.115801;0.856116;-0.039977;-0.558334;-0.467348;0.684289;-0.443053;0.081893;0.723495;-0.523023;-0.443053;0.081893;0.723495;-0.523023;0.313050;0.182540;0.040885;0.931132;0.420918;0.882950;-0.074693;-0.194031;0.406336;0.708361;-0.405142;-0.411067;0.532457;0.500137;-0.644809;-0.224887;0.585201;0.408612;-0.691395;-0.112021;0.595730;0.284934;-0.750868;-0.010753;0.595730;0.284934;-0.750868;-0.010753;0.409602;-0.636893;0.637512;0.142025;-0.222798;0.570622;-0.298066;0.732058;0.674912;-0.193217;0.614137;-0.360551;0.510948;-0.471498;0.540826;-0.473422;0.700174;0.046845;0.712030;0.023970;0.248138;0.266518;0.898860;0.243817;-0.014175;0.845283;0.405510;0.347645;0.177424;0.678596;0.619377;0.352705;-0.122683;0.920149;-0.037407;0.369968;0.490114;-0.506019;0.646457;-0.292961;0.490114;-0.506019;0.646457;-0.292961;0.553718;0.099305;0.814924;0.139408;0.292961;0.646457;0.506019;0.490114;0.553718;0.099305;0.814924;0.139408;0.490114;-0.506019;0.646457;-0.292961
18466888;1;0.506639;-0.389939;0.701790;-0.314253;0.553737;-0.261377;0.759107;-0.220938;0.526909;-0.354389;0.718361;-0.284135;0.547998;-0.295640;0.744467;-0.240966;0.906139;-0.389162;0.032878;0.162434;0.766689;-0.274900;-0.285519;0.505071;0.339872;-0.388814;-0.076907;0.852875;0.061075;-0.469194;-0.572150;0.669904;-0.480507;-0.013226;0.739813;-0.470760;-0.480507;-0.013226;0.739813;-0.470760;0.355927;0.215567;-0.012750;0.909222;0.422797;0.880443;-0.082828;-0.197998;0.386803;0.727648;-0.414385;-0.386260;-0.494321;-0.545507;0.635302;0.233368;0.583946;0.424612;-0.690587;-0.042445;0.582401;0.297685;-0.754048;0.060031;0.582401;0.297685;-0.754048;0.060031;0.382740;-0.625117;0.661451;0.158814;-0.206788;0.578572;-0.292251;0.732859;0.677517;-0.179957;0.622750;-0.347518;0.528392;-0.451190;0.560582;-0.450530;0.696413;0.075336;0.711754;0.052343;0.248593;0.252439;0.901159;0.249776;-0.023184;0.843266;0.405803;0.351694;0.173204;0.677230;0.617888;0.359963;-0.130791;0.918143;-0.037454;0.372161;0.464153;-0.489598;0.665858;-0.318574;0.464153;-0.489598;0.665858;-0.318574;0.553471;0.124635;0.817031;0.102940;0.318574;0.665858;0.489598;0.464153;0.553471;0.124635;0.817031;0.102940;0.464153;-0.489598;0.665858;-0.318574
18500211;1;0.503320;-0.395112;0.703730;-0.308740;0.548921;-0.268183;0.761201;-0.217569;0.529316;-0.343445;0.725796;-0.274026;0.549586;-0.284135;0.751001;-0.230696;0.911747;-0.373768;0.036189;0.166447;0.777594;-0.263176;-0.285899;0.494315;0.353553;-0.379555;-0.083294;0.850882;0.013838;-0.528482;-0.493079;0.690933;0.501370;-0.020459;-0.722497;0.475612;0.501370;-0.020459;-0.722497;0.475612;0.374646;0.233895;0.032106;0.896606;0.410906;0.883845;-0.095172;-0.202276;0.375700;0.736045;-0.422832;-0.371888;-0.473213;-0.566742;0.631943;0.235629;0.557982;0.433428;-0.705942;-0.049406;0.558020;0.303233;-0.770885;0.048979;0.558020;0.303233;-0.770885;0.048979;0.407496;-0.596546;0.670668;0.168180;-0.195020;0.578555;-0.284613;0.739078;0.683112;-0.169581;0.622109;-0.342900;0.545403;-0.426207;0.569273;-0.443635;0.703555;0.099281;0.700272;0.069088;0.240949;0.244023;0.907036;0.244299;-0.030424;0.849639;0.400421;0.341835;0.178147;0.679273;0.618500;0.352576;-0.122085;0.920014;-0.038509;0.370386;0.479771;-0.505598;0.631127;-0.340397;0.479771;-0.505598;0.631127;-0.340397;0.579946;0.088762;0.803786;0.098552;0.340397;0.631127;0.505598;0.479771;0.579946;0.088762;0.803786;0.098552;0.479771;-0.505598;0.631127;-0.340397
18533555;1;0.494683;-0.394280;0.710022;-0.309357;0.544646;-0.251467;0.772238;-0.209221;0.524316;-0.350941;0.727184;-0.270437;0.544315;-0.291496;0.752985;-0.227520;0.910465;-0.375966;0.055910;0.163027;0.784360;-0.245514;-0.269383;0.501932;0.339275;-0.356986;-0.073520;0.867207;-0.087559;-0.494045;-0.589865;0.632702;-0.340689;-0.002220;0.769426;-0.540287;-0.340689;-0.002220;0.769426;-0.540287;0.315444;0.077918;0.000708;0.945740;0.412453;0.886857;-0.077103;-0.193451;0.397024;0.724977;-0.432574;-0.360084;0.501920;0.514041;-0.669682;-0.188055;0.588405;0.430704;-0.683854;-0.024834;0.587506;0.351801;-0.727598;0.040902;0.587506;0.351801;-0.727598;0.040902;0.276044;-0.672116;0.686560;-0.026360;-0.175775;0.588785;-0.273528;0.740013;0.681746;-0.165466;0.627818;-0.337177;0.565215;-0.403784;0.597839;-0.400099;0.686951;0.135574;0.704829;0.113733;0.235974;0.232080;0.911107;0.245641;-0.037481;0.848416;0.405129;0.338610;0.183928;0.680010;0.614144;0.355787;-0.120264;0.917507;-0.042132;0.376752;0.458883;-0.531632;0.638300;-0.315226;0.458883;-0.531632;0.638300;-0.315226;0.547378;0.075426;0.827266;0.101581;0.315226;0.638300;0.531632;0.458883;0.547378;0.075426;0.827266;0.101581;0.458883;-0.531632;0.638300;-0.315226
18566877;1;0.493459;-0.407795;0.711375;-0.290081;0.540235;-0.262553;0.776799;-0.189195;0.528324;-0.346598;0.729082;-0.263028;0.547715;-0.287014;0.754528;-0.219813;0.913964;-0.367712;0.061655;0.160175;0.783737;-0.230959;-0.255062;0.517066;0.326415;-0.337067;-0.069171;0.880372;-0.051023;-0.479925;-0.517649;0.706476;-0.397527;0.056154;0.703658;-0.586245;-0.397527;0.056154;0.703658;-0.586245;0.291581;0.085717;0.073760;0.949838;0.407607;0.889293;-0.090698;-0.186514;0.418698;0.712933;-0.420493;-0.373637;0.533805;0.482873;-0.672251;-0.173103;0.590588;0.401053;-0.697920;-0.057191;0.593268;0.344065;-0.727705;-0.009868;0.593268;0.344065;-0.727705;-0.009868;0.192015;-0.667072;0.707011;-0.135204;-0.157670;0.590296;-0.265630;0.745742;0.680456;-0.162010;0.626748;-0.343395;0.565096;-0.398428;0.601759;-0.399759;0.686621;0.142136;0.703837;0.113853;0.240300;0.228246;0.913322;0.236650;-0.031548;0.852170;0.400024;0.335846;0.168251;0.684762;0.618318;0.347096;-0.125276;0.923719;-0.042487;0.359505;0.462741;-0.497000;0.660803;-0.319689;0.462741;-0.497000;0.660803;-0.319689;0.553262;0.115826;0.818690;0.101153;0.319689;0.660803;0.497000;0.462741;0.553262;0.115826;0.818690;0.101153;0.462741;-0.497000;0.660803;-0.319689
18600222;1;0.495279;-0.398383;0.712491;-0.297230;0.540104;-0.265848;0.771802;-0.204779;0.532592;-0.336876;0.731024;-0.261658;0.551860;-0.277167;0.755684;-0.218105;0.917041;-0.360112;0.058848;0.160909;0.789376;-0.243680;-0.212417;0.521904;0.318869;-0.322381;-0.023910;0.890967;-0.085033;-0.403865;-0.540566;0.733110;-0.450816;-0.088105;0.668996;-0.584334;-0.450816;-0.088105;0.668996;-0.584334;0.176961;0.229712;0.107414;0.950989;0.399165;0.888216;-0.094833;-0.206750;0.439145;0.694616;-0.427305;-0.376925;0.562798;0.422874;-0.697322;-0.134827;0.730790;0.022406;-0.588381;-0.345327;0.645911;0.140866;-0.571709;-0.485906;0.645911;0.140866;-0.571709;-0.485906;-0.439567;-0.557530;0.702250;-0.052781;-0.100580;0.614431;-0.223060;0.750068;0.681664;-0.151797;0.635842;-0.328628;0.601616;-0.333148;0.634901;-0.352096;0.678806;0.212141;0.681386;0.173010;0.244690;0.178154;0.927129;0.220953;-0.043304;0.864831;0.378588;0.326900;0.165186;0.707745;0.595243;0.342778;-0.124602;0.923756;-0.075059;0.354282;0.471653;-0.502100;0.632600;-0.353915;0.471653;-0.502100;0.632600;-0.353915;0.583765;0.092277;0.802354;0.083254;0.353915;0.632600;0.502100;0.471653;0.583765;0.092277;0.802354;0.083254;0.471653;-0.502100;0.632600;-0.353915
18633555;1;0.482932;-0.420510;0.712298;-0.287367;0.524516;-0.294218;0.773067;-0.201709;0.533798;-0.326239;0.740404;-0.245826;0.551792;-0.265812;0.764181;-0.202227;0.923117;-0.340238;0.074389;0.162968;0.793497;-0.265953;-0.208862;0.505973;0.308247;-0.338161;0.001256;0.889173;-0.032707;-0.353791;-0.611645;0.706861;-0.478306;-0.184431;0.682102;-0.521484;-0.478306;-0.184431;0.682102;-0.521484;0.227546;0.300804;0.074762;0.923120;0.380889;0.899290;-0.090861;-0.194794;0.429904;0.706397;-0.441866;-0.347764;0.539202;0.439156;-0.708085;-0.122551;0.745905;-0.046903;-0.550602;-0.371837;0.648143;0.072964;-0.547758;-0.523974;0.648143;0.072964;-0.547758;-0.523974;-0.406466;-0.548602;0.730550;0.010845;-0.078875;0.613015;-0.221943;0.754144;0.681770;-0.135804;0.637699;-0.331793;0.608241;-0.313692;0.652019;-0.326360;0.665358;0.238136;0.679894;0.195791;0.250645;0.162236;0.928837;0.219357;-0.044494;0.864066;0.377363;0.330164;0.174443;0.729698;0.556754;0.356561;-0.127987;0.912333;-0.117825;0.370656;0.493371;-0.515729;0.619533;-0.326784;0.493371;-0.515729;0.619533;-0.326784;0.579937;0.073400;0.802752;0.117795;0.326784;0.619533;0.515729;0.493371;0.579937;0.073400;0.802752;0.117795;0.493371;-0.515729;0.619533;-0.326784
18666888;1;0.483129;-0.420147;0.712502;-0.287059;0.524808;-0.293248;0.773427;-0.200980;0.534114;-0.324700;0.741197;-0.244783;0.552024;-0.264216;0.764849;-0.201163;0.923747;-0.338341;0.074098;0.163482;0.792944;-0.264858;-0.210278;0.506827;0.307164;-0.338181;-0.000488;0.889542;-0.032644;-0.357379;-0.609380;0.707015;-0.474366;-0.174947;0.684440;-0.525274;-0.474366;-0.174947;0.684440;-0.525274;0.246285;0.279666;0.076155;0.924841;0.379140;0.899839;-0.091491;-0.195379;0.428470;0.706516;-0.442175;-0.348898;0.538364;0.439417;-0.708235;-0.124421;0.744997;-0.043626;-0.551211;-0.373152;0.646741;0.076536;-0.547612;-0.525347;0.646741;0.076536;-0.547612;-0.525347;-0.404447;-0.551155;0.729729;0.012073;-0.079242;0.612941;-0.222319;0.754055;0.681747;-0.135717;0.637778;-0.331725;0.608003;-0.314067;0.651832;-0.326817;0.665512;0.237736;0.680024;0.195301;0.250870;0.162461;0.928671;0.219639;-0.044627;0.864074;0.377029;0.330504;0.173723;0.730067;0.556309;0.356850;-0.128705;0.912280;-0.118397;0.370355;0.494438;-0.512445;0.623877;-0.322040;0.494438;-0.512445;0.623877;-0.322040;0.577337;0.078794;0.803501;0.121903;0.322040;0.623877;0.512445;0.494438;0.577337;0.078794;0.803501;0.121903;0.494438;-0.512445;0.623877;-0.322040
18700200;1;0.478560;-0.448558;0.710230;-0.255634;0.517673;-0.309033;0.781108;-0.162430;0.536415;-0.325730;0.741148;-0.238449;0.553810;-0.265246;0.764883;-0.194664;0.925033;-0.335156;0.095721;0.151067;0.793082;-0.259585;-0.199912;0.513490;0.287933;-0.327492;0.009917;0.899858;-0.035118;-0.415342;-0.584084;0.696493;-0.449186;-0.094399;0.710459;-0.533449;-0.449186;-0.094399;0.710459;-0.533449;0.302819;0.185012;0.057241;0.933164;0.376083;0.906167;-0.095853;-0.168033;0.422993;0.709615;-0.448366;-0.341308;0.526551;0.459239;-0.702627;-0.134753;0.703397;0.016329;-0.617782;-0.351156;0.659602;0.085476;-0.612058;-0.427789;0.659602;0.085476;-0.612058;-0.427789;-0.458385;-0.543721;0.699870;-0.066580;-0.061115;0.597480;-0.215424;0.769984;0.689433;-0.126742;0.622402;-0.348188;0.626439;-0.281482;0.650638;-0.324054;0.676508;0.260095;0.656150;0.210129;0.274285;0.162014;0.922433;0.218256;-0.032463;0.860659;0.369250;0.349094;0.163396;0.741369;0.534747;0.371105;-0.146211;0.905136;-0.141562;0.373245;0.477213;-0.488282;0.655368;-0.323020;0.477213;-0.488282;0.655368;-0.323020;0.565850;0.118148;0.808683;0.109031;0.323020;0.655368;0.488282;0.477213;0.565850;0.118148;0.808683;0.109031;0.477213;-0.488282;0.655368;-0.323020
18733555;1;0.479067;-0.447930;0.710455;-0.255161;0.518255;-0.307543;0.781540;-0.161319;0.537087;-0.323651;0.742086;-0.236846;0.554351;-0.263098;0.765651;-0.193012;0.925756;-0.332274;0.095019;0.153431;0.790282;-0.258615;-0.201746;0.517562;0.281812;-0.327892;0.008384;0.901664;-0.047927;-0.411813;-0.591801;0.691292;-0.424433;-0.086664;0.715756;-0.547758;-0.424433;-0.086664;0.715756;-0.547758;0.266299;0.133211;0.044057;0.953624;0.373714;0.906879;-0.097270;-0.168662;0.421930;0.709133;-0.449792;-0.341749;0.525718;0.458460;-0.703561;-0.135784;0.700892;0.021787;-0.621613;-0.349103;0.659518;0.088169;-0.615714;-0.422087;0.659518;0.088169;-0.615714;-0.422087;-0.435226;-0.568148;0.695935;-0.058828;-0.061893;0.596796;-0.216654;0.770107;0.689872;-0.125463;0.622431;-0.347729;0.626909;-0.281055;0.651465;-0.321849;0.675288;0.260992;0.656443;0.212020;0.275051;0.162289;0.922089;0.218541;-0.032200;0.860435;0.369033;0.349899;0.161674;0.739962;0.537454;0.370757;-0.147172;0.906034;-0.138643;0.371781;0.481150;-0.481814;0.658415;-0.320687;0.481150;-0.481814;0.658415;-0.320687;0.566984;0.124876;0.806264;0.113465;0.320687;0.658415;0.481814;0.481150;0.566984;0.124876;0.806264;0.113465;0.481150;-0.481814;0.658415;-0.320687
18766888;1;0.483133;-0.449300;0.707638;-0.252903;0.524237;-0.297215;0.783763;-0.150177;0.540213;-0.322355;0.741689;-0.232711;0.557135;-0.261839;0.765151;-0.188640;0.927306;-0.328310;0.087681;0.156937;0.789698;-0.251592;-0.174466;0.531639;0.272506;-0.305145;0.024969;0.912142;-0.081506;-0.460453;-0.586013;0.661762;-0.373124;-0.037601;0.744321;-0.552585;-0.373124;-0.037601;0.744321;-0.552585;0.300093;0.145575;0.037711;0.941982;0.373694;0.904982;-0.111546;-0.170052;0.434751;0.698794;-0.451871;-0.344226;0.538155;0.449540;-0.700295;-0.133753;0.659948;-0.127945;-0.572084;-0.469913;0.652286;-0.118705;-0.574073;-0.480491;0.652286;-0.118705;-0.574073;-0.480491;-0.423424;-0.614000;0.645848;0.163085;-0.063953;0.584915;-0.224092;0.776896;0.691282;-0.122398;0.614344;-0.360180;0.617378;-0.300251;0.643417;-0.338687;0.680439;0.241597;0.664232;0.193467;0.287356;0.166646;0.919455;0.210377;-0.018965;0.860956;0.363135;0.355707;0.123195;0.746073;0.544583;0.362804;-0.168886;0.915200;-0.137759;0.338982;0.483225;-0.476344;0.657076;-0.328393;0.483225;-0.476344;0.657076;-0.328393;0.573901;0.127797;0.801448;0.109483;0.328393;0.657076;0.476344;0.483225;0.573901;0.127797;0.801448;0.109483;0.483225;-0.476344;0.657076;-0.328393
18800222;1;0.483007;-0.449300;0.707754;-0.252818;0.524089;-0.297232;0.783863;-0.150146;0.539534;-0.323038;0.741976;-0.232425;0.556435;-0.262496;0.765492;-0.188409;0.926747;-0.328287;0.088353;0.159879;0.786130;-0.252636;-0.172856;0.536931;0.264616;-0.304876;0.027467;0.914480;-0.093160;-0.450152;-0.594123;0.660078;-0.353376;-0.037653;0.744446;-0.565250;-0.353376;-0.037653;0.744446;-0.565250;0.271163;0.068674;0.025482;0.959742;0.374226;0.904676;-0.111224;-0.170721;0.436385;0.697997;-0.451914;-0.343717;0.539517;0.448350;-0.700292;-0.132270;0.659939;-0.130695;-0.573028;-0.468015;0.652096;-0.121186;-0.575114;-0.478882;0.652096;-0.121186;-0.575114;-0.478882;-0.434327;-0.608131;0.644073;0.163421;-0.063891;0.584788;-0.224288;0.776940;0.691289;-0.122159;0.614342;-0.360250;0.617202;-0.300547;0.643497;-0.338592;0.680249;0.241443;0.664499;0.193411;0.287330;0.166701;0.919444;0.210416;-0.019010;0.860975;0.363088;0.355707;0.122804;0.746095;0.544693;0.362727;-0.169109;0.915291;-0.137696;0.338652;0.481289;-0.478013;0.657478;-0.328005;0.481289;-0.478013;0.657478;-0.328005;0.572257;0.126901;0.802913;0.108389;0.328005;0.657478;0.478013;0.481289;0.572257;0.126901;0.802913;0.108389;0.481289;-0.478013;0.657478;-0.328005
18833555;1;0.483551;-0.445629;0.704499;-0.266973;0.530339;-0.280225;0.785097;-0.154392;0.548985;-0.317078;0.738624;-0.229156;0.565593;-0.256825;0.761672;-0.184393;0.925027;-0.320096;0.082885;0.187067;0.746278;-0.297231;-0.145733;0.577482;0.226139;-0.323459;0.070419;0.916120;0.025299;-0.243183;-0.674644;0.696475;-0.246231;0.015181;0.716974;-0.651988;-0.246231;0.015181;0.716974;-0.651988;0.201794;-0.410554;-0.141357;0.877920;0.372828;0.902714;-0.144467;-0.158859;0.458995;0.679565;-0.452060;-0.350936;0.569744;0.389899;-0.717040;-0.096046;0.684254;-0.059254;-0.667057;-0.288652;0.617603;0.067506;-0.666272;-0.412420;0.617603;0.067506;-0.666272;-0.412420;0.530937;0.493984;-0.675716;0.132263;-0.049179;0.592830;-0.205004;0.777243;0.691463;-0.129756;0.613756;-0.358255;0.597524;-0.347800;0.631869;-0.350345;0.674716;0.199600;0.689584;0.171440;0.319327;0.148214;0.913711;0.202966;-0.003326;0.853853;0.357360;0.378440;0.168072;0.718543;0.560031;0.376581;-0.146548;0.906777;-0.107533;0.380415;0.490189;-0.471584;0.664323;-0.309837;0.490189;-0.471584;0.664323;-0.309837;0.565704;0.136287;0.803207;0.127528;0.309837;0.664323;0.471584;0.490189;0.565704;0.136287;0.803207;0.127528;0.490189;-0.471584;0.664323;-0.309837
18866855;1;0.478488;-0.438056;0.703420;-0.290444;0.529835;-0.276181;0.781291;-0.180508;0.544567;-0.316724;0.739485;-0.237267;0.561840;-0.256402;0.762502;-0.192832;0.922820;-0.325806;0.070971;0.192917;0.737160;-0.305536;-0.158912;0.581369;0.197230;-0.336700;0.072379;0.917875;0.007833;0.270181;0.741642;-0.613928;-0.313439;-0.156174;0.773719;-0.527944;-0.313439;-0.156174;0.773719;-0.527944;0.182046;-0.138714;-0.173070;0.957948;0.377261;0.897890;-0.136601;-0.181132;0.460787;0.683961;-0.442716;-0.351958;0.574821;0.373002;-0.724341;-0.076023;0.653088;-0.170512;-0.635404;-0.375052;0.559272;-0.032633;-0.657075;-0.504384;0.559272;-0.032633;-0.657075;-0.504384;0.505615;0.462009;-0.728247;0.023614;-0.065824;0.597596;-0.218044;0.768767;0.688636;-0.128544;0.623055;-0.347935;0.617415;-0.302144;0.650359;-0.323328;0.669676;0.245208;0.670553;0.204368;0.288102;0.157490;0.916746;0.227530;-0.034021;0.854791;0.366749;0.365610;0.165390;0.728828;0.542570;0.383502;-0.153441;0.901800;-0.127133;0.383470;0.483071;-0.488794;0.647009;-0.330306;0.483071;-0.488794;0.647009;-0.330306;0.575145;0.111874;0.803134;0.108021;0.330306;0.647009;0.488794;0.483071;0.575145;0.111874;0.803134;0.108021;0.483071;-0.488794;0.647009;-0.330306
18900222;1;0.480650;-0.433772;0.703112;-0.294025;0.529309;-0.286136;0.775017;-0.193150;0.550129;-0.309702;0.741319;-0.227794;0.566624;-0.249256;0.763767;-0.182944;0.927725;-0.314377;0.067019;0.189743;0.728278;-0.325442;-0.169498;0.578766;0.178825;-0.357631;0.082112;0.912896;0.004497;0.246334;0.766773;-0.592754;-0.275663;-0.144520;0.792298;-0.524774;-0.275663;-0.144520;0.792298;-0.524774;0.141155;0.033553;-0.163257;0.975857;0.366048;0.901095;-0.132968;-0.190673;0.463704;0.678923;-0.451410;-0.346801;0.576071;0.349667;-0.736506;-0.058605;0.649400;-0.096268;-0.678561;-0.329494;0.575129;0.034165;-0.684504;-0.446670;0.575129;0.034165;-0.684504;-0.446670;0.532792;0.498564;-0.679953;0.072318;-0.072995;0.598956;-0.228759;0.763933;0.687025;-0.122482;0.629391;-0.341849;0.611708;-0.311116;0.656500;-0.313095;0.658476;0.243189;0.681296;0.207616;0.276518;0.168149;0.920471;0.219080;-0.031345;0.861769;0.364476;0.351466;0.134043;0.728248;0.567467;0.360097;-0.159109;0.918693;-0.109016;0.344677;0.462131;-0.526200;0.621089;-0.351849;0.462131;-0.526200;0.621089;-0.351849;0.575571;0.067097;0.811256;0.077981;0.351849;0.621089;0.526200;0.462131;0.575571;0.067097;0.811256;0.077981;0.462131;-0.526200;0.621089;-0.351849
18933544;1;0.490873;-0.423440;0.698171;-0.303807;0.537165;-0.292212;0.762468;-0.211445;0.544289;-0.311419;0.741117;-0.239820;0.561768;-0.250984;0.763704;-0.195399;0.920951;-0.322637;0.085703;0.201021;0.735478;-0.327012;-0.198377;0.559269;0.168360;-0.375441;0.073038;0.908496;-0.044808;-0.224003;-0.647391;0.727118;-0.405715;-0.214911;0.650466;-0.605065;-0.405715;-0.214911;0.650466;-0.605065;0.086738;-0.354764;-0.075909;0.927823;0.375439;0.894404;-0.138612;-0.199685;0.448714;0.687905;-0.467644;-0.326728;0.553633;0.336277;-0.760804;-0.039819;0.671589;-0.089799;-0.674238;-0.293781;0.561916;0.103368;-0.672292;-0.470733;0.561916;0.103368;-0.672292;-0.470733;0.579054;0.452017;-0.666493;0.127138;-0.074155;0.612039;-0.228383;0.753492;0.677687;-0.131790;0.639874;-0.337540;0.597651;-0.321455;0.648953;-0.344005;0.670300;0.230356;0.683161;0.175853;0.260312;0.177579;0.925781;0.208887;-0.033400;0.873196;0.355081;0.332159;0.152387;0.735302;0.564114;0.343344;-0.134331;0.921348;-0.116510;0.345686;0.503337;-0.523116;0.611262;-0.315215;0.503337;-0.523116;0.611262;-0.315215;0.578803;0.062329;0.802127;0.133022;0.315215;0.611262;0.523116;0.503337;0.578803;0.062329;0.802127;0.133022;0.503337;-0.523116;0.611262;-0.315215
18966888;1;0.499213;-0.421862;0.692529;-0.305324;0.544932;-0.294192;0.755656;-0.213273;0.544593;-0.315256;0.735168;-0.252111;0.563057;-0.255286;0.758082;-0.207626;0.918247;-0.335061;0.089810;0.191025;0.732122;-0.319936;-0.206226;0.564897;0.162300;-0.375495;0.062385;0.910368;-0.057283;-0.260585;-0.621774;0.736350;-0.455619;-0.228358;0.634319;-0.581295;-0.455619;-0.228358;0.634319;-0.581295;0.114863;-0.390814;-0.057076;0.911490;0.383475;0.892484;-0.137317;-0.193814;0.442805;0.679105;-0.482099;-0.332146;0.552165;0.309054;-0.773362;-0.038875;0.668576;-0.166362;-0.596147;-0.412236;0.551788;-0.020291;-0.618592;-0.558983;0.551788;-0.020291;-0.618592;-0.558983;0.612827;0.386511;-0.689058;-0.015869;-0.074118;0.609033;-0.227429;0.756215;0.683404;-0.124484;0.638127;-0.332050;0.598897;-0.323918;0.639431;-0.357108;0.680391;0.221850;0.678085;0.167484;0.272984;0.173518;0.923808;0.204817;-0.029430;0.875838;0.341154;0.340083;0.112261;0.741773;0.566143;0.341545;-0.161571;0.927196;-0.119468;0.316117;0.491765;-0.510979;0.615796;-0.343310;0.491765;-0.510979;0.615796;-0.343310;0.590487;0.074117;0.796751;0.104974;0.343310;0.615796;0.510979;0.491765;0.590487;0.074117;0.796751;0.104974;0.491765;-0.510979;0.615796;-0.343310
19000222;1;0.490622;-0.416375;0.698892;-0.312204;0.535240;-0.295923;0.757792;-0.227375;0.541211;-0.319772;0.738436;-0.244027;0.559037;-0.259525;0.761701;-0.199839;0.921714;-0.333118;0.087115;0.178568;0.714229;-0.325012;-0.201478;0.586218;0.079363;-0.371198;0.091858;0.920584;-0.274081;-0.257663;-0.477859;0.793814;0.451432;0.214146;-0.498880;0.708145;0.451432;0.214146;-0.498880;0.708145;0.292231;-0.329972;0.063740;0.895353;0.381947;0.894209;-0.125668;-0.196758;0.437320;0.678586;-0.490083;-0.328771;0.545472;0.309139;-0.777878;-0.042414;0.588553;-0.126452;-0.631093;-0.489220;0.515182;-0.037892;-0.642521;-0.565967;0.515182;-0.037892;-0.642521;-0.565967;0.518168;0.446266;-0.723660;-0.093087;-0.079442;0.622677;-0.228152;0.744250;0.677025;-0.128887;0.650558;-0.319059;0.597990;-0.324681;0.655142;-0.328297;0.659508;0.232493;0.689887;0.187223;0.242510;0.173600;0.932193;0.205105;-0.041869;0.878631;0.356486;0.314916;0.129299;0.729846;0.587629;0.324497;-0.137331;0.933860;-0.095956;0.315971;0.469450;-0.522589;0.615038;-0.358113;0.469450;-0.522589;0.615038;-0.358113;0.585176;0.065372;0.804424;0.078727;0.358113;0.615038;0.522589;0.469450;0.585176;0.065372;0.804424;0.078727;0.469450;-0.522589;0.615038;-0.358113
19033555;1;0.487173;-0.421417;0.700618;-0.306928;0.529973;-0.303995;0.758976;-0.225100;0.538996;-0.323317;0.740858;-0.236808;0.556251;-0.262864;0.764400;-0.192822;0.919475;-0.328382;0.103941;0.189541;0.736409;-0.285168;-0.197052;0.580992;0.087154;-0.339361;0.070602;0.933945;-0.285962;-0.114874;-0.540720;0.782721;0.274113;0.253364;-0.491305;0.786948;0.274113;0.253364;-0.491305;0.786948;-0.046024;-0.470803;-0.137776;0.870198;0.381721;0.894584;-0.122680;-0.197378;0.447034;0.663342;-0.496204;-0.337519;0.559754;0.259865;-0.786582;-0.020852;0.648360;-0.113112;-0.673925;-0.335650;0.594639;-0.017094;-0.683137;-0.423598;0.594639;-0.017094;-0.683137;-0.423598;0.598573;0.414027;-0.679966;0.089101;-0.086790;0.623205;-0.225153;0.743901;0.678868;-0.135192;0.648736;-0.316233;0.603622;-0.316571;0.648701;-0.338542;0.670665;0.233689;0.679538;0.183917;0.259225;0.181188;0.926984;0.201676;-0.027708;0.875917;0.353340;0.327341;0.124801;0.721678;0.597260;0.326934;-0.142166;0.934835;-0.083337;0.314527;0.488073;-0.554352;0.584482;-0.335944;0.488073;-0.554352;0.584482;-0.335944;0.582668;0.021305;0.805278;0.107571;0.335944;0.584482;0.554352;0.488073;0.582668;0.021305;0.805278;0.107571;0.488073;-0.554352;0.584482;-0.335944
19066866;1;0.504002;-0.417369;0.697095;-0.292991;0.539601;-0.317214;0.748006;-0.220662;0.542250;-0.326107;0.735008;-0.243685;0.560046;-0.266114;0.758792;-0.199415;0.918730;-0.336667;0.103316;0.178651;0.710035;-0.303784;-0.213566;0.598293;0.060724;-0.364491;0.071007;0.926508;-0.102718;-0.106909;-0.417460;0.896519;0.450734;0.162392;-0.399162;0.781753;0.450734;0.162392;-0.399162;0.781753;0.128640;-0.409602;0.039438;0.902288;0.382151;0.902447;-0.113712;-0.163156;0.442302;0.665382;-0.485336;-0.355083;0.564673;0.289023;-0.771201;-0.053473;0.568063;-0.244074;-0.580301;-0.530079;0.552595;-0.227297;-0.587075;-0.546185;0.552595;-0.227297;-0.587075;-0.546185;0.545432;0.368961;-0.730812;-0.179679;-0.108755;0.621377;-0.238947;0.738219;0.673461;-0.148080;0.649102;-0.321231;0.575657;-0.362296;0.626124;-0.381221;0.680999;0.185057;0.695689;0.134205;0.276326;0.213094;0.913749;0.208080;-0.008724;0.867491;0.357429;0.345872;0.168294;0.691818;0.617285;0.334700;-0.116549;0.927950;-0.048240;0.350710;0.469398;-0.513290;0.627794;-0.349388;0.469398;-0.513290;0.627794;-0.349388;0.578970;0.080967;0.806869;0.084860;0.349388;0.627794;0.513290;0.469398;0.578970;0.080967;0.806869;0.084860;0.469398;-0.513290;0.627794;-0.349388
19100222;1;0.501814;-0.430331;0.687600;-0.300340;0.544254;-0.311810;0.748835;-0.214028;0.538974;-0.336965;0.731987;-0.245268;0.556907;-0.277180;0.756652;-0.201256;0.909205;-0.342773;0.099859;0.214199;0.704358;-0.313618;-0.234683;0.591986;0.037811;-0.384778;0.073339;0.919314;-0.162955;0.019070;-0.683379;0.711389;0.307583;0.434177;-0.528073;0.661832;0.307583;0.434177;-0.528073;0.661832;0.019834;-0.283464;-0.252741;0.924866;0.398335;0.889781;-0.127900;-0.182374;0.438460;0.665479;-0.487617;-0.356539;0.563842;0.261974;-0.782306;-0.038067;0.529805;-0.316159;-0.422789;-0.663777;0.545905;-0.326421;-0.414918;-0.650600;0.545905;-0.326421;-0.414918;-0.650600;-0.452008;-0.410164;0.603906;0.512593;-0.113532;0.615711;-0.241375;0.741451;0.676620;-0.147299;0.644763;-0.323681;0.574417;-0.369606;0.620447;-0.385333;0.683025;0.175849;0.696802;0.130466;0.285003;0.219895;0.908890;0.210567;-0.003416;0.865213;0.354669;0.354408;0.189755;0.682218;0.619323;0.339132;-0.104385;0.922678;-0.040103;0.369001;0.462447;-0.544251;0.614767;-0.334656;0.462447;-0.544251;0.614767;-0.334656;0.563637;0.049863;0.819550;0.090362;0.334656;0.614767;0.544251;0.462447;0.563637;0.049863;0.819550;0.090362;0.462447;-0.544251;0.614767;-0.334656
19133555;1;0.504184;-0.424260;0.676430;-0.329005;0.551583;-0.306762;0.737192;-0.241251;0.540322;-0.339831;0.732383;-0.237029;0.557589;-0.280005;0.757276;-0.192936;0.908469;-0.338180;0.092722;0.227421;0.696273;-0.311400;-0.230453;0.604256;0.032758;-0.380904;0.070647;0.921330;-0.109443;-0.000929;-0.685445;0.719852;0.344013;0.410230;-0.549133;0.641732;0.344013;0.410230;-0.549133;0.641732;0.016750;-0.289442;-0.217405;0.932029;0.395055;0.892605;-0.118819;-0.181853;0.441119;0.652521;-0.490111;-0.373393;0.574558;0.266221;-0.771439;-0.062382;0.528348;-0.283571;-0.488194;-0.634116;0.533358;-0.287432;-0.485930;-0.629908;0.533358;-0.287432;-0.485930;-0.629908;-0.492674;-0.426536;0.597459;0.467314;-0.149743;0.612950;-0.262973;0.729873;0.672453;-0.160007;0.647543;-0.320768;0.542371;-0.416707;0.589900;-0.429193;0.691270;0.120603;0.708280;0.077076;0.276302;0.240767;0.905184;0.215243;-0.001616;0.863802;0.362112;0.350311;0.191608;0.672450;0.632417;0.333387;-0.098929;0.924947;-0.023959;0.366213;0.482351;-0.535801;0.597998;-0.350220;0.482351;-0.535801;0.597998;-0.350220;0.588717;0.043980;0.801716;0.093431;0.350220;0.597998;0.535801;0.482351;0.588717;0.043980;0.801716;0.093431;0.482351;-0.535801;0.597998;-0.350220
19166888;1;0.500175;-0.428358;0.686687;-0.307887;0.543338;-0.311818;0.746860;-0.223055;0.536632;-0.355408;0.719621;-0.260495;0.555794;-0.296555;0.745804;-0.216622;0.902318;-0.368834;0.093156;0.202744;0.685743;-0.331278;-0.203601;0.615271;0.054955;-0.378714;0.088173;0.919664;-0.062317;0.000119;-0.688978;0.722098;0.330856;0.366155;-0.583628;0.644859;0.330856;0.366155;-0.583628;0.644859;-0.051087;-0.286266;-0.176233;0.940417;0.420000;0.884828;-0.126928;-0.156746;0.420416;0.664461;-0.485447;-0.382208;0.557512;0.317512;-0.759179;-0.109603;0.536131;-0.317571;-0.458810;-0.633408;0.548256;-0.326366;-0.452595;-0.622943;0.548256;-0.326366;-0.452595;-0.622943;0.503630;0.398320;-0.586994;-0.493088;-0.187420;0.596632;-0.285543;0.726202;0.661269;-0.193936;0.632409;-0.353795;0.479510;-0.494156;0.533211;-0.491494;0.690669;0.025206;0.722649;-0.010887;0.301079;0.266716;0.888271;0.221785;0.028241;0.847382;0.376902;0.372948;0.190960;0.653924;0.647447;0.341659;-0.105076;0.922410;-0.000205;0.371643;0.474052;-0.529139;0.625796;-0.321974;0.474052;-0.529139;0.625796;-0.321974;0.562875;0.068347;0.816662;0.107536;0.321974;0.625796;0.529139;0.474052;0.562875;0.068347;0.816662;0.107536;0.474052;-0.529139;0.625796;-0.321974
19200200;1;0.496121;-0.437973;0.690710;-0.291483;0.532911;-0.333992;0.746559;-0.217036;0.532006;-0.373799;0.717246;-0.250604;0.550389;-0.315076;0.744913;-0.207133;0.899394;-0.374661;0.094803;0.204284;0.693291;-0.316350;-0.207874;0.613235;0.051188;-0.370227;0.078877;0.924170;-0.101699;-0.009426;-0.595190;0.797068;0.345802;0.314153;-0.505616;0.725315;0.345802;0.314153;-0.505616;0.725315;0.041925;-0.291830;-0.109856;0.949215;0.421234;0.892771;-0.088547;-0.132971;0.439501;0.647470;-0.447457;-0.432901;0.611804;0.245229;-0.747862;-0.079123;0.662605;-0.111400;-0.625943;-0.395904;0.618737;-0.046932;-0.634044;-0.461464;0.618737;-0.046932;-0.634044;-0.461464;0.451024;0.693783;-0.545104;-0.134552;-0.207173;0.591003;-0.301752;0.718846;0.658236;-0.198487;0.633236;-0.355444;0.474517;-0.499779;0.531537;-0.492466;0.687828;0.020014;0.725441;-0.015066;0.296600;0.286367;0.880925;0.232364;0.034598;0.837292;0.396144;0.375253;0.222037;0.639715;0.648958;0.346868;-0.086615;0.913538;0.010767;0.397279;0.472043;-0.521968;0.606750;-0.369568;0.472043;-0.521968;0.606750;-0.369568;0.595108;0.059950;0.798124;0.072460;0.369568;0.606750;0.521968;0.472043;0.595108;0.059950;0.798124;0.072460;0.472043;-0.521968;0.606750;-0.369568
19233555;1;0.499686;-0.436846;0.686130;-0.297834;0.536940;-0.334905;0.741247;-0.223800;0.531564;-0.376815;0.711435;-0.263268;0.550965;-0.318549;0.739362;-0.219792;0.897055;-0.388072;0.107982;0.181745;0.696362;-0.324928;-0.189886;0.611102;0.058884;-0.363883;0.096042;0.924607;-0.121155;0.027765;-0.621683;0.773344;0.313083;0.357267;-0.509530;0.717439;0.313083;0.357267;-0.509530;0.717439;-0.012920;-0.273609;-0.144636;0.950816;0.430426;0.887782;-0.084195;-0.139599;0.436842;0.649879;-0.475660;-0.400717;0.586900;0.266909;-0.759839;-0.083386;-0.427516;0.447819;0.317777;0.718126;-0.413497;0.441566;0.326410;0.726290;-0.413497;0.441566;0.326410;0.726290;0.519960;0.157493;-0.461813;-0.701118;-0.208097;0.596921;-0.300315;0.714277;0.649730;-0.214132;0.633006;-0.362356;0.472145;-0.497265;0.534330;-0.494265;0.687415;0.023749;0.725652;-0.018035;0.312389;0.295655;0.872648;0.231269;0.053483;0.830276;0.399400;0.385047;0.240959;0.636342;0.642947;0.351606;-0.076528;0.907008;0.008817;0.414007;0.486959;-0.535662;0.607888;-0.326204;0.486959;-0.535662;0.607888;-0.326204;0.574993;0.051072;0.808612;0.113671;0.326204;0.607888;0.535662;0.486959;0.574993;0.051072;0.808612;0.113671;0.486959;-0.535662;0.607888;-0.326204
19266888;1;0.506832;-0.447083;0.674938;-0.296136;0.545381;-0.341248;0.734149;-0.217106;0.528508;-0.399536;0.701440;-0.262740;0.547876;-0.341998;0.731221;-0.219511;0.879624;-0.399434;0.111142;0.233154;0.688829;-0.324714;-0.235055;0.604007;0.015386;-0.392259;0.082600;0.916010;-0.133061;-0.050294;-0.592713;0.792753;0.401562;0.338191;-0.489352;0.696355;0.401562;0.338191;-0.489352;0.696355;0.005355;-0.306925;-0.079488;0.948393;0.453715;0.876010;-0.101947;-0.127890;0.430277;0.657907;-0.434254;-0.439822;0.609517;0.254036;-0.746247;-0.084090;-0.404038;0.423085;0.296985;0.754687;0.520763;-0.465543;-0.224658;-0.679415;0.520763;-0.465543;-0.224658;-0.679415;0.506867;0.158183;-0.472026;-0.703743;-0.214973;0.590289;-0.303502;0.716402;0.648318;-0.220563;0.626060;-0.372940;0.463748;-0.506458;0.525507;-0.502275;0.687105;0.010943;0.725874;-0.029564;0.323297;0.314892;0.858533;0.243400;0.063818;0.822654;0.399284;0.399676;0.277493;0.605234;0.657087;0.353449;-0.051701;0.895040;0.040618;0.441113;0.470825;-0.548064;0.618279;-0.309323;0.470825;-0.548064;0.618279;-0.309323;0.551648;0.049649;0.824729;0.114199;0.309323;0.618279;0.548064;0.470825;0.551648;0.049649;0.824729;0.114199;0.470825;-0.548064;0.618279;-0.309323
19300222;1;0.506242;-0.451765;0.674337;-0.291370;0.539255;-0.362116;0.726425;-0.224459;0.532778;-0.404919;0.693896;-0.265889;0.552385;-0.347969;0.724133;-0.222307;0.880678;-0.408903;0.119670;0.207084;0.701510;-0.329699;-0.207188;0.596871;0.039749;-0.376147;0.100706;0.920213;-0.173001;0.005199;-0.640953;0.747812;0.338231;0.408884;-0.493620;0.689023;0.338231;0.408884;-0.493620;0.689023;-0.037969;-0.281453;-0.160694;0.945262;0.451255;0.883458;-0.081797;-0.095810;0.418497;0.655590;-0.448628;-0.440223;0.594238;0.286188;-0.741054;-0.125764;0.557379;-0.285276;-0.398088;-0.670427;0.550367;-0.281115;-0.401037;-0.676195;0.550367;-0.281115;-0.401037;-0.676195;0.583178;0.347363;-0.417086;-0.604385;-0.228462;0.584975;-0.311497;0.713147;0.641995;-0.234426;0.619931;-0.385450;-0.452528;0.522184;-0.520460;0.501660;0.678755;-0.003812;0.733424;-0.036953;0.327161;0.336337;0.847409;0.248475;0.082203;0.811643;0.415228;0.402572;0.298177;0.593304;0.658695;0.353838;-0.037233;0.887791;0.050078;0.455997;0.464043;-0.545998;0.630378;-0.298621;0.464043;-0.545998;0.630378;-0.298621;0.539284;0.059665;0.831823;0.116971;0.298621;0.630378;0.545998;0.464043;0.539284;0.059665;0.831823;0.116971;0.464043;-0.545998;0.630378;-0.298621
19333533;1;0.508500;-0.463240;0.665650;-0.289390;0.541915;-0.372417;0.720408;-0.220560;0.524285;-0.409957;0.694586;-0.273152;0.544501;-0.352935;0.725224;-0.230228;0.874198;-0.415970;0.129797;0.214242;0.715968;-0.328869;-0.195038;0.584119;0.021244;-0.361949;0.123239;0.923772;0.163771;-0.012631;0.744942;-0.646591;0.268930;0.468494;-0.579321;0.610391;0.268930;0.468494;-0.579321;0.610391;-0.000084;-0.243388;-0.295123;0.923940;0.466409;0.870604;-0.091014;-0.127388;0.428872;0.661147;-0.444340;-0.426046;0.593119;0.303956;-0.736318;-0.116857;0.533111;-0.306011;-0.418363;-0.668672;0.508923;-0.290894;-0.429011;-0.687261;0.508923;-0.290894;-0.429011;-0.687261;0.643486;0.272801;-0.481203;-0.529102;-0.242923;0.581784;-0.320359;0.707026;0.638383;-0.243259;0.618037;-0.389002;-0.448397;0.523708;-0.515369;0.508984;0.680973;-0.008527;0.730873;-0.045033;0.326524;0.348629;0.840646;0.255252;0.088532;0.804947;0.424550;0.404944;0.308126;0.592542;0.651087;0.360609;-0.034966;0.881961;0.045199;0.467845;0.451792;-0.571318;0.610414;-0.311247;0.451792;-0.571318;0.610414;-0.311247;0.539550;0.027645;0.835611;0.099380;0.311247;0.610414;0.571318;0.451792;0.539550;0.027645;0.835611;0.099380;0.451792;-0.571318;0.610414;-0.311247
19366888;1;0.510646;-0.466572;0.662373;-0.287772;0.538399;-0.393348;0.708311;-0.231731;0.520770;-0.421252;0.688194;-0.278810;0.541451;-0.364707;0.719759;-0.236150;0.867385;-0.428138;0.126129;0.220076;0.708479;-0.321138;-0.210622;0.592086;0.043444;-0.372381;0.093935;0.922291;-0.223756;0.098514;-0.669333;0.701585;0.197332;0.449221;-0.505878;0.709470;0.197332;0.449221;-0.505878;0.709470;-0.070531;-0.249814;-0.270987;0.926922;0.482944;0.860317;-0.107687;-0.122571;0.433033;0.666385;-0.399731;-0.456759;0.627196;0.231250;-0.741874;-0.052642;0.611492;-0.254730;-0.686807;-0.299142;0.544785;-0.121838;-0.722320;-0.408189;0.544785;-0.121838;-0.722320;-0.408189;0.786351;0.093394;-0.584947;0.175404;-0.261424;0.573067;-0.331881;0.702216;0.637323;-0.248874;0.613719;-0.393993;-0.436909;0.535984;-0.502122;0.519332;0.680112;-0.026659;0.730132;-0.060368;0.321919;0.364995;0.835244;0.255957;0.094961;0.803180;0.430943;0.400214;0.299883;0.588072;0.663742;0.351694;-0.034470;0.887628;0.057329;0.455677;0.468570;-0.557126;0.620562;-0.291469;0.468570;-0.557126;0.620562;-0.291469;0.537429;0.044856;0.832752;0.125229;0.291469;0.620562;0.557126;0.468570;0.537429;0.044856;0.832752;0.125229;0.468570;-0.557126;0.620562;-0.291469
19400222;1;0.514635;-0.471233;0.659855;-0.278715;0.543607;-0.391130;0.710272;-0.216847;0.512801;-0.431446;0.686426;-0.282329;0.533790;-0.375009;0.718814;-0.240297;0.860439;-0.437254;0.136408;0.223262;0.707941;-0.318630;-0.261920;0.573317;0.022821;-0.406020;0.072629;0.910688;-0.165539;0.044330;-0.635101;0.753179;0.235522;0.357588;-0.526734;0.734310;0.235522;0.357588;-0.526734;0.734310;-0.026982;-0.278247;-0.189406;0.941263;0.488795;0.860348;-0.083991;-0.117581;0.412604;0.682535;-0.384385;-0.464921;0.618972;0.235253;-0.747169;-0.057159;0.711084;-0.250177;-0.657072;0.005156;0.562837;0.208443;-0.671479;-0.434606;0.562837;0.208443;-0.671479;-0.434606;0.662822;0.347913;-0.540520;0.384008;-0.280398;0.566817;-0.342748;0.694709;0.630205;-0.264708;0.607226;-0.405028;-0.433451;0.540311;-0.502069;0.517795;0.676593;-0.029774;0.733164;-0.061697;0.320603;0.388275;0.819735;0.272929;0.107754;0.786503;0.451772;0.407068;0.320381;0.569429;0.665807;0.360290;-0.025884;0.875967;0.071875;0.476283;0.448733;-0.550991;0.624352;-0.324396;0.448733;-0.550991;0.624352;-0.324396;0.546685;0.051874;0.831093;0.087920;0.324396;0.624352;0.550991;0.448733;0.546685;0.051874;0.831093;0.087920;0.448733;-0.550991;0.624352;-0.324396
19433555;1;0.515207;-0.468850;0.658193;-0.285522;0.541211;-0.400576;0.701839;-0.232489;0.504723;-0.448011;0.675053;-0.298068;0.527001;-0.392433;0.708806;-0.256633;0.844220;-0.458106;0.117911;0.252048;0.717538;-0.302980;-0.257778;0.571745;0.014373;-0.391561;0.070189;0.917359;-0.207251;0.033112;-0.648059;0.732099;0.239939;0.391544;-0.517466;0.722047;0.239939;0.391544;-0.517466;0.722047;-0.010438;-0.281814;-0.223362;0.933049;0.520780;0.834347;-0.106861;-0.145719;0.403856;0.695070;-0.374452;-0.462130;0.612102;0.230984;-0.754972;-0.044668;0.708882;-0.287917;-0.643257;-0.028475;0.562863;0.135496;-0.691605;-0.431867;0.562863;0.135496;-0.691605;-0.431867;0.638842;0.404886;-0.574919;0.312116;-0.302887;0.557026;-0.360585;0.684076;0.628958;-0.267304;0.607357;-0.405066;-0.426884;0.545608;-0.494687;0.524754;0.676831;-0.038788;0.731659;-0.071212;0.304989;0.409601;0.813355;0.278679;0.105765;0.784606;0.462255;0.399409;0.327546;0.554079;0.679576;0.351976;-0.014822;0.874761;0.092396;0.475432;0.488262;-0.538327;0.610947;-0.313925;0.488262;-0.538327;0.610947;-0.313925;0.567231;0.051350;0.812659;0.123275;0.313925;0.610947;0.538327;0.488262;0.567231;0.051350;0.812659;0.123275;0.488262;-0.538327;0.610947;-0.313925
19466866;1;0.511318;-0.467159;0.657322;-0.297058;0.532526;-0.415554;0.691104;-0.257109;0.508349;-0.454142;0.666656;-0.301505;0.530890;-0.399218;0.700928;-0.259768;0.835991;-0.463883;0.092382;0.278203;0.743233;-0.296741;-0.220559;0.557587;-0.050253;-0.348308;0.124028;0.927779;0.190441;0.130748;0.717609;-0.657019;0.337358;0.422412;-0.594665;0.595090;0.337358;0.422412;-0.594665;0.595090;0.121504;-0.365097;-0.307715;0.870203;0.533454;0.818137;-0.121672;-0.176847;0.388876;0.708423;-0.372815;-0.455982;0.599092;0.195884;-0.776199;-0.015281;0.753934;-0.297293;-0.579167;-0.088122;0.574959;0.078448;-0.646270;-0.495585;0.574959;0.078448;-0.646270;-0.495585;0.761360;0.239374;-0.512746;0.316421;-0.328237;0.539198;-0.377227;0.677662;0.626603;-0.273411;0.598591;-0.417498;-0.420363;0.549561;-0.488487;0.531657;0.677060;-0.046016;0.730045;-0.080664;0.284553;0.433042;0.806426;0.284925;0.101103;0.781903;0.475866;0.389817;0.342035;0.548144;0.676416;0.353571;-0.005646;0.868389;0.094278;0.486805;0.460400;-0.551464;0.602220;-0.348210;0.460400;-0.551464;0.602220;-0.348210;0.571774;0.035890;0.815778;0.079330;0.348210;0.602220;0.551464;0.460400;0.571774;0.035890;0.815778;0.079330;0.460400;-0.551464;0.602220;-0.348210
19500222;1;0.510205;-0.480525;0.654038;-0.284641;0.531350;-0.426635;0.690401;-0.242892;0.504818;-0.473095;0.656447;-0.300695;0.527306;-0.418929;0.692272;-0.259243;0.833697;-0.478595;0.074158;0.265324;0.716514;-0.317274;-0.233346;0.575756;-0.013258;-0.379132;0.106636;0.919082;0.091635;-0.003742;0.779767;-0.619316;-0.313074;-0.487509;0.608593;-0.542157;-0.313074;-0.487509;0.608593;-0.542157;0.098565;-0.288612;-0.374459;0.875653;0.544901;0.818844;-0.102544;-0.148530;0.391358;0.689262;-0.374428;-0.481208;0.614966;0.243689;-0.745583;-0.080863;0.665748;-0.440380;-0.598623;-0.067053;-0.457704;-0.061514;0.740607;0.488081;-0.457704;-0.061514;0.740607;0.488081;0.644958;0.289638;-0.639952;0.300997;-0.349992;0.530426;-0.403088;0.658539;0.606099;-0.296221;0.596749;-0.434496;-0.401196;0.558952;-0.488810;0.536357;0.666815;-0.052546;0.736951;-0.097471;0.286019;0.462653;0.786335;0.292955;0.124713;0.765743;0.495968;0.389999;0.320003;0.558289;0.677609;0.356030;-0.023057;0.876351;0.088083;0.472989;0.473681;-0.545789;0.617759;-0.310022;0.473681;-0.545789;0.617759;-0.310022;0.554162;0.050891;0.822753;0.115724;0.310022;0.617759;0.545789;0.473681;0.554162;0.050891;0.822753;0.115724;0.473681;-0.545789;0.617759;-0.310022
19533544;1;0.514515;-0.482219;0.642623;-0.299626;0.541148;-0.417622;0.686361;-0.248315;0.506588;-0.466710;0.652697;-0.315495;0.530257;-0.412865;0.688022;-0.273854;0.838219;-0.489438;0.084704;0.225089;0.712479;-0.315207;-0.249871;0.574963;0.044599;-0.396243;0.069157;0.914451;0.082355;-0.085541;0.792736;-0.597888;-0.264718;-0.512699;0.610645;-0.542381;-0.264718;-0.512699;0.610645;-0.542381;-0.070015;-0.223856;-0.346031;0.908432;0.540632;0.825248;-0.086681;-0.138451;0.417396;0.669213;-0.389370;-0.475737;0.631985;0.189004;-0.750821;-0.033775;0.623963;-0.102992;-0.767391;-0.105709;-0.430322;-0.385955;0.671219;0.464033;-0.430322;-0.385955;0.671219;0.464033;0.673463;0.376994;-0.566934;0.287939;-0.365188;0.534373;-0.429074;0.630062;0.578322;-0.329810;0.600754;-0.442565;-0.413643;0.535253;-0.514232;0.527228;0.669217;-0.017730;0.738269;-0.082419;0.294768;0.481658;0.763670;0.312930;0.146170;0.745580;0.509193;0.404312;0.308615;0.570733;0.662143;0.374950;-0.044582;0.874325;0.068466;0.478415;0.502817;-0.519507;0.611896;-0.320736;0.502817;-0.519507;0.611896;-0.320736;0.582340;0.065329;0.800022;0.128751;0.320736;0.611895;0.519507;0.502817;0.582340;0.065329;0.800022;0.128751;0.502817;-0.519507;0.611896;-0.320736
19566888;1;0.511182;-0.484809;0.641025;-0.304533;0.534371;-0.430771;0.678520;-0.261716;0.500356;-0.481171;0.640225;-0.328985;0.525127;-0.428279;0.676749;-0.287801;0.824194;-0.508313;0.067604;0.240316;0.709625;-0.309326;-0.244674;0.583854;0.074324;-0.390957;0.051963;0.915930;0.128932;-0.155455;0.704790;-0.680059;0.230217;0.488528;-0.531259;0.652767;0.230217;0.488528;-0.531259;0.652767;-0.048755;-0.151067;-0.271334;0.949305;0.560798;0.808652;-0.084634;-0.156285;0.373532;0.683120;-0.441600;-0.445882;0.570960;0.252499;-0.773245;-0.111092;0.727158;0.026559;-0.672516;0.135122;0.675683;0.403023;-0.539032;-0.300782;0.675683;0.403023;-0.539032;-0.300782;0.641053;0.411280;-0.371707;0.530786;-0.387821;0.520688;-0.457071;0.607919;0.563023;-0.345706;0.600444;-0.450510;-0.394669;0.549414;-0.508577;0.532664;0.659622;-0.031860;0.744291;-0.099568;0.276677;0.503099;0.753210;0.320962;0.144168;0.738599;0.524301;0.398491;0.308034;0.574578;0.653380;0.384800;-0.051983;0.870921;0.059579;0.485020;0.500025;-0.527410;0.619900;-0.295868;0.500025;-0.527410;0.619900;-0.295868;0.562781;0.065401;0.811271;0.144361;0.295868;0.619900;0.527410;0.500025;0.562781;0.065401;0.811271;0.144361;0.500025;-0.527410;0.619900;-0.295868
19600211;1;0.508508;-0.489229;0.638708;-0.306802;0.527836;-0.445546;0.669911;-0.272207;0.492979;-0.490514;0.636736;-0.333068;0.518101;-0.437872;0.674022;-0.292462;0.817287;-0.516822;0.063111;0.246888;0.702236;-0.314964;-0.299719;0.563765;0.043792;-0.433208;0.036952;0.899471;0.085978;-0.166367;0.793027;-0.579688;-0.224906;-0.551090;0.594029;-0.541154;-0.224906;-0.551090;0.594029;-0.541154;-0.114086;0.575077;0.379076;0.715942;0.573954;0.797308;-0.093391;-0.161724;0.372761;0.689614;-0.397232;-0.477167;0.591051;0.279998;-0.744957;-0.131522;0.644281;-0.040404;-0.739005;-0.192719;-0.218794;-0.577043;0.463446;0.635900;-0.218794;-0.577043;0.463446;0.635900;-0.190530;-0.528689;0.785056;-0.260526;-0.419336;0.495016;-0.480424;0.590177;0.554003;-0.358712;0.589222;-0.466072;-0.391216;0.550173;-0.510751;0.532347;0.656961;-0.030879;0.746384;-0.101782;0.259962;0.529665;0.732799;0.338941;0.150222;0.719959;0.546986;0.399875;0.327124;0.551152;0.656635;0.397556;-0.047302;0.856715;0.078362;0.507603;0.508996;-0.520182;0.599439;-0.333177;0.508996;-0.520182;0.599439;-0.333177;0.595506;0.056043;0.791691;0.124323;0.333177;0.599439;0.520182;0.508996;0.595506;0.056043;0.791691;0.124323;0.508996;-0.520182;0.599439;-0.333177
19633555;1;0.507098;-0.487380;0.638964;-0.311509;0.511780;-0.477599;0.646308;-0.303755;0.493523;-0.493064;0.630615;-0.340070;0.519205;-0.440905;0.668124;-0.299397;0.810196;-0.524371;0.078764;0.249828;0.738036;-0.258805;-0.226210;0.580648;0.007640;-0.338315;0.060780;0.939037;-0.130074;0.310762;-0.556002;0.759848;0.222081;0.525929;-0.359319;0.738220;0.222081;0.525929;-0.359319;0.738220;-0.244552;0.353939;0.241293;0.869884;0.575123;0.805334;-0.083746;-0.116862;0.415407;0.667828;-0.405073;-0.466218;0.622283;0.205100;-0.753665;-0.051829;0.609763;0.012952;-0.790447;-0.056689;0.290540;0.665295;-0.427033;-0.539084;0.290540;0.665295;-0.427033;-0.539084;0.572469;0.409296;-0.581745;0.407834;-0.444692;0.471453;-0.500205;0.574261;0.536771;-0.378543;0.573744;-0.489285;-0.395388;0.540168;-0.536711;0.513642;0.646801;-0.005393;0.757807;-0.085717;0.256179;0.558516;0.702769;0.358535;0.172647;0.697354;0.565265;0.405420;0.311001;0.562201;0.648349;0.408475;-0.066518;0.858702;0.064809;0.503990;0.522309;-0.493087;0.609992;-0.334617;0.522309;-0.493087;0.609992;-0.334617;0.605938;0.082665;0.779995;0.132719;0.334616;0.609992;0.493087;0.522309;0.605938;0.082665;0.779995;0.132719;0.522309;-0.493087;0.609992;-0.334617
19666877;1;0.501280;-0.489982;0.639293;-0.316134;0.500754;-0.491043;0.638478;-0.316966;0.490278;-0.508659;0.620428;-0.340533;0.516007;-0.457267;0.659221;-0.300120;0.805266;-0.535816;0.052729;0.248328;0.760965;-0.207854;-0.178048;0.588242;0.025665;-0.269376;0.048385;0.961476;-0.147748;0.369541;-0.621836;0.674485;0.168433;0.608003;-0.391883;0.669619;0.168433;0.608003;-0.391883;0.669619;-0.259095;0.379887;0.198966;0.865429;0.587866;0.796489;-0.071744;-0.121951;0.394172;0.688583;-0.422583;-0.438070;0.556924;0.398133;-0.703003;-0.192645;0.580768;0.145777;-0.684851;-0.415255;0.139492;-0.684169;0.148943;0.700193;0.139492;-0.684169;0.148943;0.700193;0.222113;0.820043;-0.527335;-0.010682;-0.462407;0.458816;-0.529565;0.543349;0.515911;-0.401909;0.573950;-0.492836;0.398560;-0.531474;0.547471;-0.508881;0.645704;0.008389;0.759320;-0.080182;0.208558;0.590413;0.700057;0.343273;0.151087;0.694776;0.596627;0.372149;0.310091;0.562126;0.643736;0.416487;-0.072825;0.855430;0.061625;0.509056;0.514802;-0.475728;0.630104;-0.334111;0.514802;-0.475728;0.630104;-0.334111;0.600273;0.109160;0.781941;0.127768;0.334111;0.630104;0.475728;0.514802;0.600273;0.109160;0.781941;0.127768;0.514802;-0.475728;0.630104;-0.334111
19700222;1;0.501878;-0.489777;0.639079;-0.315935;0.499975;-0.493600;0.636131;-0.318938;0.486678;-0.514206;0.615780;-0.345762;0.512839;-0.463169;0.655033;-0.305620;0.800283;-0.543882;0.053264;0.246784;0.759063;-0.215091;-0.174934;0.589031;0.026064;-0.271669;0.055334;0.960445;-0.140813;0.366485;-0.615497;0.683391;0.170917;0.597989;-0.394409;0.676490;0.170917;0.597989;-0.394409;0.676490;-0.245920;0.365830;0.187560;0.877789;0.594612;0.792492;-0.067840;-0.117431;0.390561;0.689825;-0.418329;-0.443401;0.564448;0.370566;-0.716616;-0.174758;0.529907;0.080368;-0.719565;-0.441549;-0.168614;0.683430;-0.239074;-0.668832;-0.168614;0.683430;-0.239074;-0.668832;-0.208595;0.795067;-0.544760;0.166112;-0.465458;0.456941;-0.530216;0.541688;0.518585;-0.400198;0.574250;-0.491069;0.401406;-0.530214;0.546070;-0.509464;0.648123;0.008304;0.757424;-0.078589;0.207483;0.591184;0.698997;0.344753;0.150293;0.694564;0.596396;0.373235;0.313366;0.561560;0.639481;0.421327;-0.073923;0.852065;0.059009;0.514819;0.503040;-0.485889;0.628204;-0.340913;0.503040;-0.485889;0.628204;-0.340913;0.596765;0.100632;0.787783;0.114641;0.340913;0.628204;0.485889;0.503040;0.596765;0.100632;0.787783;0.114641;0.503040;-0.485889;0.628204;-0.340913
19733555;1;0.504685;-0.485115;0.640521;-0.315737;0.497812;-0.498712;0.629991;-0.326466;0.475173;-0.523235;0.607212;-0.362945;0.502748;-0.472856;0.647216;-0.323670;0.789859;-0.563141;0.047082;0.238282;0.743168;-0.240524;-0.175239;0.599283;-0.001405;-0.287281;0.077654;0.954692;-0.115718;0.360469;-0.562533;0.735002;0.206746;0.564930;-0.356700;0.714755;0.206746;0.564930;-0.356700;0.714755;-0.265519;0.366218;0.205973;0.867732;0.608084;0.782493;-0.045938;-0.125813;0.430109;0.663000;-0.417255;-0.448704;0.621435;0.142551;-0.770292;0.012141;-0.341846;0.140877;0.872161;0.320360;-0.131483;0.714572;-0.519516;-0.449669;-0.131483;0.714572;-0.519516;-0.449669;0.613077;0.199187;-0.760703;0.076108;0.478109;-0.446722;0.537794;-0.531628;0.516074;-0.405850;0.569266;-0.494862;0.403251;-0.528624;0.538463;-0.517690;0.655193;0.004046;0.750866;-0.083100;0.202938;0.603131;0.684184;0.356289;0.156931;0.683912;0.603451;0.378791;0.312404;0.556051;0.640605;0.427594;-0.078992;0.848967;0.063716;0.518609;0.508556;-0.474019;0.637684;-0.331717;0.508556;-0.474019;0.637684;-0.331717;0.594163;0.115728;0.786093;0.125044;0.331717;0.637684;0.474019;0.508556;0.594163;0.115728;0.786093;0.125044;0.508556;-0.474019;0.637684;-0.331717
19766888;1;0.531576;-0.462168;0.617160;-0.350631;0.515019;-0.489853;0.595423;-0.374527;0.484951;-0.517319;0.583146;-0.396414;0.515179;-0.468889;0.622754;-0.356247;0.776741;-0.587567;0.032649;0.224440;0.741740;-0.265403;-0.167572;0.592708;-0.024436;-0.293848;0.110329;0.949149;-0.143339;0.381288;-0.546126;0.731997;0.178597;0.575975;-0.334494;0.724202;0.178597;0.575975;-0.334494;0.724202;-0.334900;0.310331;0.150807;0.876809;0.620308;0.773385;-0.061633;-0.115304;0.349379;0.717460;-0.436459;-0.415559;0.540294;0.045580;-0.838551;0.053263;0.039605;0.457874;0.634087;0.621865;0.510091;-0.208590;0.753794;0.357900;0.510091;-0.208590;0.753794;0.357900;0.378640;0.432472;0.744031;-0.340613;0.505300;-0.413349;0.509384;-0.560663;0.539390;-0.380738;0.534193;-0.527954;0.424934;-0.502880;0.549888;-0.513971;0.667896;0.030463;0.740756;-0.065328;0.256631;0.611659;0.602940;0.443257;0.238412;0.635795;0.577454;0.453290;0.309240;0.555143;0.635845;0.438050;-0.088618;0.845000;0.061033;0.523829;0.508070;-0.475328;0.632159;-0.341033;0.508070;-0.475328;0.632159;-0.341033;0.600407;0.110896;0.783111;0.118113;0.341033;0.632159;0.475328;0.508070;0.600407;0.110896;0.783111;0.118113;0.508070;-0.475328;0.632159;-0.341033
19800200;1;0.524480;-0.471964;0.614027;-0.353752;0.511254;-0.494006;0.596437;-0.372613;0.478810;-0.516289;0.587761;-0.398401;0.509217;-0.467492;0.627271;-0.358721;0.777250;-0.587797;0.036377;0.221479;0.734371;-0.287671;-0.191014;0.584344;-0.014061;-0.326959;0.111081;0.938382;-0.167273;0.355059;-0.549412;0.737631;0.191385;0.568259;-0.324041;0.731745;0.191385;0.568259;-0.324041;0.731745;-0.348256;0.315185;0.181313;0.864003;0.619948;0.771828;-0.055419;-0.129900;0.401232;0.692129;-0.442324;-0.405365;0.563455;0.045875;-0.820115;0.088467;0.094569;0.182629;0.540752;0.815654;0.665493;-0.275552;0.499837;0.480992;0.665493;-0.275552;0.499837;0.480992;0.313697;0.127355;0.940407;-0.031771;0.502066;-0.419657;0.510560;-0.557804;0.538292;-0.384597;0.537460;-0.522937;0.430953;-0.499278;0.551355;-0.510890;0.669986;0.034088;0.739246;-0.058922;0.252315;0.611299;0.607323;0.440237;0.234063;0.635820;0.581623;0.450179;0.306194;0.562806;0.621534;0.450767;-0.099827;0.840403;0.045543;0.530739;0.498747;-0.498267;0.620422;-0.343596;0.498747;-0.498267;0.620422;-0.343596;0.595627;0.086376;0.791032;0.109708;0.343596;0.620422;0.498267;0.498747;0.595627;0.086376;0.791032;0.109708;0.498747;-0.498267;0.620422;-0.343596
19833555;1;0.523358;-0.473253;0.613881;-0.353947;0.510464;-0.494746;0.596694;-0.372302;0.477757;-0.516011;0.589908;-0.396849;0.508043;-0.467043;0.629389;-0.357258;0.778670;-0.586259;0.036923;0.220478;0.733279;-0.288434;-0.192759;0.584766;-0.016241;-0.328667;0.111033;0.937756;-0.163088;0.351211;-0.543924;0.744446;0.191740;0.559461;-0.325891;0.737587;0.191740;0.559461;-0.325891;0.737587;-0.346731;0.345392;0.211498;0.846020;0.618448;0.772036;-0.052426;-0.136873;0.418602;0.679709;-0.445349;-0.405504;0.576339;0.058595;-0.810497;0.086571;0.015574;0.270520;0.561393;0.781930;0.645766;-0.300122;0.546141;0.441184;0.645766;-0.300122;0.546141;0.441184;0.264357;0.166649;0.944191;-0.104150;-0.499733;0.423474;-0.509751;0.557755;0.537245;-0.387139;0.537861;-0.521725;0.433917;-0.497199;0.551502;-0.510250;0.671630;0.035681;0.737876;-0.056387;0.252751;0.611108;0.608395;0.438771;0.234665;0.635535;0.582852;0.448677;0.306344;0.561667;0.624753;0.447623;-0.097488;0.841849;0.048616;0.528604;0.497086;-0.503124;0.622747;-0.334600;0.497086;-0.503124;0.622747;-0.334600;0.588091;0.084586;0.796111;0.114896;0.334600;0.622747;0.503124;0.497086;0.588091;0.084586;0.796111;0.114896;0.497086;-0.503124;0.622747;-0.334600
19866888;1;0.523260;-0.473428;0.613771;-0.354047;0.510308;-0.495004;0.596506;-0.372473;0.478145;-0.516077;0.589411;-0.397035;0.508444;-0.467148;0.628899;-0.357412;0.778680;-0.586500;0.035627;0.220013;0.733398;-0.288074;-0.195486;0.583889;-0.014452;-0.330727;0.108724;0.937331;-0.163714;0.348295;-0.545254;0.744705;0.189195;0.556526;-0.329985;0.738643;0.189195;0.556526;-0.329985;0.738643;-0.344352;0.343574;0.211427;0.847749;0.618343;0.772273;-0.051007;-0.136545;0.417667;0.681890;-0.442588;-0.405829;0.576012;0.061948;-0.810567;0.085749;0.017036;0.269969;0.562755;0.781110;0.654943;-0.312843;0.540098;0.425997;0.654943;-0.312843;0.540098;0.425997;0.269030;0.169444;0.941891;-0.108409;-0.499521;0.423936;-0.509584;0.557747;0.536977;-0.387668;0.537686;-0.521788;0.434119;-0.497098;0.552039;-0.509596;0.671313;0.036135;0.738188;-0.055783;0.253518;0.610813;0.608315;0.438850;0.235538;0.635096;0.582938;0.448730;0.307328;0.560887;0.625195;0.447311;-0.096565;0.841609;0.049474;0.529077;0.501590;-0.501889;0.620156;-0.334546;0.501590;-0.501889;0.620156;-0.334546;0.591238;0.083628;0.793406;0.118118;0.334546;0.620156;0.501889;0.501590;0.591238;0.083628;0.793406;0.118118;0.501590;-0.501889;0.620156;-0.334546
19900222;1;0.526756;-0.465579;0.619888;-0.348572;0.526064;-0.466807;0.618964;-0.349615;0.463602;-0.526463;0.597714;-0.388134;0.493235;-0.476835;0.638008;-0.349706;0.783661;-0.584799;0.019967;0.208535;0.733641;-0.281253;-0.187723;0.589430;0.001954;-0.322708;0.101008;0.941092;-0.147348;0.340581;-0.557747;0.742436;0.177458;0.543022;-0.363599;0.735820;0.177458;0.543022;-0.363599;0.735820;-0.371480;0.334486;0.160539;0.851087;0.628685;0.760319;-0.073876;-0.145646;0.180905;0.786230;-0.286990;-0.516481;-0.463987;-0.434462;0.715376;0.290165;0.054749;0.206378;-0.262931;0.940892;0.590825;0.320685;-0.094267;0.734303;0.590825;0.320685;-0.094267;0.734303;0.079301;0.117435;0.422197;0.895360;-0.465883;0.466034;-0.511318;0.551652;0.527924;-0.402286;0.562849;-0.492608;0.450981;-0.486711;0.555616;-0.501018;0.677203;0.046126;0.733372;-0.037870;0.259092;0.599831;0.629950;0.419805;0.227681;0.644469;0.584220;0.437617;0.303602;0.566679;0.627848;0.438756;-0.093198;0.847539;0.047258;0.520345;0.524294;-0.473508;0.625149;-0.331807;0.524294;-0.473508;0.625149;-0.331807;0.605355;0.107226;0.776867;0.136109;0.331807;0.625148;0.473508;0.524294;0.605355;0.107226;0.776867;0.136109;0.524294;-0.473508;0.625149;-0.331807
19933533;1;0.519524;-0.467919;0.627637;-0.342373;0.515433;-0.475318;0.622051;-0.348501;0.467280;-0.509231;0.615146;-0.379380;0.496199;-0.458260;0.654001;-0.340686;0.798129;-0.567575;0.039505;0.198212;0.745911;-0.259501;-0.182625;0.585598;-0.001334;-0.303763;0.091768;0.948317;-0.123783;0.350405;-0.554174;0.744839;0.184170;0.542662;-0.367982;0.732249;0.184170;0.542662;-0.367982;0.732249;-0.347116;0.316585;0.136438;0.872163;0.612913;0.772145;-0.093281;-0.139386;0.241624;0.780030;-0.315412;-0.483411;-0.476520;-0.454407;0.708129;0.254944;-0.104916;0.050475;-0.186700;0.975494;0.644869;0.171331;-0.089723;0.739418;0.644869;0.171331;-0.089723;0.739418;0.203670;-0.132102;0.489295;0.837651;-0.448086;0.491469;-0.505957;0.549259;0.529756;-0.404797;0.577647;-0.470979;0.466366;-0.477271;0.549358;-0.502913;0.689389;0.048467;0.722211;-0.028383;0.251946;0.588943;0.659694;0.393030;0.207198;0.658079;0.590758;0.418337;0.288922;0.577440;0.632488;0.427838;-0.095958;0.858340;0.042989;0.502191;0.527197;-0.474908;0.618731;-0.337192;0.527197;-0.474908;0.618731;-0.337192;0.611215;0.101698;0.773319;0.134353;0.337192;0.618731;0.474908;0.527197;0.611215;0.101698;0.773319;0.134353;0.527197;-0.474908;0.618731;-0.337192
19966888;1;0.513415;-0.464721;0.641794;-0.329453;0.515600;-0.460433;0.644877;-0.326024;0.467016;-0.499599;0.627669;-0.371924;0.495338;-0.447655;0.665712;-0.333275;0.810715;-0.557823;0.050215;0.170450;0.751530;-0.254080;-0.193924;0.577096;-0.000892;-0.308476;0.083702;0.947542;-0.126289;0.344946;-0.555903;0.745677;0.176102;0.535242;-0.376208;0.735508;0.176102;0.535242;-0.376208;0.735508;-0.321378;0.300157;0.138082;0.887443;0.600645;0.781729;-0.089992;-0.141518;0.241760;0.752384;-0.312571;-0.527039;-0.446040;-0.542997;0.607401;0.370495;0.012827;0.408698;-0.360560;0.838330;0.266453;0.498794;-0.219640;0.794962;0.266453;0.498794;-0.219640;0.794962;0.189787;0.060099;0.135113;0.970625;-0.414914;0.528691;-0.501638;0.544694;0.523871;-0.406430;0.604961;-0.440904;0.451855;-0.494891;0.556336;-0.491326;0.671027;0.040873;0.739683;-0.030348;0.264299;0.558314;0.695208;0.367583;0.187790;0.682989;0.573199;0.411951;0.268822;0.589696;0.646742;0.402143;-0.092126;0.876889;0.044454;0.469684;0.529253;-0.486565;0.594943;-0.359429;0.529253;-0.486565;0.594943;-0.359429;0.628393;0.076635;0.764742;0.120084;0.359429;0.594943;0.486565;0.529253;0.628393;0.076635;0.764742;0.120084;0.529253;-0.486565;0.594943;-0.359429
20000211;1;0.510361;-0.469311;0.641935;-0.327412;0.516905;-0.456176;0.651334;-0.316979;0.462099;-0.503325;0.643221;-0.345537;0.488320;-0.450122;0.681513;-0.307366;0.821514;-0.540591;0.058066;0.171770;0.766145;-0.240538;-0.198285;0.562003;-0.008153;-0.301485;0.079261;0.950136;-0.119194;0.353457;-0.549246;0.747790;0.130161;0.512694;-0.404658;0.745959;0.130161;0.512694;-0.404658;0.745959;-0.280812;0.261469;0.118218;0.915862;0.580657;0.798722;-0.029598;-0.154936;0.212876;0.795184;-0.171964;-0.541104;0.506792;0.507915;-0.635541;-0.285083;-0.218185;0.019879;-0.228516;0.948568;0.230098;0.120190;-0.195369;0.945748;0.230098;0.120190;-0.195369;0.945748;0.231204;0.378013;0.682527;0.581212;-0.398733;0.540035;-0.486867;0.558869;0.524409;-0.403133;0.605122;-0.443064;0.463634;-0.478445;0.578804;-0.470234;0.664542;0.068506;0.744069;-0.007240;0.270484;0.548777;0.705714;0.357281;0.189106;0.685357;0.573998;0.406265;0.256344;0.604582;0.642045;0.395659;-0.096500;0.884071;0.030662;0.456252;0.491462;-0.516432;0.607490;-0.350314;0.491462;-0.516432;0.607490;-0.350314;0.595225;0.064388;0.794733;0.099806;0.350314;0.607490;0.516432;0.491462;0.595225;0.064388;0.794733;0.099806;0.491462;-0.516432;0.607490;-0.350314
20033555;1;0.505854;-0.472914;0.656891;-0.298257;0.515470;-0.450864;0.672217;-0.281313;0.458724;-0.499690;0.649298;-0.343940;0.484828;-0.446011;0.687278;-0.306046;0.824420;-0.534882;0.053539;0.177104;0.784976;-0.218917;-0.179800;0.550963;0.008743;-0.273615;0.073399;0.958995;-0.056850;0.347825;-0.541412;0.763321;0.153948;0.482560;-0.425728;0.749794;0.153948;0.482560;-0.425728;0.749794;-0.180621;0.183705;0.046419;0.965129;0.573374;0.796896;-0.013287;-0.189797;0.319535;0.765444;-0.195427;-0.523260;0.611017;0.169010;-0.771707;0.050614;-0.318732;0.265039;0.426767;0.803763;0.395966;-0.147245;0.480307;0.768658;0.395966;-0.147245;0.480307;0.768658;0.224324;0.074020;0.970923;0.038843;-0.371038;0.559294;-0.464178;0.577979;0.538567;-0.378394;0.620570;-0.426212;0.436195;-0.511023;0.561150;-0.483425;0.654434;0.032791;0.754562;-0.035735;0.297040;0.501528;0.740650;0.334178;0.173098;0.714139;0.538593;0.412261;0.258482;0.601312;0.652216;0.382394;-0.085585;0.888866;0.040121;0.448311;0.483411;-0.514307;0.621983;-0.339028;0.483411;-0.514307;0.621983;-0.339028;0.581552;0.076139;0.803478;0.102095;0.339028;0.621983;0.514307;0.483411;0.581552;0.076139;0.803478;0.102095;0.483411;-0.514307;0.621983;-0.339028
20066888;1;0.504171;-0.472497;0.660435;-0.293911;0.513410;-0.450896;0.675367;-0.277456;0.465879;-0.485875;0.663804;-0.325956;0.490518;-0.431077;0.700630;-0.287546;0.835184;-0.511977;0.076739;0.185627;0.775768;-0.242117;-0.212753;0.542494;-0.007407;-0.312495;0.078939;0.946605;-0.088293;0.328111;-0.525123;0.780252;0.205531;0.498571;-0.367202;0.757856;0.205531;0.498571;-0.367202;0.757856;-0.211501;0.228224;0.135046;0.940715;0.549623;0.812249;-0.002741;-0.195342;0.318505;0.712209;-0.233122;-0.580488;0.661687;0.111278;-0.741084;0.024135;-0.189157;0.316215;0.515107;0.773882;0.574416;-0.286825;0.532032;0.552014;0.574416;-0.286825;0.532032;0.552014;-0.094415;-0.010493;0.982666;0.159197;-0.351463;0.564766;-0.435374;0.606599;0.553795;-0.359630;0.615793;-0.429857;0.437513;-0.512503;0.562741;-0.478796;0.652119;0.032885;0.756747;-0.031524;0.321320;0.478693;0.749086;0.326308;0.178046;0.721705;0.519034;0.421954;0.268676;0.593102;0.658846;0.376783;-0.074335;0.887726;0.050544;0.451512;0.514898;-0.500546;0.601346;-0.350311;0.514898;-0.500546;0.601346;-0.350311;0.611795;0.071277;0.779155;0.116380;0.350311;0.601346;0.500546;0.514898;0.611795;0.071277;0.779155;0.116380;0.514898;-0.500546;0.601346;-0.350311
20100222;1;0.502323;-0.479135;0.658160;-0.291423;0.515841;-0.446715;0.680581;-0.266766;0.482087;-0.460270;0.668398;-0.330132;0.507008;-0.405187;0.703156;-0.290409;0.842921;-0.496688;0.086315;0.187975;0.775322;-0.222671;-0.220214;0.548452;-0.011934;-0.307663;0.058482;0.949622;-0.102838;0.334865;-0.539512;0.765648;0.194281;0.513992;-0.372853;0.747695;0.194281;0.513992;-0.372853;0.747695;-0.213203;0.275152;0.168780;0.922144;0.543280;0.824490;-0.086566;-0.132548;0.256111;0.760484;-0.309173;-0.510375;0.557581;0.239793;-0.785126;-0.123203;-0.147193;-0.009276;0.525803;0.837723;0.630653;-0.449976;0.272170;0.570720;0.630653;-0.449976;0.272170;0.570720;0.027672;-0.200785;0.936790;0.285209;-0.339052;0.571321;-0.411674;0.623828;0.566522;-0.350223;0.610945;-0.427953;0.442172;-0.513129;0.549377;-0.489251;0.662742;0.022999;0.747647;-0.035600;0.321136;0.459910;0.767522;0.310265;0.166922;0.732790;0.513419;0.414194;0.278589;0.591535;0.656715;0.375766;-0.066582;0.885149;0.050090;0.457786;0.506910;-0.526192;0.597159;-0.331007;0.506910;-0.526192;0.597159;-0.331007;0.592497;0.050181;0.794329;0.124383;0.331007;0.597159;0.526192;0.506910;0.592497;0.050181;0.794329;0.124383;0.506910;-0.526192;0.597159;-0.331007
20133533;1;0.502818;-0.474631;0.667132;-0.277191;0.522305;-0.422925;0.701051;-0.238450;0.482362;-0.457853;0.669758;-0.330335;0.507299;-0.402668;0.704318;-0.290589;0.846643;-0.496719;0.082692;0.172128;0.786577;-0.204246;-0.205265;0.545386;-0.002024;-0.284955;0.051489;0.957155;-0.056701;0.337898;-0.531734;0.774512;0.220659;0.504003;-0.378017;0.744576;0.220659;0.504003;-0.378017;0.744576;-0.214513;0.210425;0.081011;0.950338;0.535680;0.826932;-0.053672;-0.162323;0.269475;0.765069;-0.323315;-0.487361;0.555906;0.136438;-0.819297;-0.033261;0.027039;0.203931;0.681731;0.702086;0.601544;-0.457669;0.544871;0.363043;0.601544;-0.457669;0.544871;0.363043;-0.019310;-0.118018;0.989694;0.078771;-0.319649;0.574815;-0.390079;0.644399;0.579959;-0.331423;0.610543;-0.425492;-0.424681;0.534800;-0.527436;0.505417;0.661727;-0.007972;0.747360;-0.059221;0.335751;0.434038;0.782766;0.293531;0.162102;0.746781;0.493351;0.415507;0.269920;0.595911;0.662779;0.364358;-0.064697;0.892443;0.051301;0.443539;0.491756;-0.528751;0.603596;-0.338040;0.491756;-0.528751;0.603596;-0.338040;0.586755;0.052923;0.800690;0.108694;0.338040;0.603596;0.528751;0.491756;0.586755;0.052923;0.800690;0.108694;0.491756;-0.528751;0.603596;-0.338040
20166888;1;0.501903;-0.478013;0.665522;-0.276908;0.524613;-0.416710;0.705527;-0.231011;0.494888;-0.436157;0.679662;-0.320801;0.519020;-0.380248;0.712449;-0.280081;0.861629;-0.474780;0.075818;0.162573;0.804700;-0.186312;-0.196573;0.528303;-0.016385;-0.265722;0.052395;0.962485;-0.023581;0.351642;-0.501024;0.790421;0.185208;0.471072;-0.390856;0.768778;0.185208;0.471072;-0.390856;0.768778;-0.169855;0.185512;0.080054;0.964534;0.514712;0.838633;-0.074306;-0.162002;0.231128;0.780098;-0.321482;-0.484433;0.531735;0.160190;-0.828398;-0.073168;0.087907;0.350394;0.594447;0.718421;0.651186;-0.309246;0.616856;0.315932;0.651186;-0.309246;0.616856;0.315932;-0.212927;0.138416;0.911548;0.323395;-0.311911;0.579778;-0.379742;0.649896;0.578843;-0.336050;0.606175;-0.429608;-0.421648;0.538333;-0.521662;0.510176;0.662920;-0.014579;0.745747;-0.064697;0.331660;0.422992;0.793464;0.285472;0.155967;0.749612;0.496542;0.408904;0.276251;0.578426;0.681181;0.353695;-0.052545;0.892971;0.076609;0.440423;0.495929;-0.520884;0.595657;-0.357668;0.495929;-0.520884;0.595657;-0.357668;0.603584;0.052873;0.789514;0.097766;0.357668;0.595657;0.520884;0.495929;0.603584;0.052873;0.789514;0.097766;0.495929;-0.520884;0.595657;-0.357668
20200211;1;0.500984;-0.481077;0.663747;-0.277525;0.529482;-0.401863;0.714493;-0.218300;0.499650;-0.418522;0.688534;-0.317979;0.523541;-0.361958;0.719879;-0.276886;0.868748;-0.461166;0.101643;0.149237;0.807830;-0.182063;-0.186215;0.528760;0.006485;-0.255847;0.048633;0.965471;0.016647;0.337617;-0.499477;0.797660;0.220752;0.454470;-0.396130;0.766685;0.220752;0.454470;-0.396130;0.766685;-0.185465;0.183390;0.064926;0.963201;0.501083;0.847996;-0.098609;-0.141760;0.242396;0.781457;-0.396542;-0.416322;-0.481263;-0.089661;0.871711;0.021587;0.230993;0.399029;0.500770;0.732562;0.759265;-0.273060;0.579166;0.116284;0.759265;-0.273060;0.579166;0.116284;0.231111;0.164731;0.844944;-0.453345;-0.291147;0.588329;-0.360684;0.662577;0.585777;-0.325874;0.608331;-0.424976;0.438474;-0.519256;0.530757;-0.506371;0.672134;0.005447;0.738702;-0.050252;0.341273;0.397089;0.806932;0.273337;0.150716;0.757326;0.485010;0.410495;0.271983;0.595877;0.663717;0.361159;-0.060975;0.893075;0.051970;0.442717;0.479917;-0.537712;0.611798;-0.325958;0.479917;-0.537712;0.611798;-0.325958;0.569840;0.052387;0.812826;0.108865;0.325958;0.611798;0.537712;0.479917;0.569840;0.052387;0.812826;0.108865;0.479917;-0.537712;0.611798;-0.325958
20233555;1;0.516273;-0.461547;0.662340;-0.285906;0.544311;-0.386755;0.708619;-0.228046;0.520734;-0.398971;0.679422;-0.328699;0.545417;-0.343201;0.709229;-0.285881;0.874288;-0.456516;0.100693;0.130669;0.795929;-0.168988;-0.189112;0.549707;-0.003484;-0.251525;0.032485;0.967299;0.052596;0.326538;-0.466690;0.820248;0.308694;0.457099;-0.339834;0.761762;0.308694;0.457099;-0.339834;0.761762;-0.219959;0.240300;0.114298;0.938515;0.483836;0.862874;-0.085686;-0.118365;0.262907;0.759566;-0.467184;-0.368346;-0.452545;-0.063914;0.889447;0.001477;0.250384;0.524570;0.469105;0.664887;0.709182;-0.214185;0.670342;0.042757;0.709182;-0.214185;0.670342;0.042757;0.208110;0.408854;0.769665;-0.444010;-0.275246;0.594034;-0.345208;0.672454;0.592389;-0.317109;0.609529;-0.420703;0.437931;-0.521491;0.526131;-0.509362;0.673848;0.000587;0.736986;-0.052729;0.356475;0.371526;0.812332;0.273880;0.141954;0.762837;0.464702;0.426591;0.281153;0.601642;0.643240;0.381080;-0.068602;0.882868;0.033417;0.463380;0.448237;-0.524805;0.632785;-0.351066;0.448237;-0.524805;0.632785;-0.351066;0.565192;0.076353;0.818540;0.068711;0.351066;0.632785;0.524805;0.448237;0.565192;0.076353;0.818540;0.068711;0.448237;-0.524805;0.632785;-0.351066
20266888;1;0.500801;-0.470142;0.672093;-0.276507;0.532314;-0.379418;0.727176;-0.209523;0.513508;-0.407961;0.684939;-0.317390;0.537307;-0.351719;0.715449;-0.275188;0.875008;-0.454734;0.095034;0.136185;0.744240;-0.279363;-0.241889;0.556375;0.049696;-0.364711;0.059498;0.927888;-0.029124;0.225586;-0.522773;0.821566;0.379978;0.454127;-0.343437;0.728997;0.379978;0.454127;-0.343437;0.728997;-0.165733;0.191391;0.137229;0.957638;0.483564;0.864044;-0.069732;-0.121374;0.348705;0.714665;-0.501282;-0.341137;-0.486789;-0.104151;0.866708;-0.031732;0.034472;0.505314;0.426968;0.749111;0.688532;-0.162510;0.641276;0.297118;0.688532;-0.162510;0.641276;0.297118;0.163139;0.272498;0.904338;-0.285138;-0.262272;0.595182;-0.328193;0.685026;0.609944;-0.296074;0.611828;-0.407401;-0.430240;0.538921;-0.508011;0.516123;0.673155;-0.024606;0.736419;-0.062804;0.350423;0.345927;0.833835;0.249512;0.129613;0.778293;0.457337;0.410248;0.265788;0.610267;0.651945;0.363178;-0.066904;0.894984;0.033513;0.439777;0.481751;-0.529198;0.622159;-0.317465;0.481751;-0.529198;0.622159;-0.317465;0.565131;0.065733;0.814132;0.116168;0.317465;0.622159;0.529198;0.481751;0.565131;0.065733;0.814132;0.116168;0.481751;-0.529198;0.622159;-0.317465
20300222;1;0.495901;-0.457130;0.675223;-0.298644;0.534776;-0.351711;0.735658;-0.221633;0.515849;-0.412911;0.677240;-0.323651;0.540142;-0.357271;0.708172;-0.281241;0.865506;-0.459347;0.088155;0.179242;0.737076;-0.303305;-0.253816;0.547998;0.054913;-0.389465;0.068805;0.916825;0.223578;0.009746;0.721855;-0.654861;0.303343;0.502187;-0.518630;0.621943;0.303343;0.502187;-0.518630;0.621943;-0.156090;0.312176;0.156606;0.923935;0.493738;0.856028;-0.082784;-0.128787;0.388993;0.668377;-0.507480;-0.380028;0.543577;0.098763;-0.833372;0.016141;0.184108;0.461659;0.454236;0.739354;0.736779;-0.176231;0.623219;0.194159;0.736779;-0.176231;0.623219;0.194159;0.114940;0.194841;0.956353;-0.184970;-0.256092;0.600271;-0.319751;0.686915;0.616519;-0.289187;0.615611;-0.396608;-0.430896;0.543754;-0.502532;0.515870;0.673440;-0.031893;0.735937;-0.062120;0.341210;0.324789;0.848941;0.239558;0.110765;0.790874;0.447946;0.401989;0.257494;0.613288;0.655529;0.357570;-0.068842;0.899595;0.033940;0.429928;0.475860;-0.507870;0.650861;-0.303322;0.475860;-0.507870;0.650861;-0.303322;0.550965;0.101110;0.819347;0.122003;0.303322;0.650861;0.507870;0.475860;0.550965;0.101110;0.819347;0.122003;0.475860;-0.507870;0.650861;-0.303322
20333533;1;0.501717;-0.452406;0.680611;-0.283509;0.530413;-0.373012;0.727162;-0.225300;0.521855;-0.389683;0.690356;-0.314996;0.545435;-0.333066;0.719383;-0.272132;0.880785;-0.437895;0.098743;0.150716;0.737109;-0.306891;-0.241499;0.551512;0.064948;-0.383407;0.074181;0.918301;0.241067;-0.056443;0.687029;-0.683148;0.277017;0.500985;-0.473507;0.669378;0.277017;0.500985;-0.473507;0.669378;-0.122687;0.176789;0.127552;0.968207;0.468147;0.871162;-0.083438;-0.122281;0.378453;0.681502;-0.508136;-0.366231;0.526220;0.102672;-0.843864;0.021085;0.149153;0.499428;0.432264;0.735849;0.710202;-0.120230;0.649481;0.243583;0.710202;-0.120230;0.649481;0.243583;-0.051170;0.159185;0.952933;0.252903;-0.238815;0.603357;-0.305283;0.696943;0.619180;-0.284616;0.613413;-0.399167;-0.449574;0.522157;-0.519213;0.505621;0.679446;-0.004699;0.732517;-0.041839;0.343956;0.314924;0.851541;0.239575;0.108858;0.789411;0.448415;0.404851;0.263266;0.618369;0.643003;0.367231;-0.071620;0.894445;0.021485;0.440882;0.490400;-0.523101;0.634661;-0.288233;0.490400;-0.523101;0.634661;-0.288233;0.550577;0.078884;0.818661;0.142954;0.288233;0.634661;0.523101;0.490400;0.550577;0.078884;0.818661;0.142954;0.490400;-0.523101;0.634661;-0.288233
20366888;1;0.500118;-0.455102;0.680140;-0.283148;0.529841;-0.372306;0.728764;-0.222621;0.522151;-0.384117;0.694614;-0.311969;0.545487;-0.327177;0.723180;-0.269091;0.883420;-0.431260;0.106035;0.149465;0.740751;-0.304086;-0.235735;0.550680;0.069487;-0.377338;0.075203;0.920398;0.267888;0.032172;0.743314;-0.612116;0.283741;0.537775;-0.514148;0.604930;0.283741;0.537775;-0.514148;0.604930;-0.099032;0.087499;0.007425;0.991202;0.464550;0.871364;-0.100440;-0.121776;0.379173;0.675534;-0.543693;-0.322923;-0.492756;-0.036207;0.866394;-0.072405;0.068841;0.453118;0.479273;0.748494;0.675438;-0.174342;0.636100;0.329795;0.675438;-0.174342;0.636100;0.329795;0.128978;0.082294;0.951642;-0.266400;-0.228402;0.606140;-0.302269;0.699328;0.617149;-0.281568;0.616066;-0.400387;0.450326;-0.517190;0.525696;-0.503353;0.678387;0.003405;0.733621;-0.039747;0.341399;0.310175;0.856008;0.233426;0.108170;0.791710;0.449557;0.399241;0.251338;0.619067;0.652289;0.357918;-0.073494;0.901392;0.027597;0.425829;0.495102;-0.529117;0.640399;-0.254555;0.495102;-0.529117;0.640399;-0.254555;0.530087;0.078689;0.826973;0.170092;0.254555;0.640399;0.529117;0.495102;0.530087;0.078689;0.826973;0.170092;0.495102;-0.529117;0.640399;-0.254555
20400211;1;0.491641;-0.467458;0.683933;-0.268344;0.518008;-0.389965;0.730895;-0.213044;0.534651;-0.380011;0.696356;-0.291254;0.556285;-0.322944;0.724588;-0.247441;0.890447;-0.412601;0.083172;0.173051;0.745987;-0.308099;-0.227243;0.544921;0.071870;-0.373056;0.085989;0.921016;0.338449;-0.032674;0.677803;-0.651896;0.226106;0.505284;-0.452959;0.698851;0.226106;0.505284;-0.452959;0.698851;-0.141617;-0.290443;-0.263635;0.908891;0.443846;0.886491;-0.079847;-0.103726;0.299831;0.732770;-0.531083;-0.301830;-0.422121;-0.027067;0.904581;-0.053046;-0.021631;0.641449;0.295912;0.707468;0.672522;-0.102592;0.698925;0.220665;0.672522;-0.102592;0.698925;0.220665;-0.352260;0.286448;0.692329;0.560839;-0.208597;0.595334;-0.294715;0.717779;0.634683;-0.246221;0.617010;-0.394780;0.454033;-0.519782;0.529938;-0.492795;0.673603;0.004614;0.738484;-0.029650;0.326596;0.296698;0.870354;0.218609;0.086006;0.814893;0.425960;0.383551;0.215415;0.641735;0.651805;0.341941;-0.087844;0.916928;0.011372;0.389097;0.442194;-0.527849;0.648035;-0.325409;0.442194;-0.527849;0.648035;-0.325409;0.542777;0.084984;0.831475;0.082580;0.325409;0.648035;0.527849;0.442194;0.542777;0.084984;0.831475;0.082580;0.442194;-0.527849;0.648035;-0.325409
20433555;1;0.494050;-0.463397;0.676675;-0.288597;0.524077;-0.382137;0.725671;-0.229600;0.527502;-0.378676;0.699785;-0.297737;0.549679;-0.321338;0.727899;-0.254476;0.887568;-0.415320;0.090635;0.177532;0.742415;-0.307394;-0.232492;0.547975;0.043142;-0.374308;0.091854;0.921735;0.295738;0.067995;0.674235;-0.673292;0.286742;0.443726;-0.512176;0.677172;0.286742;0.443726;-0.512176;0.677172;-0.040913;-0.305730;-0.204386;0.929022;0.446357;0.882352;-0.065490;-0.133913;0.349733;0.708501;-0.531295;-0.305678;-0.451130;0.027758;0.885142;-0.110608;0.653449;-0.454529;-0.432929;-0.423060;0.302803;-0.347161;0.522975;0.717138;0.302803;-0.347161;0.522975;0.717138;0.581682;0.123489;-0.803976;0.004470;-0.207587;0.587158;-0.283108;0.729385;0.653358;-0.229945;0.609981;-0.384931;0.475458;-0.501470;0.523306;-0.498617;0.692805;0.012992;0.720764;-0.018727;0.309362;0.284024;0.878682;0.227034;0.059392;0.820946;0.422786;0.379173;0.241963;0.640214;0.636463;0.355660;-0.078713;0.905213;0.001499;0.417603;0.468812;-0.535913;0.627492;-0.315066;0.468812;-0.535913;0.627492;-0.315066;0.554285;0.064756;0.822652;0.108715;0.315066;0.627492;0.535913;0.468812;0.554285;0.064756;0.822652;0.108715;0.468812;-0.535913;0.627492;-0.315066
20466888;1;0.503019;-0.455159;0.672191;-0.296583;0.535893;-0.368359;0.723410;-0.231967;0.529676;-0.383931;0.691539;-0.306290;0.552532;-0.327238;0.720101;-0.262828;0.884688;-0.426844;0.102975;0.156614;0.760555;-0.273411;-0.207193;0.551247;0.019841;-0.330251;0.092830;0.939108;-0.345934;-0.191426;-0.643527;0.655407;0.279873;0.370057;-0.560204;0.686222;0.279873;0.370057;-0.560204;0.686222;-0.040307;-0.418009;-0.176916;0.890137;0.454530;0.880604;-0.064968;-0.117122;0.343885;0.711528;-0.537376;-0.294445;-0.446568;-0.045286;0.890502;-0.074377;0.544673;-0.603261;-0.462411;-0.354378;0.180488;-0.266790;0.711738;0.624240;0.180488;-0.266790;0.711738;0.624240;0.602657;0.097499;-0.790691;0.045895;-0.196158;0.583476;-0.282799;0.735596;0.653037;-0.221827;0.609311;-0.391247;0.480058;-0.490992;0.534316;-0.492927;0.692060;0.028226;0.721196;-0.011535;0.301232;0.281108;0.883159;0.224205;0.049162;0.829345;0.413676;0.372346;0.226748;0.659305;0.622998;0.354647;-0.088937;0.909217;-0.021447;0.406147;0.454672;-0.525708;0.661788;-0.280964;0.454672;-0.525708;0.661788;-0.280964;0.520173;0.096223;0.839687;0.122830;0.280964;0.661788;0.525708;0.454672;0.520173;0.096223;0.839687;0.122830;0.454672;-0.525708;0.661788;-0.280964
20500222;1;0.494771;-0.452644;0.681191;-0.293758;0.528850;-0.359959;0.734396;-0.226736;0.530344;-0.382431;0.697157;-0.294030;0.552216;-0.325292;0.725580;-0.250553;0.889816;-0.416584;0.077200;0.169488;0.739279;-0.327388;-0.207957;0.550488;0.068289;-0.371580;0.111162;0.919189;-0.376608;-0.035701;-0.524841;0.762518;0.054231;0.231015;-0.472615;0.848721;0.054231;0.231015;-0.472615;0.848721;-0.136891;-0.282759;0.030500;0.948883;0.449268;0.879298;-0.073482;-0.139977;0.391908;0.689173;-0.531089;-0.298986;-0.490876;-0.148138;0.857362;-0.045006;-0.422340;0.654363;0.624087;0.062869;-0.108734;-0.315550;0.847410;0.412918;-0.108734;-0.315550;0.847410;0.412918;0.688761;0.159101;-0.654672;0.267768;-0.165273;0.592060;-0.272133;0.740334;0.655790;-0.202142;0.619500;-0.381180;0.498382;-0.466702;0.560077;-0.469167;0.688319;0.063782;0.722373;0.018035;0.308538;0.252773;0.890970;0.216985;0.041545;0.835286;0.399957;0.374974;0.207933;0.673521;0.612729;0.357347;-0.104298;0.912010;-0.038659;0.394797;0.478659;-0.524539;0.632756;-0.308810;0.478659;-0.524539;0.632756;-0.308810;0.556825;0.076521;0.818332;0.120102;0.308810;0.632756;0.524539;0.478659;0.556825;0.076521;0.818332;0.120102;0.478659;-0.524539;0.632756;-0.308810
20533544;1;0.501422;-0.446326;0.672576;-0.311464;0.538180;-0.353543;0.725654;-0.242478;0.542300;-0.359019;0.708414;-0.274162;0.562540;-0.301053;0.734924;-0.229790;0.904230;-0.385574;0.081075;0.164703;0.712795;-0.345944;-0.194119;0.578414;0.023517;-0.372345;0.136816;0.917653;-0.338690;-0.091332;-0.083712;0.932706;0.087541;-0.047360;-0.114483;0.988427;0.087541;-0.047360;-0.114483;0.988427;-0.065668;-0.242415;0.566908;0.784562;0.414945;0.897132;-0.060392;-0.139026;0.453250;0.637291;-0.541522;-0.308511;0.544400;0.124763;-0.826934;0.065139;-0.313673;0.629872;0.707755;-0.062881;-0.177546;-0.414715;0.851861;0.266124;-0.177546;-0.414715;0.851861;0.266124;0.664525;0.066545;-0.602435;0.437094;-0.131945;0.600897;-0.239346;0.751151;0.666298;-0.192974;0.617396;-0.370984;0.505935;-0.462201;0.550547;-0.476758;0.698971;0.060259;0.712380;0.017994;0.314143;0.210896;0.905205;0.193497;0.033817;0.850636;0.374477;0.367480;0.199309;0.689185;0.603579;0.347840;-0.103829;0.916612;-0.056190;0.381948;0.473600;-0.540083;0.616308;-0.322768;0.473600;-0.540083;0.616308;-0.322768;0.563117;0.053899;0.817691;0.106654;0.322768;0.616308;0.540083;0.473600;0.563117;0.053899;0.817691;0.106654;0.473600;-0.540083;0.616308;-0.322768
20566888;1;0.503144;-0.434180;0.676605;-0.317079;0.543725;-0.331721;0.732303;-0.240948;0.544052;-0.359292;0.708430;-0.270266;0.563973;-0.301324;0.734961;-0.225766;0.903951;-0.382321;0.081345;0.173456;0.735399;-0.342185;-0.196534;0.550884;0.020608;-0.365856;0.147869;0.918618;-0.361011;-0.069533;-0.306115;0.878140;-0.011151;0.048445;-0.310152;0.949386;-0.011151;0.048445;-0.310152;0.949386;-0.091397;-0.409070;0.174527;0.890982;0.412125;0.897559;-0.053155;-0.147360;0.425415;0.667242;-0.560619;-0.243960;-0.480262;-0.128187;0.862017;-0.099212;-0.301910;0.682932;0.664317;0.033733;-0.081975;-0.359650;0.882250;0.292520;-0.081975;-0.359650;0.882250;0.292520;0.674592;-0.074267;-0.647967;0.345759;-0.108965;0.600842;-0.224246;0.759493;0.670019;-0.186002;0.613804;-0.373795;0.513926;-0.452923;0.555673;-0.471136;0.700660;0.070507;0.709468;0.027556;0.306946;0.204883;0.909776;0.190041;0.025012;0.858206;0.364820;0.360227;0.209786;0.676829;0.620058;0.336780;-0.088483;0.919443;-0.035879;0.381455;0.465555;-0.547051;0.602137;-0.348460;0.465555;-0.547051;0.602137;-0.348460;0.575596;0.038952;0.812599;0.082799;0.348460;0.602137;0.547051;0.465555;0.575596;0.038952;0.812599;0.082799;0.465555;-0.547051;0.602137;-0.348460
20600200;1;0.504983;-0.431344;0.676313;-0.318646;0.547064;-0.325025;0.733359;-0.239299;0.549139;-0.347583;0.710892;-0.268822;0.568928;-0.289454;0.736476;-0.223919;0.908278;-0.373060;0.091802;0.165621;0.744129;-0.337611;-0.184236;0.546213;0.041587;-0.355290;0.147286;0.922142;-0.360207;-0.081271;-0.319920;0.872524;-0.046375;0.030850;-0.328637;0.942813;-0.046375;0.030850;-0.328637;0.942813;-0.086112;-0.404213;0.175376;0.893555;0.401843;0.904383;-0.065059;-0.127990;0.395186;0.688338;-0.561046;-0.235044;-0.457438;-0.218770;0.860652;-0.046566;0.504218;-0.567123;-0.650757;-0.025518;-0.061917;-0.543072;0.670959;0.501052;-0.061917;-0.543072;0.670959;0.501052;0.694276;-0.037895;-0.582196;0.421417;-0.098044;0.596820;-0.215643;0.766611;0.673031;-0.184119;0.607332;-0.379840;0.526627;-0.435112;0.561011;-0.467556;0.707097;0.086970;0.700666;0.038955;0.313063;0.198122;0.908812;0.191837;0.021777;0.858781;0.357249;0.366598;0.188311;0.686261;0.613002;0.343238;-0.108345;0.921108;-0.047415;0.370909;0.478009;-0.530707;0.610438;-0.342377;0.478009;-0.530707;0.610438;-0.342377;0.580101;0.056379;0.806912;0.095906;0.342377;0.610438;0.530707;0.478009;0.580101;0.056379;0.806912;0.095906;0.478009;-0.530707;0.610438;-0.342377
20633555;1;0.510256;-0.417041;0.680618;-0.320116;0.547841;-0.324149;0.729446;-0.250411;0.556931;-0.349848;0.703892;-0.268273;0.576651;-0.292274;0.729680;-0.222747;0.909046;-0.375614;0.079544;0.161934;0.740892;-0.331806;-0.154625;0.563093;0.033235;-0.329766;0.158930;0.929995;-0.418344;-0.076593;-0.201910;0.882244;-0.037489;0.009025;-0.215761;0.975685;-0.037489;0.009025;-0.215761;0.975685;-0.078422;-0.450952;0.255017;0.851738;0.401480;0.906341;-0.058597;-0.118007;0.408455;0.701082;-0.538959;-0.226212;-0.453947;-0.152583;0.871040;-0.109268;-0.349059;0.644599;0.644856;0.216358;0.082582;-0.382738;0.827562;0.402285;0.082582;-0.382738;0.827562;0.402285;0.633801;-0.084419;-0.736595;0.220450;-0.076037;0.590773;-0.200751;0.777756;0.683753;-0.169622;0.600500;-0.378300;0.532888;-0.429196;0.553402;-0.474940;0.716689;0.085800;0.691044;0.038136;0.301876;0.170065;0.920289;0.181705;0.007202;0.869322;0.346517;0.352353;0.180283;0.708164;0.592953;0.338243;-0.110701;0.922485;-0.077060;0.361701;0.449612;-0.526794;0.628636;-0.353771;0.449612;-0.526794;0.628636;-0.353771;0.568077;0.072014;0.817013;0.067770;0.353771;0.628636;0.526794;0.449612;0.568077;0.072014;0.817013;0.067770;0.449612;-0.526794;0.628636;-0.353771
20666888;1;0.498857;-0.440462;0.680277;-0.307178;0.540220;-0.330416;0.740006;-0.226669;0.557902;-0.347267;0.709760;-0.253755;0.576454;-0.289230;0.735323;-0.208198;0.905158;-0.358893;0.095564;0.206766;0.729985;-0.345402;-0.155677;0.568845;0.020443;-0.338926;0.169314;0.925226;-0.397925;-0.061419;-0.349018;0.846209;-0.033346;0.080688;-0.345073;0.934506;-0.033346;0.080688;-0.345073;0.934506;-0.157619;-0.373194;0.178014;0.896768;0.397668;0.904792;-0.097118;-0.117385;0.456769;0.658141;-0.553957;-0.226591;-0.491481;-0.121028;0.851687;-0.135747;-0.247706;0.628460;0.736089;-0.043042;-0.094203;-0.587359;0.769284;0.233102;-0.094203;-0.587359;0.769284;0.233102;0.708927;-0.199326;-0.603452;0.305838;-0.041357;0.585378;-0.179267;0.789611;0.690785;-0.159338;0.591164;-0.384648;0.529787;-0.437129;0.544640;-0.481260;0.718940;0.073960;0.690406;0.031534;0.319850;0.145060;0.923361;0.155110;0.023585;0.874112;0.330909;0.354784;0.199821;0.712491;0.584594;0.332681;-0.092966;0.919729;-0.086147;0.371529;0.480227;-0.510587;0.644276;-0.305927;0.480227;-0.510587;0.644276;-0.305927;0.555895;0.094532;0.816611;0.123249;0.305927;0.644276;0.510587;0.480227;0.555895;0.094532;0.816611;0.123249;0.480227;-0.510587;0.644276;-0.305927
20700222;1;0.489305;-0.449541;0.688991;-0.289457;0.527631;-0.339539;0.749339;-0.211683;0.549818;-0.331748;0.727373;-0.242017;0.567455;-0.272349;0.751635;-0.197146;0.914543;-0.338428;0.109081;0.192819;0.731914;-0.341017;-0.154436;0.569349;0.024525;-0.335776;0.165522;0.926960;-0.350347;-0.046974;-0.390571;0.850003;-0.069646;0.076392;-0.385897;0.916732;-0.069646;0.076392;-0.385897;0.916732;-0.085565;-0.290765;0.194147;0.932975;0.378096;0.911716;-0.089534;-0.133421;0.477737;0.641946;-0.553808;-0.230152;0.512487;0.126870;-0.838273;0.136235;-0.243169;0.612036;0.746809;-0.092505;-0.149525;-0.573138;0.777061;0.212909;-0.149525;-0.573138;0.777061;0.212909;0.676615;-0.203636;-0.574064;0.413734;-0.031721;0.586311;-0.172240;0.790928;0.692919;-0.156456;0.590769;-0.382592;0.542977;-0.427721;0.556736;-0.460734;0.713841;0.089293;0.692386;0.055305;0.319469;0.143068;0.923393;0.157531;0.021747;0.872730;0.333769;0.355624;0.185575;0.702605;0.602433;0.330126;-0.101166;0.925202;-0.066471;0.359649;0.478576;-0.534844;0.621516;-0.314047;0.478576;-0.534844;0.621516;-0.314047;0.560469;0.061286;0.817670;0.116340;0.314047;0.621516;0.534844;0.478576;0.560469;0.061286;0.817670;0.116340;0.478576;-0.534844;0.621516;-0.314047
20733533;1;0.488541;-0.445805;0.690832;-0.292125;0.528662;-0.330693;0.752750;-0.211013;0.551903;-0.324514;0.730560;-0.237437;0.569166;-0.264882;0.754231;-0.192413;0.916956;-0.329457;0.108190;0.197343;0.731486;-0.340219;-0.149726;0.571631;0.036495;-0.334126;0.162870;0.927632;-0.350040;-0.046315;-0.328285;0.876103;-0.059544;0.058310;-0.326368;0.941562;-0.059544;0.058310;-0.326368;0.941562;-0.095945;-0.347457;0.205714;0.909807;0.370170;0.914543;-0.096442;-0.131473;0.452811;0.669940;-0.542129;-0.228560;-0.493638;-0.163632;0.846137;-0.116615;-0.258649;0.582909;0.768049;-0.058461;-0.140123;-0.534157;0.802720;0.225129;-0.140123;-0.534157;0.802720;0.225129;0.731945;0.084432;-0.620125;0.269393;-0.032325;0.582725;-0.174455;0.793065;0.693820;-0.154603;0.588354;-0.385424;0.549289;-0.419910;0.561957;-0.454050;0.713598;0.098566;0.690586;0.064443;0.320619;0.144410;0.922005;0.162035;0.021135;0.869641;0.338538;0.358707;0.186229;0.706432;0.594143;0.336551;-0.105276;0.922111;-0.075028;0.364690;0.480927;-0.519975;0.635022;-0.308353;0.480927;-0.519975;0.635022;-0.308353;0.558105;0.081351;0.816707;0.122029;0.308353;0.635022;0.519975;0.480927;0.558105;0.081351;0.816707;0.122029;0.480927;-0.519975;0.635022;-0.308353
20766888;1;0.487561;-0.443040;0.686580;-0.307583;0.534555;-0.313647;0.754521;-0.215810;0.555920;-0.321864;0.728666;-0.237491;0.573175;-0.262394;0.752131;-0.192145;0.916860;-0.327743;0.100743;0.204457;0.722946;-0.338030;-0.123439;0.589786;0.025338;-0.314208;0.175427;0.932661;-0.395417;-0.040557;-0.120719;0.909630;-0.033693;0.006615;-0.127178;0.991285;-0.033693;0.006615;-0.127178;0.991285;-0.077345;-0.437656;0.334487;0.831019;0.369985;0.912485;-0.103081;-0.140910;0.468349;0.653126;-0.550606;-0.225628;0.504332;0.149875;-0.840999;0.126126;-0.263757;0.509637;0.817929;-0.041168;-0.120742;-0.620152;0.737665;0.238084;-0.120742;-0.620152;0.737665;0.238084;0.744744;-0.038156;-0.645471;0.165130;-0.033341;0.577133;-0.175171;0.796945;0.696822;-0.152345;0.583624;-0.388089;0.558997;-0.408538;0.565431;-0.448226;0.716348;0.109143;0.685021;0.075358;0.330468;0.145508;0.915633;0.176730;0.012516;0.865453;0.332388;0.374636;0.189344;0.702658;0.587552;0.353841;-0.115252;0.914875;-0.076990;0.379202;0.480240;-0.500110;0.642197;-0.326868;0.480240;-0.500110;0.642197;-0.326868;0.570711;0.100471;0.807733;0.108451;0.326868;0.642197;0.500110;0.480240;0.570711;0.100471;0.807733;0.108451;0.480240;-0.500110;0.642197;-0.326868
20800211;1;0.482865;-0.459233;0.686333;-0.291366;0.526978;-0.329879;0.757051;-0.200866;0.553172;-0.323160;0.731622;-0.233019;0.570077;-0.263448;0.755181;-0.187908;0.918395;-0.325713;0.096000;0.203089;0.717550;-0.352596;-0.131311;0.586135;0.038086;-0.332291;0.176491;0.925734;-0.392153;-0.067802;0.046645;0.916211;-0.006037;-0.080587;0.016692;0.996590;-0.006037;-0.080587;0.016692;0.996590;-0.010938;-0.468649;0.510706;0.720713;0.369545;0.911590;-0.101815;-0.148573;0.476510;0.643698;-0.551586;-0.233120;0.515453;0.142373;-0.835658;0.125357;-0.259953;0.491279;0.828854;-0.063802;-0.143870;-0.627292;0.731340;0.225716;-0.143870;-0.627292;0.731340;0.225716;0.740087;-0.013236;-0.638898;0.209535;-0.033102;0.560441;-0.183550;0.806920;0.704922;-0.136885;0.573677;-0.394007;0.566181;-0.403715;0.565552;-0.443400;0.718025;0.112699;0.681698;0.083825;0.329369;0.154516;0.913672;0.181229;0.009624;0.866922;0.327190;0.375899;0.161298;0.717296;0.576076;0.357219;-0.137651;0.917083;-0.095316;0.361837;0.479745;-0.507707;0.644122;-0.311746;0.479745;-0.507707;0.644122;-0.311746;0.559668;0.096460;0.814466;0.118794;0.311746;0.644122;0.507707;0.479745;0.559668;0.096460;0.814466;0.118794;0.479745;-0.507707;0.644122;-0.311746
20833555;1;0.495804;-0.447429;0.682883;-0.296069;0.539830;-0.321513;0.750434;-0.205090;0.558225;-0.311900;0.731449;-0.236823;0.575419;-0.252238;0.754105;-0.191294;0.921528;-0.320846;0.100363;0.194348;0.713913;-0.346089;-0.141232;0.592118;0.035486;-0.336150;0.163485;0.926831;-0.402981;-0.067090;0.164356;0.897826;-0.004257;-0.127978;0.123027;0.984108;-0.004257;-0.127978;0.123027;0.984108;0.016629;-0.500319;0.601643;0.622438;0.360587;0.915934;-0.101813;-0.143793;0.476347;0.641689;-0.552612;-0.236536;0.513882;0.116771;-0.838754;0.137045;-0.254740;0.506598;0.822180;-0.049854;-0.127500;-0.620937;0.739634;0.226100;-0.127500;-0.620937;0.739634;0.226100;0.737529;-0.025174;-0.647150;0.191349;-0.032965;0.562760;-0.175913;0.807013;0.705328;-0.144028;0.571802;-0.393459;0.562621;-0.409092;0.556278;-0.454595;0.723374;0.102289;0.678878;0.073433;0.342395;0.154361;0.908783;0.181800;0.012547;0.865234;0.317830;0.387551;0.178344;0.699780;0.589926;0.361233;-0.128245;0.914488;-0.073202;0.376705;0.480848;-0.511002;0.648135;-0.295944;0.480848;-0.511002;0.648135;-0.295944;0.549275;0.096968;0.819634;0.130747;0.295944;0.648135;0.511002;0.480848;0.549275;0.096968;0.819634;0.130747;0.480848;-0.511002;0.648135;-0.295944
20866888;1;0.496628;-0.438665;0.687342;-0.297479;0.538814;-0.319565;0.750163;-0.211691;0.554937;-0.316629;0.731830;-0.237101;0.572163;-0.256921;0.754864;-0.191835;0.920964;-0.324546;0.103830;0.188980;0.709923;-0.343684;-0.136633;0.599351;0.027879;-0.331199;0.164605;0.928674;-0.420970;-0.065752;0.206344;0.880842;0.005549;-0.149196;0.156977;0.976252;0.005549;-0.149196;0.156977;0.976252;-0.016387;-0.524924;0.610387;0.592970;0.362670;0.916739;-0.090453;-0.140993;0.466367;0.648301;-0.548014;-0.248775;0.508279;0.085602;-0.844562;0.145051;-0.245001;0.533405;0.809057;-0.029671;-0.100977;-0.614528;0.749300;0.225187;-0.100977;-0.614528;0.749300;0.225187;0.735594;-0.063242;-0.657772;0.149124;-0.032667;0.566015;-0.179413;0.803972;0.708070;-0.134556;0.578372;-0.382121;0.565532;-0.401653;0.555946;-0.458009;0.727814;0.107331;0.673375;0.073035;0.331623;0.146299;0.915874;0.172620;0.009867;0.871939;0.316044;0.373819;0.141746;0.720332;0.581160;0.351117;-0.147226;0.922712;-0.093790;0.343702;0.486122;-0.491105;0.645890;-0.324541;0.486122;-0.491105;0.645890;-0.324541;0.573225;0.109450;0.803977;0.114254;0.324541;0.645890;0.491105;0.486122;0.573225;0.109450;0.803977;0.114254;0.486122;-0.491105;0.645890;-0.324541
20900222;1;0.499544;-0.424495;0.685813;-0.316102;0.542063;-0.314452;0.742735;-0.235865;0.559004;-0.311185;0.729757;-0.241109;0.576539;-0.251662;0.752361;-0.195504;0.921449;-0.323397;0.108548;0.185914;0.707100;-0.341850;-0.143849;0.602043;0.014501;-0.333709;0.161841;0.928567;-0.426637;-0.016001;0.047002;0.903059;-0.018784;-0.033869;0.036307;0.998590;-0.018784;-0.033869;0.036307;0.998590;-0.119308;-0.471212;0.462924;0.741233;0.360091;0.919105;-0.100854;-0.124132;0.458737;0.651901;-0.543396;-0.263261;0.507910;0.061217;-0.846467;0.147558;-0.237906;0.538870;0.807852;-0.019880;-0.066797;-0.684546;0.688769;0.229200;-0.066797;-0.684546;0.688769;0.229200;0.725963;-0.139868;-0.655502;0.154053;-0.027872;0.578339;-0.178992;0.795430;0.701544;-0.136122;0.589952;-0.375849;0.568235;-0.395002;0.571726;-0.440695;0.717565;0.123250;0.679940;0.087132;0.312789;0.140240;0.924214;0.168300;0.000343;0.880057;0.315079;0.355282;0.136096;0.731937;0.575387;0.338638;-0.142522;0.926810;-0.106089;0.330840;0.495394;-0.492419;0.634204;-0.331502;0.495394;-0.492419;0.634204;-0.331502;0.584704;0.100257;0.796643;0.115889;0.331502;0.634204;0.492419;0.495394;0.584704;0.100257;0.796643;0.115889;0.495394;-0.492419;0.634204;-0.331502
20933533;1;0.495867;-0.433766;0.687355;-0.305788;0.538470;-0.317981;0.747996;-0.222352;0.557210;-0.312724;0.732288;-0.235532;0.574303;-0.252992;0.755008;-0.190089;0.920678;-0.319642;0.107802;0.196368;0.705989;-0.338491;-0.143494;0.605320;0.005503;-0.330223;0.161615;0.929948;-0.432942;-0.084596;0.168509;0.881481;-0.022484;-0.147571;0.117366;0.981806;-0.022484;-0.147571;0.117366;0.981806;-0.068101;-0.516040;0.581918;0.624849;0.361426;0.915957;-0.110334;-0.134981;0.466447;0.643852;-0.548455;-0.258996;0.515025;0.079591;-0.842029;0.139287;-0.234643;0.526705;0.814077;-0.069301;0.108676;0.711204;-0.659037;-0.219202;0.108676;0.711204;-0.659037;-0.219202;0.717763;-0.171914;-0.628534;0.245370;-0.028520;0.577086;-0.183706;0.795242;0.700442;-0.133406;0.590794;-0.377553;0.556927;-0.406573;0.564902;-0.453228;0.718395;0.110137;0.683250;0.070344;0.309260;0.150553;0.924256;0.165659;0.004300;0.882066;0.314345;0.350897;0.157821;0.722294;0.586198;0.331295;-0.121843;0.927637;-0.091743;0.340920;0.492979;-0.487593;0.639732;-0.331615;0.492979;-0.487593;0.639732;-0.331615;0.583076;0.107578;0.797139;0.114101;0.331615;0.639732;0.487593;0.492979;0.583076;0.107578;0.797139;0.114101;0.492979;-0.487593;0.639732;-0.331615
20966888;1;0.494060;-0.438706;0.687313;-0.301732;0.536843;-0.320090;0.749936;-0.216651;0.557482;-0.307181;0.736262;-0.229719;0.574109;-0.247149;0.758525;-0.184273;0.922445;-0.311088;0.103493;0.203980;0.705259;-0.338573;-0.143437;0.606138;0.006658;-0.330624;0.160915;0.929919;-0.441092;-0.050370;0.096616;0.890823;-0.011105;-0.087289;0.065212;0.993984;-0.011105;-0.087289;0.065212;0.993984;-0.059470;-0.484784;0.543668;0.682549;0.356379;0.915287;-0.120239;-0.144173;0.474581;0.634008;-0.548412;-0.268423;0.528029;0.076224;-0.834813;0.135879;-0.249491;0.507804;0.822015;-0.064661;0.106905;0.721613;-0.642532;-0.234517;0.106905;0.721613;-0.642532;-0.234517;0.721237;-0.152502;-0.627732;0.250024;-0.032625;0.583252;-0.190338;0.789002;0.695326;-0.133712;0.598825;-0.374235;0.547348;-0.418909;0.568395;-0.449280;0.708881;0.103824;0.694475;0.066430;0.313576;0.156217;0.922095;0.164339;0.010323;0.880456;0.315273;0.353968;0.175837;0.712120;0.594055;0.330250;-0.108241;0.926018;-0.079079;0.352875;0.495243;-0.507231;0.624153;-0.328455;0.495243;-0.507231;0.624153;-0.328455;0.582443;0.082676;0.800010;0.117937;0.328455;0.624153;0.507231;0.495243;0.582443;0.082676;0.800010;0.117937;0.495243;-0.507231;0.624153;-0.328455
21000211;1;0.508433;-0.419943;0.683927;-0.312070;0.550977;-0.307831;0.741181;-0.228726;0.561681;-0.305978;0.733785;-0.229021;0.578238;-0.246148;0.755959;-0.183240;0.924435;-0.310577;0.103668;0.195485;0.707605;-0.328967;-0.147545;0.607705;-0.006312;-0.325216;0.155639;0.932722;-0.423915;-0.022396;-0.014831;0.905304;0.033547;-0.013216;-0.023385;0.999076;0.033547;-0.013216;-0.023385;0.999076;-0.036595;-0.429216;0.482107;0.762894;0.351445;0.919545;-0.105636;-0.140583;0.476800;0.628424;-0.550357;-0.273591;0.538128;0.104042;-0.828846;0.112291;-0.233346;0.507880;0.817733;-0.137554;0.177561;0.712165;-0.647649;-0.204558;0.177561;0.712165;-0.647649;-0.204558;0.708127;-0.126636;-0.596678;0.355661;-0.042918;0.585666;-0.197334;0.784992;0.691358;-0.138361;0.602378;-0.374193;0.534595;-0.421599;0.557472;-0.475065;0.717974;0.094063;0.688570;0.039204;0.309823;0.170422;0.919911;0.169496;0.006805;0.883075;0.308865;0.353178;0.210502;0.703670;0.594547;0.327188;-0.081437;0.920497;-0.072935;0.375146;0.496822;-0.523262;0.613158;-0.321562;0.496822;-0.523262;0.613158;-0.321562;0.578684;0.063566;0.803571;0.123927;0.321562;0.613158;0.523262;0.496822;0.578684;0.063566;0.803571;0.123927;0.496822;-0.523262;0.613158;-0.321562
21033555;1;0.519471;-0.409965;0.678531;-0.318866;0.562664;-0.299691;0.733935;-0.234381;0.564250;-0.311121;0.727288;-0.236386;0.581389;-0.251796;0.749895;-0.190375;0.922146;-0.320080;0.106733;0.189220;0.700017;-0.333664;-0.174349;0.606834;-0.006722;-0.349288;0.140455;0.926405;-0.395546;-0.036670;0.034067;0.917081;0.058692;-0.048067;0.013958;0.997021;0.058692;-0.048067;0.013958;0.997021;-0.009291;-0.414514;0.551529;0.723815;0.357033;0.918659;-0.089737;-0.143321;0.480460;0.617093;-0.559300;-0.274842;0.543091;0.100108;-0.826800;0.106920;-0.182805;0.456530;0.845300;-0.208881;0.237451;0.753184;-0.596377;-0.143757;0.237451;0.753184;-0.596377;-0.143757;0.717959;-0.192171;-0.613068;0.267868;-0.047965;0.583129;-0.189983;0.788395;0.694219;-0.147567;0.595328;-0.376656;0.538039;-0.411515;0.545299;-0.493780;0.733518;0.092577;0.672738;0.028364;0.354764;0.153879;0.903081;0.186837;0.011454;0.862284;0.309244;0.400879;0.237970;0.721895;0.521896;0.387119;-0.104516;0.882637;-0.137213;0.437265;0.492395;-0.508792;0.629762;-0.319494;0.492395;-0.508792;0.629762;-0.319494;0.574093;0.085539;0.805080;0.122259;0.319494;0.629762;0.508792;0.492395;0.574093;0.085539;0.805080;0.122259;0.492395;-0.508792;0.629762;-0.319494
21066888;1;0.511046;-0.412617;0.691662;-0.300304;0.548338;-0.310791;0.743006;-0.225114;0.561467;-0.318433;0.725602;-0.238447;0.578781;-0.259219;0.748801;-0.192653;0.920230;-0.327134;0.107796;0.185851;0.704808;-0.324069;-0.175097;0.606272;0.005885;-0.344902;0.129315;0.929670;-0.379372;-0.065481;0.022958;0.922639;0.069062;-0.068872;-0.008456;0.995196;0.069062;-0.068872;-0.008456;0.995196;0.012921;-0.429741;0.531089;0.730137;0.364268;0.916984;-0.091103;-0.134721;0.479009;0.614496;-0.555086;-0.291247;0.552227;0.096492;-0.822445;0.096538;-0.234502;0.433950;0.854971;-0.160379;0.201488;0.758489;-0.586499;-0.200288;0.201488;0.758489;-0.586499;-0.200288;0.722538;-0.181069;-0.600822;0.290113;-0.051511;0.590573;-0.197792;0.780671;0.688421;-0.146716;0.605336;-0.371644;0.545326;-0.401031;0.564148;-0.472791;0.723928;0.113412;0.678776;0.048271;0.357152;0.159284;0.900666;0.189399;0.016380;0.858245;0.316096;0.404018;0.207472;0.724523;0.529107;0.389958;-0.128149;0.889465;-0.133806;0.417763;0.491627;-0.497252;0.640843;-0.316802;0.491627;-0.497252;0.640843;-0.316802;0.571645;0.101534;0.804755;0.123620;0.316802;0.640843;0.497252;0.491627;0.571645;0.101534;0.804755;0.123620;0.491627;-0.497252;0.640843;-0.316802
21100222;1;0.510395;-0.414375;0.690613;-0.301404;0.547217;-0.314742;0.741343;-0.227817;0.560063;-0.323874;0.723183;-0.241746;0.577645;-0.264837;0.746826;-0.196054;0.917993;-0.333638;0.105870;0.186454;0.700534;-0.328138;-0.179643;0.607706;-0.000832;-0.350606;0.130466;0.927391;-0.388883;-0.070161;0.024012;0.918298;0.075156;-0.073364;-0.010809;0.994411;0.075156;-0.073364;-0.010809;0.994411;-0.014623;-0.430987;0.530413;0.729862;0.370335;0.914724;-0.087122;-0.136168;0.483085;0.612712;-0.552566;-0.293060;0.554350;0.079879;-0.821197;0.109324;-0.229104;0.461903;0.843131;-0.152601;0.189548;0.751671;-0.599345;-0.199617;0.189548;0.751671;-0.599345;-0.199617;0.720680;-0.183993;-0.601558;0.291367;-0.053838;0.591980;-0.200756;0.778690;0.687570;-0.145634;0.607940;-0.369388;0.545474;-0.398454;0.565902;-0.472703;0.723967;0.116478;0.678203;0.048421;0.360711;0.156035;0.899805;0.189451;0.017979;0.855981;0.318155;0.407126;0.202507;0.723805;0.529976;0.392712;-0.133607;0.889558;-0.132651;0.416221;0.489832;-0.498684;0.631575;-0.335398;0.489832;-0.498684;0.631575;-0.335398;0.583526;0.093968;0.799214;0.109202;0.335398;0.631575;0.498684;0.489832;0.583526;0.093968;0.799214;0.109202;0.489832;-0.498684;0.631575;-0.335398
21133533;1;0.506974;-0.416102;0.690954;-0.304006;0.546948;-0.307387;0.745702;-0.224253;0.555741;-0.320664;0.728642;-0.239597;0.573166;-0.261199;0.752010;-0.194258;0.919799;-0.329965;0.095404;0.189715;0.697755;-0.322668;-0.191131;0.610322;-0.007096;-0.355393;0.119757;0.926987;-0.390861;-0.042762;0.040883;0.918546;0.108511;-0.057297;0.014735;0.992333;0.108511;-0.057297;0.014735;0.992333;-0.025654;-0.394945;0.574158;0.716730;0.368227;0.913617;-0.091471;-0.146101;0.485227;0.616546;-0.536258;-0.311212;0.565513;0.073048;-0.813859;0.111770;-0.238638;0.436734;0.825198;-0.267140;0.314813;0.702816;-0.614604;-0.170895;0.314813;0.702816;-0.614604;-0.170895;0.723966;-0.149075;-0.524536;0.422506;-0.094974;0.586919;-0.230175;0.770406;0.683681;-0.151232;0.612077;-0.367520;0.536681;-0.418928;0.567512;-0.463036;0.711005;0.103091;0.693850;0.049157;0.329426;0.197513;0.902894;0.193000;0.022411;0.860627;0.336880;0.381222;0.183568;0.712025;0.573396;0.361303;-0.124705;0.911563;-0.093582;0.380453;0.481790;-0.523891;0.624811;-0.320978;0.481790;-0.523891;0.624811;-0.320978;0.567643;0.071361;0.812255;0.113711;0.320978;0.624811;0.523891;0.481790;0.567643;0.071361;0.812255;0.113711;0.481790;-0.523891;0.624811;-0.320978
21166888;1;0.509234;-0.417808;0.686331;-0.308329;0.552531;-0.300856;0.745050;-0.221577;0.559797;-0.310373;0.732727;-0.231097;0.576527;-0.250614;0.755257;-0.185461;0.916421;-0.313148;0.098983;0.228720;0.721830;-0.305706;-0.209351;0.584531;0.025267;-0.357831;0.096129;0.928481;-0.423779;-0.157328;0.120788;0.883781;0.114280;-0.197530;0.017981;0.973447;0.114280;-0.197530;0.017981;0.973447;-0.003474;-0.533033;0.554079;0.639422;0.359988;0.913094;-0.116613;-0.151887;0.461613;0.639090;-0.534129;-0.305260;0.542196;0.073728;-0.829635;0.110879;-0.272527;0.400708;0.854621;-0.186508;0.244323;0.739193;-0.586973;-0.222177;0.244323;0.739193;-0.586973;-0.222177;0.724348;-0.160614;-0.563134;0.363873;-0.120808;0.587732;-0.239343;0.763342;0.676827;-0.171729;0.610964;-0.373011;0.513059;-0.455683;0.550841;-0.475076;0.702814;0.065125;0.707973;0.024180;0.349421;0.216306;0.888157;0.205653;0.037863;0.846704;0.344442;0.403755;0.221752;0.678786;0.592543;0.372785;-0.105464;0.901654;-0.056691;0.415552;0.489873;-0.492725;0.628002;-0.350514;0.489873;-0.492725;0.628002;-0.350514;0.594243;0.095655;0.792474;0.098541;0.350514;0.628002;0.492725;0.489873;0.594243;0.095655;0.792474;0.098541;0.489873;-0.492725;0.628002;-0.350514
21200211;1;0.515405;-0.422810;0.686219;-0.291020;0.554103;-0.311984;0.743190;-0.208097;0.562193;-0.313703;0.728690;-0.233539;0.579110;-0.254256;0.751500;-0.187703;0.916882;-0.316860;0.116476;0.212978;0.722763;-0.307297;-0.208016;0.583019;0.012238;-0.356242;0.103892;0.928519;-0.395011;-0.178507;0.181540;0.882692;0.207777;-0.251490;0.039682;0.944461;0.207777;-0.251490;0.039682;0.944461;0.031349;-0.511923;0.627836;0.585468;0.359402;0.918454;-0.107670;-0.125217;0.440221;0.647796;-0.553378;-0.283441;0.511205;0.062966;-0.849648;0.113147;-0.218585;0.484260;0.845270;-0.056850;-0.142381;-0.568327;0.791197;0.175325;-0.142381;-0.568327;0.791197;0.175325;0.710673;-0.192616;-0.649919;0.188277;-0.125785;0.589971;-0.244462;0.759178;0.664739;-0.188336;0.610254;-0.387610;0.476966;-0.489285;0.529872;-0.502333;0.696472;0.026256;0.716814;-0.020375;0.381228;0.221471;0.875584;0.197407;0.068255;0.835476;0.342937;0.423928;0.235259;0.666250;0.598267;0.377943;-0.099431;0.896863;-0.043833;0.428753;0.482189;-0.519967;0.634383;-0.307710;0.482189;-0.519967;0.634383;-0.307710;0.558543;0.080905;0.816249;0.123375;0.307710;0.634383;0.519967;0.482189;0.558543;0.080905;0.816249;0.123375;0.482189;-0.519967;0.634383;-0.307710
21233555;1;0.495962;-0.430150;0.696913;-0.288626;0.535306;-0.314742;0.756078;-0.206715;0.547018;-0.326671;0.731002;-0.244322;0.564850;-0.266997;0.754845;-0.199668;0.912740;-0.334900;0.108192;0.207468;0.728628;-0.297245;-0.203454;0.582540;0.030364;-0.347765;0.093847;0.932379;-0.383921;-0.210517;0.102931;0.893137;0.219319;-0.230599;-0.041669;0.947094;0.219319;-0.230599;-0.041669;0.947094;-0.003357;-0.485921;0.591153;0.643745;0.378003;0.907434;-0.094041;-0.157589;0.463998;0.624374;-0.566233;-0.272476;0.528594;0.096795;-0.837313;0.100629;-0.206201;0.478609;0.814727;-0.254234;-0.318446;-0.527195;0.784163;0.075803;-0.318446;-0.527195;0.784163;0.075803;0.696353;-0.200821;-0.533527;0.436018;-0.167210;0.579382;-0.264291;0.752667;0.672041;-0.189985;0.607856;-0.377860;0.485779;-0.490537;0.524007;-0.498807;0.700220;0.021283;0.713515;-0.011634;0.366128;0.238248;0.872051;0.220715;0.061070;0.825812;0.367702;0.423202;0.225787;0.665029;0.596908;0.387889;-0.113161;0.895041;-0.043858;0.429154;0.511373;-0.515458;0.614447;-0.308633;0.511373;-0.515458;0.614447;-0.308633;0.579832;0.069996;0.798964;0.143359;0.308633;0.614447;0.515458;0.511373;0.579832;0.069996;0.798964;0.143359;0.511373;-0.515458;0.614447;-0.308633
21266888;1;0.499105;-0.440319;0.692627;-0.277995;0.535812;-0.328971;0.751925;-0.198222;0.544246;-0.342112;0.723924;-0.250377;0.562572;-0.282957;0.749028;-0.205926;0.904541;-0.350640;0.088402;0.225925;0.717805;-0.303507;-0.227433;0.583878;0.002308;-0.368182;0.091017;0.925285;-0.491372;-0.170992;0.081544;0.850098;0.123782;-0.185454;-0.038659;0.974059;0.123782;-0.185454;-0.038659;0.974059;-0.079029;-0.470259;0.597531;0.644645;0.398352;0.895492;-0.104055;-0.169064;0.476796;0.618953;-0.547017;-0.300556;0.552999;0.074340;-0.822681;0.108906;-0.199943;0.525189;0.796620;-0.222698;-0.288084;-0.483007;0.822881;0.081116;-0.288084;-0.483007;0.822881;0.081116;0.717272;-0.175781;-0.553456;0.385108;-0.178155;0.576835;-0.278177;0.747088;0.668284;-0.189335;0.611818;-0.378455;0.474745;-0.498086;0.520410;-0.505668;0.697244;0.013321;0.716300;-0.024233;0.361762;0.260512;0.866126;0.226024;0.065841;0.825449;0.369612;0.421527;0.227769;0.656931;0.609421;0.381010;-0.106824;0.898083;-0.029308;0.425648;0.507285;-0.492422;0.620598;-0.339177;0.507285;-0.492422;0.620598;-0.339177;0.598538;0.090634;0.787024;0.118870;0.339177;0.620598;0.492422;0.507285;0.598538;0.090634;0.787024;0.118870;0.507285;-0.492422;0.620598;-0.339177
21300222;1;0.507139;-0.433220;0.687256;-0.287766;0.541502;-0.335940;0.739692;-0.216277;0.543894;-0.348367;0.712741;-0.273534;0.564078;-0.290088;0.738382;-0.229037;0.899686;-0.375100;0.066084;0.213304;0.712654;-0.309966;-0.219248;0.589894;-0.002402;-0.366283;0.099928;0.925119;-0.468705;-0.200619;0.101818;0.854225;0.164453;-0.220413;-0.045089;0.960386;0.164453;-0.220413;-0.045089;0.960386;-0.118299;-0.445577;0.633082;0.621831;0.416056;0.886613;-0.109529;-0.169760;0.461632;0.627429;-0.537876;-0.322362;0.552354;0.047337;-0.825068;0.109208;-0.264933;0.545494;0.738857;-0.293832;-0.384507;-0.390225;0.831383;0.093174;-0.384507;-0.390225;0.831383;0.093174;0.799830;-0.106879;-0.463048;0.366654;-0.192138;0.568110;-0.287928;0.746614;0.670215;-0.188067;0.608546;-0.380939;0.482221;-0.491227;0.525234;-0.500288;0.698747;0.021639;0.714880;-0.015194;0.347797;0.281511;0.862107;0.237825;0.057901;0.827408;0.371236;0.417406;0.255213;0.648532;0.607597;0.380919;-0.087248;0.890949;-0.024802;0.444952;0.478645;-0.533116;0.602631;-0.351457;0.478645;-0.533116;0.602631;-0.351457;0.586971;0.049155;0.803094;0.089936;0.351457;0.602631;0.533116;0.478645;0.586971;0.049155;0.803094;0.089936;0.478645;-0.533116;0.602631;-0.351457
21333533;1;0.527826;-0.397747;0.683117;-0.310722;0.559160;-0.319158;0.723180;-0.249977;0.549469;-0.360484;0.695758;-0.289924;0.570949;-0.303528;0.722426;-0.244927;0.895607;-0.397792;0.076704;0.183759;0.727568;-0.301567;-0.229789;0.571751;-0.000793;-0.366928;0.095445;0.925340;-0.443156;-0.172743;0.200106;0.856581;0.210803;-0.260940;0.042342;0.941106;0.210803;-0.260940;0.042342;0.941106;0.073972;-0.514567;0.653087;0.550660;0.429392;0.889933;-0.097264;-0.119084;0.412973;0.675420;-0.507110;-0.340737;0.531013;0.091790;-0.839599;0.068363;0.528462;-0.451441;-0.689690;0.203116;0.289967;0.602942;-0.562079;-0.486258;0.289967;0.602942;-0.562079;-0.486258;0.740501;0.086592;-0.422064;0.515773;-0.216089;0.571825;-0.302130;0.731464;0.656958;-0.212084;0.611008;-0.387421;0.469711;-0.500091;0.522069;-0.506679;0.694400;0.013043;0.718907;-0.028497;0.332754;0.303551;0.857404;0.248979;0.055958;0.824094;0.384841;0.411868;0.278550;0.634807;0.613275;0.378580;-0.068952;0.885292;-0.011212;0.459759;0.484362;-0.495375;0.619246;-0.369502;0.484362;-0.495375;0.619246;-0.369502;0.603773;0.087590;0.788156;0.081218;0.369502;0.619246;0.495375;0.484362;0.603773;0.087590;0.788156;0.081218;0.484362;-0.495375;0.619246;-0.369502
21366888;1;0.515204;-0.416437;0.688514;-0.295117;0.545562;-0.335001;0.731604;-0.234288;0.545728;-0.370172;0.689058;-0.300587;0.568076;-0.313722;0.716524;-0.255856;0.890279;-0.413305;0.071573;0.177369;0.729490;-0.299931;-0.210165;0.577682;-0.010861;-0.349716;0.108749;0.930459;-0.465368;-0.186481;0.231412;0.833730;0.172853;-0.291193;0.059443;0.939040;0.172853;-0.291193;0.059443;0.939040;0.088120;-0.499413;0.692435;0.513181;0.443138;0.884054;-0.095061;-0.114192;0.404926;0.669467;-0.536279;-0.316628;0.509940;0.090474;-0.852992;0.064651;-0.329756;0.680138;0.654282;-0.024271;-0.241120;-0.021036;0.943520;0.226250;-0.241120;-0.021036;0.943520;0.226250;0.701200;0.089935;-0.614030;0.350995;-0.231303;0.568441;-0.310786;0.725800;0.655102;-0.218373;0.609975;-0.388698;-0.454767;0.515760;-0.506495;0.520232;0.693351;-0.009162;0.718906;-0.048519;0.340924;0.316680;0.848374;0.252480;0.072256;0.814958;0.394736;0.418098;0.285462;0.610944;0.637856;0.372020;-0.059224;0.885661;0.022989;0.459965;0.493488;-0.516065;0.611391;-0.341099;0.493488;-0.516065;0.611391;-0.341099;0.590142;0.067405;0.797231;0.107756;0.341099;0.611391;0.516065;0.493488;0.590142;0.067405;0.797231;0.107756;0.493488;-0.516065;0.611391;-0.341099
21400222;1;0.516422;-0.417039;0.680799;-0.309676;0.545752;-0.344190;0.720377;-0.254452;0.554862;-0.364059;0.686616;-0.296895;0.576884;-0.307825;0.713600;-0.251443;0.887229;-0.404899;0.074543;0.208146;0.726590;-0.315046;-0.234085;0.563930;-0.051968;-0.371530;0.126550;0.918286;-0.401358;-0.170039;0.218674;0.873029;0.238474;-0.269827;0.062651;0.930805;0.238474;-0.269827;0.062651;0.930805;0.132014;-0.430708;0.720736;0.526880;0.441861;0.879903;-0.145833;-0.096236;0.389775;0.671787;-0.529539;-0.341125;0.511907;0.026690;-0.854984;0.079001;-0.347691;0.682183;0.637451;-0.085982;-0.314729;0.073907;0.930729;0.170962;-0.314729;0.073907;0.930729;0.170962;0.705206;0.212941;-0.556345;0.384475;-0.236620;0.572125;-0.314785;0.719440;0.647765;-0.229716;0.611302;-0.392354;-0.449932;0.518403;-0.507312;0.521013;0.690485;-0.010484;0.721365;-0.052473;0.339532;0.329130;0.844371;0.251853;0.078960;0.814368;0.397547;0.415363;0.298687;0.603489;0.642624;0.365545;-0.045224;0.883754;0.031542;0.464692;0.509913;-0.518494;0.586763;-0.356176;0.509913;-0.518494;0.586763;-0.356176;0.612417;0.048273;0.781535;0.108709;0.356176;0.586763;0.518494;0.509913;0.612417;0.048273;0.781535;0.108709;0.509913;-0.518494;0.586763;-0.356176
21433555;1;0.519069;-0.430404;0.668411;-0.313922;0.548330;-0.360123;0.708753;-0.259450;0.545359;-0.390975;0.672120;-0.313012;0.568704;-0.335817;0.701309;-0.268270;0.872844;-0.435003;0.095250;0.199606;0.728007;-0.298009;-0.206844;0.581732;-0.020468;-0.345263;0.111298;0.931658;-0.415441;-0.245635;0.187623;0.855494;0.181315;-0.309083;0.002594;0.933588;0.181315;-0.309083;0.002594;0.933588;0.141977;-0.573306;0.593939;0.546259;0.467847;0.872617;-0.123960;-0.065515;0.435126;0.647837;-0.525985;-0.338101;0.541322;0.033504;-0.833805;0.103044;-0.291232;0.615645;0.703956;-0.201523;-0.338789;-0.169645;0.919670;0.103196;-0.338789;-0.169645;0.919670;0.103196;0.715974;0.161137;-0.482095;0.478541;-0.249510;0.564491;-0.321532;0.718131;0.644762;-0.238007;0.604505;-0.402750;-0.456420;0.509982;-0.513310;0.517795;0.692811;-0.000244;0.719672;-0.045675;0.339127;0.350572;0.833382;0.259935;0.092674;0.804365;0.412766;0.417171;0.305390;0.602061;0.637828;0.370721;-0.044125;0.879413;0.029136;0.473113;0.484509;-0.520461;0.630369;-0.311458;0.484509;-0.520461;0.630369;-0.311458;0.562833;0.077717;0.813760;0.122365;0.311458;0.630369;0.520461;0.484509;0.562833;0.077717;0.813760;0.122365;0.484509;-0.520461;0.630369;-0.311458
21466866;1;0.518506;-0.440470;0.666915;-0.303912;0.543721;-0.378751;0.703802;-0.256084;0.557523;-0.381180;0.673458;-0.300538;0.579829;-0.325946;0.701857;-0.254861;0.881266;-0.419545;0.093542;0.196474;0.728483;-0.298394;-0.208203;0.580452;-0.034041;-0.344762;0.116303;0.930835;-0.459807;-0.223822;0.082406;0.855389;0.112641;-0.230695;-0.060555;0.964585;0.112641;-0.230695;-0.060555;0.964585;0.056706;-0.536750;0.547386;0.639573;0.451564;0.879750;-0.140205;-0.049719;0.407162;0.674266;-0.522282;-0.326811;0.511878;0.031718;-0.852295;0.102796;-0.397439;0.474639;0.648483;-0.442977;0.594389;0.204881;-0.777070;-0.029799;0.594389;0.204881;-0.777070;-0.029799;0.738638;0.266235;-0.230419;0.574839;-0.261755;0.556977;-0.328115;0.716660;0.638735;-0.249708;0.596295;-0.417248;-0.435872;0.528927;-0.497201;0.532018;0.688269;-0.025176;0.721621;-0.070107;0.353842;0.366997;0.820271;0.259355;0.117610;0.795838;0.417284;0.422711;0.316627;0.582003;0.657437;0.358881;-0.027644;0.878980;0.057087;0.472622;0.523593;-0.507836;0.597195;-0.333634;0.523593;-0.507836;0.597195;-0.333634;0.606151;0.063187;0.781375;0.134321;0.333634;0.597195;0.507836;0.523593;0.606151;0.063187;0.781375;0.134321;0.523593;-0.507836;0.597195;-0.333634
21500222;1;0.504800;-0.458292;0.669592;-0.294605;0.524018;-0.410747;0.699765;-0.258884;0.557767;-0.385905;0.672852;-0.295370;0.579657;-0.330704;0.701632;-0.249689;0.878688;-0.418096;0.098974;0.208107;0.715245;-0.304056;-0.224413;0.587889;-0.038220;-0.362308;0.107444;0.925056;-0.482773;-0.213033;0.240905;0.814562;0.161202;-0.318413;0.045075;0.933057;0.161202;-0.318413;0.045075;0.933057;0.073383;-0.518086;0.688145;0.502652;0.454126;0.877568;-0.143297;-0.055763;0.417878;0.663081;-0.515776;-0.345943;0.531715;0.015581;-0.839916;0.107598;-0.387251;0.489092;0.647535;-0.437635;0.583929;0.191588;-0.788547;-0.022689;0.583929;0.191588;-0.788547;-0.022689;0.688825;0.351030;-0.233720;0.589638;-0.281456;0.547664;-0.340365;0.710633;0.633606;-0.259792;0.590194;-0.427461;-0.426254;0.535126;-0.489035;0.541102;0.687841;-0.035404;0.720199;-0.083272;0.350069;0.374406;0.817312;0.263197;0.122001;0.790154;0.428708;0.420693;0.316844;0.587966;0.648493;0.365189;-0.031993;0.876941;0.046564;0.477266;0.481027;-0.538437;0.603415;-0.338510;0.481027;-0.538437;0.603415;-0.338510;0.579500;0.045947;0.807411;0.100775;0.338510;0.603415;0.538437;0.481027;0.579500;0.045947;0.807411;0.100775;0.481027;-0.538437;0.603415;-0.338510
21533544;1;0.499021;-0.466165;0.670449;-0.290115;0.514247;-0.428519;0.695114;-0.262181;0.548975;-0.392619;0.666476;-0.316682;0.572602;-0.337907;0.695815;-0.271638;0.873366;-0.439799;0.101039;0.183301;0.713900;-0.311576;-0.211941;0.590211;-0.049256;-0.355776;0.124185;0.924973;-0.469906;-0.172022;0.237802;0.832494;0.267525;-0.290331;0.042999;0.917763;0.267525;-0.290331;0.042999;0.917763;0.077154;-0.523881;0.678156;0.509608;0.469972;0.870516;-0.140184;-0.040960;0.413900;0.668483;-0.523415;-0.328411;0.517303;0.026152;-0.848616;0.107541;-0.366581;0.490098;0.668823;-0.422017;0.557119;0.249168;-0.790845;-0.045802;0.557119;0.249168;-0.790845;-0.045802;0.731393;0.252331;-0.258453;0.578442;-0.301278;0.540482;-0.361405;0.697494;0.623629;-0.268924;0.591985;-0.433959;-0.429345;0.528848;-0.504255;0.530763;0.682782;-0.020169;0.726600;-0.073846;0.334838;0.400519;0.810236;0.266431;0.129400;0.784370;0.449023;0.407919;0.290746;0.607857;0.643126;0.363820;-0.049663;0.887169;0.028848;0.457856;0.517665;-0.543928;0.576597;-0.322025;0.517665;-0.543928;0.576597;-0.322025;0.593751;0.023101;0.792331;0.138339;0.322025;0.576597;0.543928;0.517665;0.593751;0.023101;0.792331;0.138339;0.517665;-0.543928;0.576597;-0.322025
21566888;1;0.501788;-0.469613;0.664643;-0.293125;0.513683;-0.441218;0.683822;-0.271742;0.547137;-0.402196;0.659048;-0.323318;0.571303;-0.348049;0.689179;-0.278400;0.866066;-0.451694;0.095556;0.191760;0.714304;-0.296677;-0.205276;0.599678;-0.056128;-0.341613;0.116000;0.930964;0.507245;0.173686;-0.239366;-0.809469;0.250042;-0.293668;0.034957;0.921963;0.250042;-0.293668;0.034957;0.921963;0.255507;-0.531209;0.676958;0.440751;0.485502;0.859760;-0.148534;-0.055113;0.411743;0.651149;-0.520997;-0.367469;0.544414;0.002266;-0.833924;0.090443;-0.404699;0.496376;0.637563;-0.428186;0.586754;0.194192;-0.784325;-0.053333;0.586754;0.194192;-0.784325;-0.053333;0.719444;0.308798;-0.244569;0.572040;-0.321145;0.529802;-0.371119;0.691698;0.618892;-0.280035;0.583121;-0.445559;-0.427916;0.531488;-0.505312;0.528269;0.680025;-0.021293;0.729227;-0.073077;0.326424;0.425404;0.796064;0.280642;0.134177;0.775995;0.460959;0.409078;0.304781;0.590787;0.652176;0.364343;-0.039959;0.881484;0.047238;0.468143;0.504061;-0.515645;0.595484;-0.354164;0.504061;-0.515645;0.595484;-0.354164;0.606857;0.056455;0.785687;0.105993;0.354164;0.595484;0.515645;0.504061;0.606857;0.056455;0.785687;0.105993;0.504061;-0.515645;0.595484;-0.354164
21600222;1;0.510851;-0.470481;0.653753;-0.300476;0.521810;-0.445513;0.671017;-0.281013;0.544749;-0.407352;0.658984;-0.321020;0.568738;-0.353194;0.689528;-0.276301;0.864878;-0.453684;0.096861;0.191769;0.706079;-0.305699;-0.243968;0.590322;-0.089176;-0.373886;0.114813;0.916010;-0.331026;-0.210330;0.189908;0.900066;0.249800;-0.281393;0.033495;0.925903;0.249800;-0.281393;0.033495;0.925903;0.114550;-0.517288;0.626551;0.571600;0.487993;0.858744;-0.148167;-0.049674;0.404532;0.650999;-0.510315;-0.390043;0.556219;-0.003359;-0.827169;0.080000;-0.424428;0.501897;0.629179;-0.414843;0.588377;0.185076;-0.783271;-0.077755;0.588377;0.185076;-0.783271;-0.077755;0.663084;0.358021;-0.274736;0.597210;-0.339168;0.526804;-0.394638;0.672089;0.599876;-0.300025;0.585895;-0.454820;-0.405480;0.549790;-0.506262;0.526322;0.662815;-0.033689;0.742897;-0.087439;0.326630;0.446491;0.777368;0.299427;0.146976;0.760278;0.474976;0.418058;0.331516;0.576679;0.642783;0.379959;-0.031955;0.865029;0.050459;0.498155;0.517517;-0.523284;0.570015;-0.365285;0.517517;-0.523284;0.570015;-0.365285;0.624235;0.033044;0.773079;0.107644;0.365285;0.570015;0.523284;0.517517;0.624235;0.033044;0.773079;0.107644;0.517517;-0.523284;0.570015;-0.365285
21633555;1;0.512216;-0.468678;0.646670;-0.315902;0.522235;-0.447364;0.661593;-0.299049;0.538909;-0.419489;0.651549;-0.330287;0.563660;-0.365888;0.683091;-0.286007;0.852798;-0.468554;0.087000;0.213596;0.702137;-0.314885;-0.254105;0.585902;-0.074885;-0.389047;0.111196;0.911411;-0.366067;-0.201794;0.197083;0.886810;0.236115;-0.279561;0.037528;0.929886;0.236115;-0.279561;0.037528;0.929886;0.010871;-0.452999;0.682848;0.573056;0.506303;0.846883;-0.150332;-0.062022;0.427508;0.651708;-0.499097;-0.378703;0.562258;0.013056;-0.820762;0.100224;-0.373276;0.495622;0.665386;-0.415073;0.557594;0.201968;-0.804729;-0.026638;0.557594;0.201968;-0.804729;-0.026638;0.663951;0.312011;-0.275004;0.621443;-0.358544;0.529289;-0.422715;0.642348;0.575181;-0.329743;0.591715;-0.458596;0.430492;-0.514473;0.544317;-0.503700;0.664625;0.018376;0.744993;-0.054057;0.312232;0.477592;0.759524;0.312315;0.160658;0.742388;0.503793;0.411389;0.297652;0.599478;0.633870;0.387604;-0.061513;0.874830;0.028248;0.479678;0.537770;-0.499202;0.587251;-0.341668;0.537770;-0.499202;0.587251;-0.341668;0.621857;0.062260;0.768238;0.138665;0.341668;0.587251;0.499202;0.537770;0.621857;0.062260;0.768238;0.138665;0.537770;-0.499202;0.587251;-0.341668
21666866;1;0.510519;-0.471583;0.643219;-0.321324;0.515528;-0.461369;0.650584;-0.313224;0.536446;-0.425347;0.644426;-0.340618;0.562034;-0.372298;0.676460;-0.296502;0.847795;-0.480852;0.091382;0.204140;0.691681;-0.324273;-0.252881;0.593696;-0.078249;-0.394621;0.115658;0.908171;-0.389670;-0.155165;0.195905;0.886398;0.264527;-0.244418;0.052104;0.931435;0.264527;-0.244418;0.052104;0.931435;0.038150;-0.451584;0.683729;0.571953;0.515960;0.842540;-0.141202;-0.063031;0.437069;0.637554;-0.512670;-0.373718;0.564536;-0.004493;-0.818098;0.109518;-0.308322;0.529577;0.694124;-0.377728;-0.487435;-0.223997;0.843851;0.012175;-0.487435;-0.223997;0.843851;0.012175;0.666159;0.283897;-0.308055;0.617038;-0.378444;0.518684;-0.444538;0.624606;0.558177;-0.349528;0.586937;-0.470928;0.423935;-0.516218;0.557764;-0.492643;0.652241;0.026633;0.755833;-0.050881;0.298581;0.501303;0.744778;0.323806;0.166243;0.730575;0.521768;0.407898;0.314327;0.590831;0.626041;0.400237;-0.058567;0.863299;0.028762;0.500458;0.516972;-0.501064;0.590752;-0.364263;0.516972;-0.501064;0.590752;-0.364263;0.623127;0.063419;0.772030;0.107981;0.364263;0.590752;0.501064;0.516972;0.623127;0.063419;0.772030;0.107981;0.516972;-0.501064;0.590752;-0.364263
21700222;1;0.509905;-0.469797;0.640392;-0.330434;0.508871;-0.471793;0.638922;-0.332024;0.529358;-0.443834;0.632774;-0.349840;0.555708;-0.391660;0.666329;-0.306262;0.835569;-0.501654;0.077903;0.209997;0.703520;-0.311030;-0.231641;0.595536;-0.077334;-0.369064;0.119116;0.918489;-0.371520;-0.222078;0.210587;0.876531;0.245156;-0.304595;0.029793;0.919909;0.245156;-0.304595;0.029793;0.919909;0.156968;-0.509676;0.656036;0.534048;0.535731;0.832187;-0.128796;-0.062200;0.420181;0.662503;-0.513326;-0.347900;0.535345;0.022314;-0.837804;0.104845;-0.390344;0.482148;0.651432;-0.436808;0.584842;0.209734;-0.782842;-0.033614;0.584842;0.209734;-0.782842;-0.033614;0.682451;0.280857;-0.254724;0.624896;-0.403568;0.507481;-0.466790;0.601418;0.551084;-0.362521;0.586533;-0.469962;0.427641;-0.512052;0.551207;-0.501096;0.660784;0.024948;0.748197;-0.054256;0.283139;0.532579;0.719586;0.344076;0.176456;0.711616;0.543176;0.409177;0.304484;0.583970;0.635669;0.402733;-0.067244;0.865177;0.040481;0.495287;0.519097;-0.509764;0.605800;-0.322002;0.519097;-0.509764;0.605800;-0.322002;0.594746;0.067908;0.788823;0.139367;0.322002;0.605800;0.509764;0.519097;0.594746;0.067908;0.788823;0.139367;0.519097;-0.509764;0.605800;-0.322002
21733555;1;0.515207;-0.472787;0.630232;-0.337405;0.509557;-0.483145;0.622327;-0.345879;0.522041;-0.457084;0.622591;-0.361840;0.549377;-0.405684;0.657240;-0.318811;0.821348;-0.519336;0.078400;0.222553;0.694406;-0.308254;-0.243353;0.602959;-0.075208;-0.378574;0.104513;0.916571;-0.387682;-0.215826;0.199186;0.873754;0.229583;-0.292629;0.024986;0.927920;0.229583;-0.292629;0.024986;0.927920;0.113227;-0.552376;0.613992;0.552335;0.555860;0.817214;-0.137548;-0.065279;0.432847;0.652217;-0.509357;-0.357508;0.548923;0.005126;-0.827529;0.117696;-0.359738;0.503921;0.657444;-0.429441;0.560135;0.193323;-0.805478;-0.008980;0.560135;0.193323;-0.805478;-0.008980;0.673189;0.298780;-0.259753;0.624560;-0.428583;0.484523;-0.476908;0.595074;0.549348;-0.367395;0.572043;-0.485804;0.436148;-0.500758;0.559649;-0.495791;0.663069;0.038965;0.746213;-0.044576;0.277437;0.557816;0.691083;0.366435;0.193483;0.691758;0.556979;0.416905;0.297369;0.584679;0.633029;0.411092;-0.078196;0.863826;0.038172;0.496219;0.546053;-0.476984;0.592774;-0.350617;0.546053;-0.476984;0.592774;-0.350617;0.634041;0.081876;0.756433;0.138194;0.350617;0.592774;0.476984;0.546053;0.634041;0.081876;0.756433;0.138194;0.546053;-0.476984;0.592774;-0.350617
21766888;1;0.517754;-0.468243;0.631946;-0.336634;0.502381;-0.495696;0.610650;-0.359173;0.512257;-0.476170;0.615548;-0.363258;0.539738;-0.425273;0.651751;-0.321009;0.813349;-0.534386;0.074583;0.217559;0.693794;-0.303438;-0.227253;0.612317;-0.095394;-0.361244;0.114983;0.920425;-0.385245;-0.191683;0.198441;0.880605;0.260570;-0.274053;0.031878;0.925193;0.260570;-0.274053;0.031878;0.925193;0.128506;-0.555685;0.607305;0.553065;0.569323;0.812678;-0.098886;-0.075149;0.445151;0.659120;-0.509053;-0.329039;0.537789;0.031121;-0.832229;0.131182;-0.334013;0.488855;0.684461;-0.425404;0.540819;0.226074;-0.810159;0.006942;0.540819;0.226074;-0.810159;0.006942;0.655182;0.203860;-0.285893;0.668912;-0.449965;0.466014;-0.492881;0.580888;0.540637;-0.377252;0.563725;-0.497601;0.439867;-0.491562;0.574875;-0.484151;0.657527;0.056281;0.750565;-0.033794;0.273641;0.576988;0.659253;0.396977;0.212604;0.667403;0.567549;0.432737;0.298060;0.580362;0.623910;0.430206;-0.091186;0.854421;0.034814;0.510331;0.519956;-0.484912;0.607966;-0.353388;0.519956;-0.484912;0.607966;-0.353388;0.617547;0.087012;0.772782;0.117781;0.353388;0.607966;0.484912;0.519956;0.617547;0.087012;0.772782;0.117781;0.519956;-0.484912;0.607966;-0.353388
21800200;1;0.513762;-0.472318;0.628192;-0.344004;0.492698;-0.508355;0.599403;-0.373550;0.504636;-0.490904;0.601207;-0.378030;0.533327;-0.441110;0.638637;-0.336344;0.798350;-0.556159;0.065464;0.221450;0.681406;-0.325126;-0.216622;0.618913;-0.088580;-0.368046;0.131049;0.916254;-0.397211;-0.193659;0.221444;0.869300;0.237638;-0.289820;0.050452;0.925736;0.237638;-0.289820;0.050452;0.925736;0.005308;0.589299;-0.582439;-0.559878;0.587995;0.801720;-0.089447;-0.059205;0.456253;0.647778;-0.505926;-0.340962;0.555571;0.035916;-0.821150;0.125550;-0.304604;0.602490;0.697406;-0.240514;-0.371799;-0.225165;0.893684;0.111338;-0.371799;-0.225165;0.893684;0.111338;0.637559;0.253523;-0.444509;0.575896;-0.472492;0.449386;-0.509410;0.561521;0.530985;-0.391143;0.555384;-0.506567;0.443234;-0.485708;0.576365;-0.485216;0.660649;0.061493;0.747479;-0.032206;0.254703;0.597367;0.642505;0.406777;0.214298;0.656686;0.581756;0.429419;0.293419;0.580922;0.619668;0.438687;-0.100473;0.851848;0.031462;0.513099;0.520340;-0.471422;0.618965;-0.351980;0.520340;-0.471422;0.618965;-0.351980;0.616823;0.104329;0.771020;0.119049;0.351980;0.618966;0.471422;0.520340;0.616823;0.104329;0.771020;0.119049;0.520340;-0.471422;0.618965;-0.351980
21833555;1;0.512966;-0.476088;0.627505;-0.341238;0.491042;-0.513725;0.597084;-0.372095;0.494451;-0.502172;0.590544;-0.393191;0.524390;-0.453197;0.628913;-0.352273;0.785996;-0.575703;0.054095;0.218745;0.674197;-0.340215;-0.220980;0.617154;-0.102720;-0.378796;0.145232;0.908223;-0.403532;-0.178601;0.234155;0.866277;0.216221;-0.284970;0.074291;0.930871;0.216221;-0.284970;0.074291;0.930871;-0.110200;-0.534877;0.630739;0.551300;0.607118;0.786177;-0.083157;-0.080115;0.471683;0.649956;-0.503221;-0.319124;0.546761;0.027641;-0.821530;0.159301;-0.337395;0.563311;0.674941;-0.336602;-0.472553;-0.190962;0.858136;0.061891;-0.472553;-0.190962;0.858136;0.061891;0.667608;0.039939;-0.372181;0.643573;-0.495363;0.430171;-0.517806;0.549041;0.529241;-0.396480;0.544029;-0.516469;0.433226;-0.497456;0.564458;-0.496225;0.661308;0.044683;0.747308;-0.046976;0.245461;0.609739;0.624989;0.421138;0.224091;0.640388;0.593563;0.432862;0.298601;0.571431;0.618378;0.449347;-0.104266;0.844266;0.037254;0.524362;0.517091;-0.459243;0.629117;-0.354859;0.517091;-0.459243;0.629117;-0.354859;0.616561;0.120119;0.769587;0.114716;0.354859;0.629117;0.459243;0.517091;0.616561;0.120119;0.769587;0.114716;0.517091;-0.459243;0.629117;-0.354859
21866877;1;0.519018;-0.474414;0.618683;-0.350405;0.498328;-0.508709;0.590806;-0.379252;0.483756;-0.515943;0.579622;-0.404748;0.514656;-0.467800;0.619131;-0.364650;0.773052;-0.594327;0.053262;0.215243;0.675447;-0.330578;-0.201878;0.627483;-0.106880;-0.358238;0.147317;0.915718;-0.416772;-0.178273;0.236431;0.859430;0.208572;-0.286678;0.074137;0.932104;0.208572;-0.286678;0.074137;0.932104;-0.010456;0.595616;-0.590311;-0.544671;0.623535;0.774325;-0.063312;-0.087267;0.475241;0.654986;-0.499533;-0.309203;0.539733;0.025681;-0.823335;0.173633;-0.299572;0.489300;0.683527;-0.451256;0.540723;0.252587;-0.801763;0.031537;0.540723;0.252587;-0.801763;0.031537;0.642771;0.280031;-0.242254;0.670627;0.507978;-0.417443;0.517749;-0.547389;0.531512;-0.394389;0.535513;-0.524575;0.429773;-0.500359;0.559353;-0.502056;0.662959;0.038989;0.745722;-0.053513;0.246907;0.609873;0.613932;0.436095;0.227917;0.635871;0.586984;0.446286;0.309741;0.564462;0.604918;0.468527;-0.109891;0.829965;0.032639;0.545909;0.525150;-0.479756;0.618466;-0.333992;0.525150;-0.479756;0.618466;-0.333992;0.607505;0.098083;0.776560;0.135169;0.333992;0.618466;0.479756;0.525150;0.607505;0.098083;0.776560;0.135169;0.525150;-0.479756;0.618466;-0.333992
21900222;1;0.519856;-0.476477;0.615398;-0.352143;0.502205;-0.505700;0.591618;-0.376888;0.480185;-0.518128;0.573671;-0.414568;0.511884;-0.470455;0.613374;-0.374725;0.766196;-0.603167;0.044891;0.217068;0.680748;-0.323689;-0.184627;0.630651;-0.115488;-0.338719;0.155343;0.920761;-0.427264;-0.202890;0.249342;0.845050;0.117749;-0.307577;0.093449;0.939574;0.117749;-0.307577;0.093449;0.939574;0.050569;-0.600831;0.608142;0.516341;0.633890;0.764135;-0.088520;-0.080279;0.476540;0.660719;-0.485275;-0.317598;0.541851;0.016269;-0.819620;0.185356;-0.286963;0.496645;0.680566;-0.455880;0.537369;0.256085;-0.802649;0.037533;0.537369;0.256085;-0.802649;0.037533;0.634469;0.295981;-0.232764;0.675029;0.506405;-0.422751;0.522097;-0.540603;0.531876;-0.397163;0.541810;-0.515570;0.434354;-0.500208;0.553760;-0.504459;0.667879;0.035163;0.741620;-0.051968;0.234604;0.614671;0.619628;0.428020;0.216649;0.639997;0.593455;0.437354;0.310802;0.562222;0.604006;0.471683;-0.111355;0.827750;0.033577;0.548910;0.519021;-0.486548;0.615373;-0.339417;0.519021;-0.486548;0.615373;-0.339417;0.607007;0.091093;0.779176;0.126999;0.339417;0.615373;0.486548;0.519021;0.607007;0.091093;0.779176;0.126999;0.519021;-0.486548;0.615373;-0.339417
21933544;1;0.520560;-0.477932;0.617502;-0.345382;0.507071;-0.501033;0.598911;-0.364898;0.471590;-0.526473;0.574629;-0.412590;0.503159;-0.478696;0.614998;-0.373443;0.761881;-0.606024;0.041932;0.224752;0.680559;-0.318874;-0.181724;0.634142;-0.127203;-0.332081;0.156288;0.921475;-0.447996;-0.192451;0.242890;0.838610;0.100604;-0.295674;0.092789;0.945434;0.100604;-0.295674;0.092789;0.945434;-0.015579;0.602851;-0.600174;-0.525471;0.639234;0.758668;-0.073310;-0.102117;0.489210;0.654776;-0.479296;-0.319713;0.550662;0.015034;-0.811314;0.195741;-0.259926;0.545860;0.697556;-0.384565;-0.464049;-0.253079;0.848822;-0.010523;-0.464049;-0.253079;0.848822;-0.010523;0.575910;0.353454;-0.290982;0.677294;0.501859;-0.427512;0.515557;-0.547332;0.535582;-0.394003;0.541591;-0.514385;0.434400;-0.501857;0.553383;-0.503192;0.667025;0.033732;0.742520;-0.051028;0.235719;0.612685;0.624933;0.422508;0.214011;0.643713;0.592943;0.433880;0.289384;0.576253;0.615258;0.453483;-0.113756;0.845471;0.031698;0.520800;0.525147;-0.480526;0.616907;-0.335770;0.525147;-0.480526;0.616907;-0.335770;0.608760;0.096436;0.776002;0.133910;0.335770;0.616907;0.480526;0.525147;0.608760;0.096436;0.776002;0.133910;0.525147;-0.480526;0.616907;-0.335770
21966888;1;0.516891;-0.477645;0.615526;-0.354692;0.500391;-0.504884;0.593388;-0.377614;0.479705;-0.511973;0.587343;-0.403480;0.510516;-0.463223;0.626508;-0.363711;0.773146;-0.588485;0.052313;0.230637;0.671397;-0.326476;-0.196054;0.635769;-0.122233;-0.350098;0.149850;0.916535;-0.476895;-0.144057;0.242904;0.832356;0.045807;-0.252115;0.127253;0.958200;0.045807;-0.252115;0.127253;0.958200;-0.022708;-0.554603;0.643170;0.527478;0.623315;0.771612;-0.087873;-0.091502;0.499205;0.643394;-0.480010;-0.326234;0.566465;0.026533;-0.802285;0.186418;-0.256087;0.613612;0.694426;-0.275086;-0.372155;-0.218055;0.900666;0.052474;-0.372155;-0.218055;0.900666;0.052474;0.586352;0.228181;-0.422753;0.652230;-0.498580;0.438489;-0.512735;0.544287;0.538488;-0.398342;0.544507;-0.504842;0.448967;-0.494514;0.539839;-0.512306;0.683698;0.029418;0.727642;-0.047202;0.236977;0.604735;0.636105;0.416543;0.207941;0.646972;0.593113;0.431747;0.289205;0.568819;0.629428;0.443425;-0.106710;0.850130;0.046952;0.513505;0.520338;-0.488043;0.607724;-0.348905;0.520338;-0.488043;0.607724;-0.348905;0.614647;0.084627;0.774824;0.121221;0.348905;0.607724;0.488043;0.520337;0.614647;0.084627;0.774824;0.121221;0.520338;-0.488043;0.607724;-0.348905
22000222;1;0.516876;-0.477653;0.615526;-0.354703;0.500380;-0.504884;0.593395;-0.377617;0.479692;-0.511965;0.587379;-0.403451;0.510502;-0.463212;0.626544;-0.363683;0.773130;-0.588444;0.052386;0.230780;0.671409;-0.326383;-0.195720;0.635907;-0.122508;-0.349744;0.150037;0.916602;-0.477507;-0.142772;0.242836;0.832247;0.044248;-0.250863;0.128145;0.958483;0.044248;-0.250863;0.128145;0.958483;-0.024741;-0.553985;0.643350;0.527816;0.623315;0.771588;-0.088005;-0.091572;0.499108;0.643300;-0.480147;-0.326367;0.566523;0.026431;-0.802295;0.186214;-0.255883;0.613164;0.694784;-0.275372;-0.372256;-0.218885;0.900435;0.052259;-0.372256;-0.218885;0.900435;0.052259;0.585967;0.228449;-0.422491;0.652653;-0.498559;0.438500;-0.512730;0.544302;0.538475;-0.398346;0.544509;-0.504851;0.449034;-0.494433;0.539917;-0.512244;0.683702;0.029532;0.727640;-0.047112;0.237117;0.604711;0.636060;0.416566;0.208089;0.646931;0.593085;0.431775;0.289377;0.568796;0.629310;0.443509;-0.106648;0.850032;0.046884;0.513687;0.520640;-0.487677;0.608055;-0.348388;0.520640;-0.487677;0.608055;-0.348388;0.614496;0.085120;0.774800;0.121801;0.348388;0.608055;0.487677;0.520640;0.614496;0.085120;0.774800;0.121801;0.520640;-0.487677;0.608055;-0.348388
22033555;1;0.512264;-0.473710;0.625908;-0.348459;0.494472;-0.503976;0.601806;-0.373277;0.488263;-0.494845;0.607262;-0.384656;0.517537;-0.444553;0.644989;-0.344262;0.790561;-0.561270;0.078768;0.231914;0.675183;-0.317681;-0.201478;0.634519;-0.111454;-0.350478;0.136672;0.919817;-0.457210;-0.173607;0.234145;0.840235;0.206334;-0.284646;0.062769;0.934057;0.206334;-0.284646;0.062769;0.934057;0.095467;-0.568140;0.635270;0.514330;0.598081;0.792540;-0.095136;-0.071622;0.483548;0.657445;-0.466291;-0.341351;0.565419;0.031405;-0.805403;0.175042;-0.270225;0.562392;0.710160;-0.326137;-0.422937;-0.235073;0.874845;0.022614;-0.422937;-0.235073;0.874845;0.022614;0.606999;0.254768;-0.371747;0.654560;-0.470085;0.479550;-0.514346;0.533386;0.530397;-0.414795;0.567859;-0.473455;0.466890;-0.485976;0.544930;-0.498890;0.686944;0.039188;0.725219;-0.025108;0.238123;0.588318;0.664364;0.394715;0.193842;0.657163;0.596363;0.418226;0.278189;0.581095;0.625954;0.439455;-0.111801;0.856337;0.035869;0.502893;0.510806;-0.499763;0.612991;-0.336982;0.510806;-0.499763;0.612991;-0.336982;0.599476;0.080064;0.786836;0.122912;0.336982;0.612991;0.499763;0.510806;0.599476;0.080064;0.786836;0.122912;0.510806;-0.499763;0.612991;-0.336982
22066866;1;0.508430;-0.471776;0.636823;-0.336725;0.494021;-0.497791;0.616701;-0.357530;0.491119;-0.488075;0.618466;-0.371598;0.519337;-0.436906;0.655614;-0.331017;0.801832;-0.546543;0.079125;0.228243;0.682000;-0.297882;-0.205994;0.635381;-0.099131;-0.343521;0.114719;0.926826;-0.462541;-0.199573;0.220952;0.835109;0.195276;-0.295440;0.036936;0.934461;0.195276;-0.295440;0.036936;0.934461;0.212857;-0.579532;0.618117;0.486585;0.581044;0.807336;-0.065069;-0.079764;0.483516;0.654541;-0.478422;-0.329999;0.561753;0.045022;-0.809497;0.164684;-0.285442;0.582303;0.707501;-0.280871;-0.393685;-0.246929;0.882417;0.073332;-0.393685;-0.246929;0.882417;0.073332;0.630101;0.223140;-0.417187;0.615741;-0.464816;0.485183;-0.491130;0.554378;0.547540;-0.400410;0.562393;-0.472849;0.474809;-0.482958;0.540282;-0.499403;0.692892;0.038083;0.719760;-0.019884;0.269406;0.565010;0.667742;0.402871;0.208841;0.655095;0.579633;0.437334;0.274690;0.586104;0.625350;0.435850;-0.111770;0.859438;0.031913;0.497851;0.505926;-0.489811;0.629091;-0.329194;0.505926;-0.489811;0.629091;-0.329194;0.590519;0.098486;0.791183;0.124968;0.329194;0.629091;0.489811;0.505926;0.590519;0.098486;0.791183;0.124968;0.505926;-0.489811;0.629091;-0.329194
22100222;1;0.501356;-0.473311;0.646419;-0.326743;0.491354;-0.492441;0.631967;-0.341599;0.495549;-0.471909;0.633230;-0.361597;0.522951;-0.419609;0.669034;-0.320693;0.816963;-0.527898;0.087299;0.215113;0.696092;-0.282999;-0.182534;0.634074;-0.085667;-0.316314;0.115551;0.937686;-0.414371;-0.233824;0.215146;0.852839;0.191731;-0.316518;0.027902;0.928589;0.191731;-0.316518;0.027902;0.928589;0.121914;-0.571209;0.615906;0.528693;0.564487;0.815738;-0.077703;-0.099444;0.506540;0.625940;-0.492674;-0.329983;0.580201;0.033324;-0.795875;0.169819;-0.274753;0.553411;0.711681;-0.334301;-0.429958;-0.296364;0.851424;0.048811;-0.429958;-0.296364;0.851424;0.048811;0.612452;0.103274;-0.390932;0.679271;-0.444982;0.505924;-0.482525;0.559644;0.546116;-0.401516;0.572347;-0.461478;0.473453;-0.486333;0.550951;-0.485567;0.682235;0.043258;0.729769;-0.011053;0.275701;0.541896;0.697810;0.378679;0.191254;0.674887;0.570192;0.427587;0.255569;0.605050;0.624358;0.422818;-0.116250;0.872057;0.017891;0.475060;0.521218;-0.492014;0.605685;-0.345542;0.521218;-0.492014;0.605685;-0.345542;0.612892;0.080377;0.776191;0.124222;0.345542;0.605685;0.492014;0.521219;0.612892;0.080377;0.776191;0.124222;0.521218;-0.492014;0.605685;-0.345542
22133544;1;0.504452;-0.464204;0.654124;-0.319633;0.497456;-0.478173;0.643983;-0.330415;0.506538;-0.448488;0.647850;-0.350099;0.532982;-0.395090;0.681729;-0.308350;0.837687;-0.504543;0.095231;0.186139;0.702913;-0.287519;-0.196064;0.620326;-0.073825;-0.329446;0.112135;0.934581;-0.401949;-0.233212;0.213663;0.859300;0.172225;-0.313956;0.038364;0.932898;0.172225;-0.313956;0.038364;0.932898;0.144149;-0.556360;0.625705;0.527427;0.538784;0.831717;-0.087521;-0.101482;0.490287;0.633063;-0.492551;-0.340946;0.576138;0.028626;-0.801595;0.157133;-0.261766;0.566151;0.717823;-0.309323;-0.404416;-0.238226;0.882636;0.025495;-0.404416;-0.238226;0.882636;0.025495;0.624731;0.245029;-0.383990;0.634211;-0.413670;0.531299;-0.459089;0.579514;0.554562;-0.387962;0.585269;-0.446550;0.480909;-0.478451;0.561375;-0.473992;0.679376;0.056273;0.731625;0.002340;0.284599;0.520721;0.722033;0.355698;0.183729;0.688817;0.563921;0.416855;0.252953;0.604502;0.639638;0.401815;-0.103252;0.882330;0.029049;0.458245;0.496840;-0.518479;0.599930;-0.352723;0.496840;-0.518479;0.599930;-0.352723;0.600732;0.057594;0.790835;0.101906;0.352723;0.599930;0.518479;0.496840;0.600732;0.057594;0.790835;0.101906;0.496840;-0.518479;0.599930;-0.352723
22166888;1;0.501171;-0.460915;0.659836;-0.317808;0.500052;-0.463230;0.658212;-0.319566;0.519535;-0.431062;0.655678;-0.338165;0.544980;-0.377093;0.688134;-0.295413;0.848649;-0.482539;0.097243;0.193635;0.725748;-0.256728;-0.181180;0.612008;-0.088842;-0.295239;0.107563;0.945183;-0.459628;-0.283269;0.236264;0.807886;0.178625;-0.368822;-0.005706;0.912158;0.178625;-0.368822;-0.005706;0.912158;-0.267270;0.617239;-0.583749;-0.454775;0.517485;0.844997;-0.101598;-0.088697;0.455185;0.647101;-0.509085;-0.338969;0.550984;0.018143;-0.823151;0.136050;-0.234389;0.699025;0.663915;-0.125067;-0.231311;-0.185131;0.946122;0.130673;-0.231311;-0.185131;0.946122;0.130673;0.636910;0.281992;-0.507314;0.507405;-0.386527;0.549334;-0.438610;0.597034;0.558644;-0.378295;0.592502;-0.440172;0.463287;-0.498103;0.557200;-0.476222;0.668509;0.039309;0.742575;-0.011567;0.299975;0.495772;0.739493;0.342601;0.177521;0.702672;0.546697;0.419358;0.265786;0.589740;0.654460;0.391466;-0.086731;0.882299;0.049871;0.459934;0.490755;-0.524843;0.599700;-0.352221;0.490755;-0.524843;0.599700;-0.352221;0.596074;0.052931;0.795172;0.097958;0.352221;0.599700;0.524843;0.490755;0.596074;0.052931;0.795172;0.097958;0.490755;-0.524843;0.599700;-0.352221
22200211;1;0.498790;-0.468648;0.661704;-0.306148;0.504266;-0.456557;0.670103;-0.297042;0.519871;-0.432024;0.659136;-0.329591;0.544628;-0.377774;0.691658;-0.286839;0.847280;-0.474768;0.105779;0.213359;0.691004;-0.318346;-0.244027;0.601348;-0.046210;-0.388534;0.099673;0.914861;-0.455466;-0.156800;0.196482;0.854025;0.139016;-0.242723;0.065397;0.957853;0.139016;-0.242723;0.065397;0.957853;0.017634;-0.545175;0.618044;0.566123;0.512192;0.848997;-0.089493;-0.094097;0.448933;0.644961;-0.514159;-0.343692;0.552553;0.025465;-0.824431;0.119793;-0.298568;0.659405;0.668240;-0.171749;-0.316223;-0.141110;0.928142;0.136542;-0.316223;-0.141110;0.928142;0.136542;0.670215;0.252334;-0.489767;0.497259;-0.370410;0.553036;-0.417580;0.618526;0.565501;-0.369310;0.586391;-0.447173;0.447124;-0.514426;0.534009;-0.500281;0.673972;0.011225;0.737595;-0.039867;0.317225;0.465276;0.762149;0.319398;0.169210;0.723734;0.523009;0.417180;0.277981;0.587747;0.656707;0.382121;-0.071474;0.882478;0.052781;0.461886;0.507170;-0.488832;0.620067;-0.345455;0.507170;-0.488832;0.620067;-0.345455;0.602897;0.092797;0.784110;0.114350;0.345455;0.620067;0.488832;0.507170;0.602897;0.092797;0.784110;0.114350;0.507170;-0.488832;0.620067;-0.345455
22233555;1;0.507043;-0.465902;0.664640;-0.289994;0.513854;-0.449823;0.675625;-0.277747;0.525467;-0.422600;0.662670;-0.325826;0.549903;-0.368097;0.694426;-0.282638;0.860475;-0.469206;0.100510;0.171252;0.710086;-0.296185;-0.200522;0.606500;-0.053612;-0.338815;0.114625;0.932304;-0.478421;-0.178222;0.226646;0.829447;0.190974;-0.283643;0.051751;0.938295;0.190974;-0.283643;0.051751;0.938295;0.289040;-0.555800;0.643764;0.439443;0.496126;0.861761;-0.057053;-0.089286;0.445224;0.646046;-0.526760;-0.326992;0.541153;0.042604;-0.832488;0.110913;-0.310332;0.612815;0.698007;-0.202335;-0.359006;-0.098876;0.923568;0.091430;-0.359006;-0.098876;0.923568;0.091430;0.686588;0.150268;-0.486693;0.518793;-0.347119;0.555074;-0.391930;0.646368;0.577966;-0.350380;0.582217;-0.451898;0.461606;-0.498974;0.555897;-0.478460;0.668891;0.037758;0.742262;-0.014331;0.348731;0.443395;0.761075;0.320239;0.181395;0.722852;0.503277;0.437371;0.271198;0.600290;0.643135;0.390487;-0.082289;0.881832;0.034375;0.463053;0.486690;-0.551530;0.599277;-0.315935;0.486690;-0.551530;0.599277;-0.315935;0.567541;0.033762;0.813743;0.120742;0.315935;0.599277;0.551530;0.486690;0.567541;0.033762;0.813743;0.120742;0.486690;-0.551530;0.599277;-0.315935
22266877;1;0.513131;-0.461757;0.662259;-0.291360;0.522650;-0.439196;0.677431;-0.273917;0.538904;-0.399653;0.676602;-0.303429;0.561501;-0.344107;0.706473;-0.259236;0.876266;-0.435306;0.107581;0.176330;0.699617;-0.312060;-0.233502;0.598858;-0.044979;-0.375700;0.103701;0.919822;-0.487483;-0.133078;0.198375;0.839820;0.086705;-0.223177;0.085171;0.967171;0.086705;-0.223177;0.085171;0.967171;0.031836;-0.549574;0.622571;0.556202;0.465501;0.877059;-0.071215;-0.094893;0.419697;0.658048;-0.537485;-0.319276;0.516400;0.026818;-0.849234;0.106832;-0.338346;0.699153;0.624517;-0.081763;-0.287000;0.002957;0.937458;0.196962;-0.287000;0.002957;0.937458;0.196962;0.742085;0.080365;-0.562154;0.356137;-0.314106;0.571114;-0.364191;0.665230;0.588552;-0.334803;0.588851;-0.441325;0.456777;-0.506397;0.542057;-0.491011;0.674287;0.022668;0.737644;-0.026553;0.355217;0.412240;0.785809;0.293912;0.166361;0.743713;0.484034;0.430031;0.278813;0.598619;0.647470;0.380396;-0.069752;0.883688;0.038556;0.461241;0.464604;-0.550011;0.594812;-0.357533;0.464604;-0.550011;0.594812;-0.357533;0.581339;0.031679;0.809512;0.075711;0.357533;0.594812;0.550011;0.464604;0.581339;0.031679;0.809512;0.075711;0.464604;-0.550011;0.594812;-0.357533
22300222;1;0.511102;-0.460231;0.667020;-0.286438;0.523765;-0.428988;0.687530;-0.262569;0.540597;-0.397501;0.677948;-0.300223;0.562932;-0.341854;0.707641;-0.255904;0.879975;-0.432540;0.100949;0.168414;0.734321;-0.261514;-0.193851;0.595654;-0.056469;-0.309895;0.099663;0.943845;-0.451987;-0.262849;0.231976;0.820247;0.194925;-0.350558;0.003429;0.916025;0.194925;-0.350558;0.003429;0.916025;0.256373;-0.564423;0.628955;0.469164;0.460237;0.880583;-0.061617;-0.094646;0.390491;0.681948;-0.548683;-0.285325;-0.474756;-0.061588;0.873105;-0.092202;-0.323038;0.739020;0.586321;0.075654;-0.181776;0.130886;0.934233;0.277551;-0.181776;0.130886;0.934233;0.277551;0.684177;0.010308;-0.672365;0.282349;-0.292616;0.582420;-0.347353;0.674172;0.594978;-0.324645;0.595407;-0.431390;0.453089;-0.510915;0.532023;-0.500627;0.678426;0.012338;0.733687;-0.035915;0.368544;0.387195;0.797863;0.278694;0.162175;0.754189;0.466538;0.432713;0.259452;0.607006;0.653134;0.371005;-0.076896;0.893512;0.036711;0.440881;0.503004;-0.515917;0.600682;-0.346407;0.503004;-0.515917;0.600682;-0.346407;0.600624;0.059938;0.789555;0.110731;0.346407;0.600682;0.515917;0.503004;0.600624;0.059938;0.789555;0.110731;0.503004;-0.515917;0.600682;-0.346407
22333555;1;0.515489;-0.456961;0.664236;-0.290254;0.531248;-0.418219;0.689287;-0.260293;0.545196;-0.390897;0.674743;-0.307706;0.568116;-0.335528;0.703917;-0.262994;0.882032;-0.434390;0.089359;0.159185;0.722223;-0.281848;-0.182836;0.604589;-0.049905;-0.315431;0.115631;0.940554;0.561032;0.147814;-0.243999;-0.777083;0.082897;-0.271313;0.088169;0.954853;0.082897;-0.271313;0.088169;0.954853;0.258744;-0.563560;0.665283;0.415752;0.458734;0.880985;-0.060102;-0.099073;0.404151;0.659006;-0.566997;-0.284407;-0.485453;-0.051053;0.867853;-0.092524;-0.284667;0.746204;0.599557;0.051730;-0.170620;0.127507;0.948699;0.233667;-0.170620;0.127507;0.948699;0.233667;0.702768;-0.123720;-0.639842;0.285329;-0.274984;0.582881;-0.326367;0.691461;0.608460;-0.309427;0.592081;-0.428336;0.465035;-0.499365;0.528006;-0.505556;0.690312;0.017728;0.722629;-0.031022;0.386788;0.361770;0.801841;0.276709;0.157453;0.757033;0.447970;0.448812;0.279668;0.606982;0.632037;0.392286;-0.077617;0.878810;0.021756;0.470314;0.486156;-0.513186;0.621272;-0.338102;0.486156;-0.513186;0.621272;-0.338102;0.582839;0.076429;0.802183;0.104690;0.338102;0.621272;0.513186;0.486156;0.582839;0.076429;0.802183;0.104690;0.486156;-0.513186;0.621272;-0.338102
22366888;1;0.497643;-0.463195;0.677154;-0.281541;0.513137;-0.423131;0.702884;-0.252197;0.545485;-0.392273;0.677296;-0.299731;0.567764;-0.336695;0.706572;-0.255022;0.885502;-0.430185;0.077224;0.157678;0.722498;-0.281830;-0.189029;0.602359;-0.042934;-0.320966;0.110185;0.939679;0.504686;0.232807;-0.261364;-0.789166;0.151450;-0.347831;0.039037;0.924420;0.151450;-0.347831;0.039037;0.924420;0.191733;-0.567222;0.660095;0.453622;0.457627;0.880619;-0.076371;-0.096208;0.405362;0.660122;-0.546545;-0.318133;0.507885;0.037748;-0.856182;0.087064;-0.362614;0.649879;0.654467;-0.133574;-0.343973;-0.040794;0.921415;0.176106;-0.343973;-0.040794;0.921415;0.176106;0.758746;0.034565;-0.518424;0.392869;-0.264947;0.587933;-0.319834;0.694150;0.615200;-0.298171;0.599244;-0.416568;0.465805;-0.499822;0.525489;-0.507016;0.691879;0.015628;0.721157;-0.031504;0.367577;0.353528;0.820353;0.258701;0.142325;0.771488;0.450239;0.426420;0.253630;0.616588;0.647019;0.369942;-0.080346;0.895980;0.025642;0.436012;0.519452;-0.499339;0.613528;-0.323130;0.519452;-0.499339;0.613528;-0.323130;0.595796;0.080743;0.786916;0.138820;0.323130;0.613528;0.499339;0.519452;0.595796;0.080743;0.786916;0.138820;0.519452;-0.499339;0.613528;-0.323130
22400200;1;0.499885;-0.460215;0.670052;-0.298910;0.521451;-0.407165;0.703551;-0.259465;0.545920;-0.377624;0.686676;-0.296391;0.567931;-0.321341;0.714747;-0.251657;0.886727;-0.413881;0.099584;0.180282;0.740846;-0.244248;-0.176868;0.600174;-0.065619;-0.285089;0.098304;0.951186;-0.494219;-0.311752;0.267140;0.766286;0.168592;-0.410033;-0.020640;0.896116;0.168592;-0.410033;-0.020640;0.896116;0.333581;-0.580857;0.617316;0.412612;0.448364;0.881302;-0.104631;-0.106440;0.435133;0.637469;-0.549283;-0.320283;0.527582;0.006449;-0.841449;0.116531;-0.299118;0.559971;0.716363;-0.289456;-0.416056;-0.122638;0.900946;0.012393;-0.416056;-0.122638;0.900946;0.012393;0.706199;0.082849;-0.423039;0.561656;-0.251170;0.595828;-0.304602;0.699371;0.623065;-0.290231;0.602994;-0.404912;-0.459029;0.509978;-0.509763;0.518995;0.695493;-0.002734;0.717138;-0.044673;0.363453;0.323055;0.838716;0.245139;0.123961;0.783451;0.440406;0.420571;0.276744;0.616878;0.633029;0.377026;-0.068983;0.886459;0.015439;0.457376;0.467359;-0.543157;0.628712;-0.302121;0.467359;-0.543157;0.628712;-0.302121;0.544105;0.060496;0.828637;0.116841;0.302121;0.628712;0.543157;0.467359;0.544105;0.060496;0.828637;0.116841;0.467359;-0.543157;0.628712;-0.302121
22433555;1;0.495074;-0.464253;0.680780;-0.275515;0.515952;-0.407010;0.716475;-0.234095;0.543027;-0.378476;0.687948;-0.297667;0.565149;-0.322089;0.716083;-0.253161;0.890153;-0.417572;0.081641;0.163084;0.712510;-0.286198;-0.208482;0.605768;-0.032610;-0.341112;0.094957;0.934646;0.569863;0.210516;-0.269577;-0.747173;0.100017;-0.338216;0.050974;0.934349;0.100017;-0.338216;0.050974;0.934349;0.011803;-0.609197;0.643833;0.462837;0.448723;0.881972;-0.096889;-0.106706;0.436979;0.629156;-0.542679;-0.344546;0.545934;-0.002942;-0.830860;0.107788;-0.287115;0.535834;0.708896;-0.357650;-0.456354;-0.130399;0.879004;-0.045714;-0.456354;-0.130399;0.879004;-0.045714;0.714347;0.151877;-0.350714;0.586209;-0.237280;0.595067;-0.292128;0.710109;0.633278;-0.275656;0.602911;-0.399337;-0.460271;0.512899;-0.506751;0.517966;0.695648;-0.006921;0.717059;-0.043045;0.363122;0.309420;0.847925;0.231138;0.122368;0.789951;0.436620;0.412754;0.248038;0.633877;0.634308;0.366511;-0.082025;0.899266;0.004452;0.429620;0.474182;-0.513429;0.642537;-0.314148;0.474182;-0.513429;0.642537;-0.314148;0.557433;0.091293;0.817391;0.113161;0.314148;0.642537;0.513429;0.474182;0.557433;0.091293;0.817391;0.113161;0.474182;-0.513429;0.642537;-0.314148
22466877;1;0.488044;-0.462929;0.679371;-0.293199;0.513222;-0.397666;0.719520;-0.246486;0.535491;-0.379455;0.695628;-0.292173;0.557197;-0.322448;0.723817;-0.248289;0.883482;-0.409436;0.104243;0.202376;0.735429;-0.271438;-0.205512;0.585858;-0.060929;-0.323718;0.105455;0.938282;0.566359;0.244887;-0.289149;-0.731889;0.139419;-0.378272;0.022072;0.914869;0.139419;-0.378272;0.022072;0.914869;0.266723;-0.562038;0.670951;0.403480;0.446024;0.884080;-0.092522;-0.104428;0.422415;0.640597;-0.560361;-0.311765;0.514857;0.016467;-0.850939;0.102732;-0.315189;0.622330;0.686320;-0.205733;-0.368106;-0.048122;0.925210;0.078541;-0.368106;-0.048122;0.925210;0.078541;0.753044;0.005554;-0.480769;0.449172;-0.232987;0.592063;-0.285613;0.716662;0.641703;-0.266116;0.601116;-0.395042;-0.447799;0.532706;-0.490064;0.524917;0.691712;-0.032810;0.719202;-0.056619;0.363135;0.289184;0.855149;0.230707;0.107362;0.795692;0.426290;0.416684;0.257980;0.617631;0.645706;0.367480;-0.075533;0.895804;0.023947;0.437329;0.504847;-0.535470;0.620243;-0.271479;0.504847;-0.535470;0.620243;-0.271479;0.548946;0.059943;0.817212;0.165016;0.271479;0.620242;0.535470;0.504847;0.548946;0.059943;0.817212;0.165016;0.504847;-0.535470;0.620243;-0.271479
22500222;1;0.484490;-0.468108;0.677841;-0.294409;0.512356;-0.395447;0.722644;-0.242690;0.535696;-0.376789;0.696700;-0.292692;0.557443;-0.319705;0.724672;-0.248790;0.885976;-0.409081;0.089163;0.199373;0.711797;-0.300483;-0.221512;0.594969;-0.050551;-0.357306;0.108117;0.926330;0.526100;0.160228;-0.228526;-0.803319;0.087390;-0.267577;0.079370;0.956277;0.087390;-0.267577;0.079370;0.956277;0.089590;-0.580679;0.633325;0.503671;0.448750;0.877716;-0.107087;-0.129504;0.448587;0.630892;-0.553037;-0.308051;0.527503;0.000958;-0.838972;0.133665;-0.258373;0.603244;0.706728;-0.264339;-0.369538;-0.062211;0.927091;-0.008591;-0.369538;-0.062211;0.927091;-0.008591;0.716192;-0.047271;-0.452852;0.528924;-0.225715;0.594822;-0.284594;0.717109;0.644664;-0.256253;0.607608;-0.386724;-0.465456;0.514560;-0.509179;0.509230;0.693186;-0.006333;0.719966;-0.033196;0.326673;0.294896;0.870210;0.221485;0.087875;0.809241;0.435092;0.384840;0.254867;0.616733;0.660071;0.344949;-0.061814;0.905176;0.034698;0.419084;0.465431;-0.506112;0.672959;-0.272674;0.465431;-0.506112;0.672959;-0.272674;0.521919;0.117979;0.833729;0.136300;0.272674;0.672959;0.506112;0.465431;0.521919;0.117979;0.833729;0.136300;0.465431;-0.506112;0.672959;-0.272674
22533544;1;0.476592;-0.480651;0.689906;-0.256638;0.495351;-0.424735;0.725670;-0.218246;0.534088;-0.373210;0.704196;-0.282085;0.554990;-0.315536;0.731857;-0.238346;0.894359;-0.399973;0.087597;0.180197;0.727982;-0.281360;-0.198907;0.592718;-0.045871;-0.326971;0.108706;0.937640;0.601904;0.224605;-0.312049;-0.699921;0.120879;-0.382345;0.040431;0.915186;0.120879;-0.382345;0.040431;0.915186;0.297897;-0.594004;0.655724;0.358389;0.436378;0.886325;-0.087584;-0.127793;0.442866;0.621675;-0.565285;-0.312799;0.527121;-0.015475;-0.840111;0.126953;-0.246019;0.654556;0.685070;-0.204230;-0.318516;-0.016924;0.947353;0.027985;-0.318516;-0.016924;0.947353;0.027985;0.693096;-0.051092;-0.495050;0.521471;-0.201414;0.585812;-0.273042;0.736006;0.660309;-0.225248;0.605837;-0.382383;-0.467536;0.517921;-0.507522;0.505559;0.692081;-0.009862;0.721166;-0.029106;0.341656;0.274177;0.872893;0.214838;0.086558;0.814512;0.416687;0.394272;0.246306;0.627271;0.650477;0.350348;-0.071778;0.905888;0.020523;0.416885;0.483369;-0.515453;0.631726;-0.318724;0.483369;-0.515453;0.631726;-0.318724;0.567165;0.082217;0.811178;0.116422;0.318724;0.631726;0.515453;0.483369;0.567165;0.082217;0.811178;0.116422;0.483369;-0.515453;0.631726;-0.318724
22566888;1;0.486106;-0.456636;0.681222;-0.301862;0.512116;-0.391182;0.720802;-0.255260;0.535295;-0.370398;0.698412;-0.297466;0.557425;-0.313197;0.725866;-0.253581;0.890419;-0.409673;0.083757;0.179744;0.722624;-0.302148;-0.193280;0.590901;-0.038715;-0.335970;0.125595;0.932658;0.597565;0.186952;-0.305426;-0.717412;0.055287;-0.345339;0.094746;0.932045;0.055287;-0.345339;0.094746;0.932045;0.220015;-0.585614;0.680444;0.381636;0.441832;0.883630;-0.086571;-0.128410;0.448570;0.634150;-0.554680;-0.298274;0.519689;-0.000864;-0.842506;0.141795;-0.295638;0.582990;0.689249;-0.312499;-0.429590;-0.146989;0.890694;0.022577;-0.429590;-0.146989;0.890694;0.022577;0.720145;0.048362;-0.398383;0.565988;-0.203852;0.581696;-0.266549;0.740963;0.668934;-0.221521;0.600329;-0.378233;-0.480982;0.507098;-0.505408;0.506035;0.701903;-0.003621;0.711983;-0.020002;0.308308;0.265492;0.887164;0.217716;0.052730;0.828120;0.414381;0.373800;0.238151;0.639484;0.643019;0.347665;-0.075760;0.909262;0.006650;0.409218;0.465370;-0.537420;0.631805;-0.308922;0.465370;-0.537420;0.631805;-0.308922;0.547507;0.066740;0.826767;0.110626;0.308922;0.631805;0.537420;0.465370;0.547507;0.066740;0.826767;0.110626;0.465370;-0.537420;0.631805;-0.308922
22600222;1;0.487985;-0.459559;0.683407;-0.289190;0.513157;-0.392841;0.723820;-0.241724;0.534205;-0.379610;0.695976;-0.293495;0.556021;-0.322574;0.724176;-0.249710;0.888869;-0.413478;0.085089;0.178066;0.705912;-0.307266;-0.197928;0.606712;-0.086430;-0.339212;0.136099;0.926791;0.520340;0.119434;-0.194274;-0.822945;0.080447;-0.212365;0.083113;0.970320;0.080447;-0.212365;0.083113;0.970320;-0.002313;-0.557002;0.614370;0.558832;0.447650;0.881138;-0.086064;-0.125691;0.452492;0.636425;-0.536129;-0.320594;0.536215;-0.002971;-0.832143;0.141431;-0.283487;0.629777;0.679325;-0.248061;-0.375714;-0.040242;0.925463;0.027164;-0.375714;-0.040242;0.925463;0.027164;0.704714;0.099881;-0.449836;0.539490;-0.175152;0.584260;-0.253646;0.750750;0.676656;-0.199956;0.604784;-0.369310;0.486915;-0.510179;0.514068;-0.488227;0.693608;0.000391;0.720345;-0.003210;0.307209;0.241887;0.896890;0.206642;0.040424;0.841287;0.393832;0.368102;0.207314;0.653564;0.644112;0.339109;-0.091681;0.919864;-0.002398;0.381365;0.438447;-0.524272;0.660597;-0.310667;0.438447;-0.524272;0.660597;-0.310667;0.529704;0.096396;0.837829;0.090354;0.310667;0.660597;0.524272;0.438447;0.529704;0.096396;0.837829;0.090354;0.438447;-0.524272;0.660597;-0.310667
22633555;1;0.498514;-0.446121;0.673563;-0.314281;0.528475;-0.373708;0.716278;-0.260774;0.538773;-0.368067;0.700051;-0.290135;0.560305;-0.310743;0.727313;-0.245995;0.889824;-0.400709;0.097079;0.195500;0.714805;-0.312440;-0.194148;0.594762;-0.079282;-0.337920;0.145334;0.926500;0.530939;0.190611;-0.280862;-0.776459;0.140957;-0.330928;0.075514;0.930008;0.140957;-0.330928;0.075514;0.930008;0.080174;-0.617415;0.636740;0.454899;0.437011;0.885552;-0.095394;-0.125373;0.442333;0.630558;-0.561584;-0.302260;0.520218;0.002043;-0.844379;0.128035;-0.304232;0.656802;0.663782;-0.188278;-0.347142;-0.017280;0.933647;0.086589;-0.347142;-0.017280;0.933647;0.086589;0.737661;0.018285;-0.493181;0.460755;-0.160796;0.587771;-0.236572;0.756772;0.681113;-0.199839;0.601297;-0.366868;0.503176;-0.480956;0.515054;-0.500214;0.713479;0.021835;0.700336;-0.000373;0.306120;0.223480;0.902991;0.202371;0.029888;0.848300;0.381665;0.365822;0.208173;0.660501;0.636245;0.339991;-0.091754;0.919257;-0.012868;0.382600;0.475914;-0.514130;0.646711;-0.301563;0.475914;-0.514130;0.646711;-0.301563;0.549760;0.093749;0.820839;0.123285;0.301563;0.646711;0.514130;0.475914;0.549760;0.093749;0.820839;0.123285;0.475914;-0.514130;0.646711;-0.301563
22666866;1;0.488137;-0.454074;0.674191;-0.317814;0.521449;-0.373524;0.721939;-0.259566;0.527994;-0.383282;0.698128;-0.294848;0.549938;-0.326062;0.726616;-0.251557;0.885726;-0.416018;0.078473;0.190421;0.710286;-0.313170;-0.167086;0.607865;-0.062187;-0.321238;0.150997;0.932813;0.541104;0.183159;-0.290538;-0.767624;0.107733;-0.330140;0.094696;0.932970;0.107733;-0.330140;0.094696;0.932970;0.062839;-0.534755;0.715559;0.445043;0.450016;0.878902;-0.069767;-0.141948;0.438616;0.641419;-0.564915;-0.277613;0.504970;0.043300;-0.853623;0.120244;-0.288363;0.722671;0.627685;-0.024596;-0.230098;0.113490;0.950454;0.175536;-0.230098;0.113490;0.950454;0.175536;0.726941;-0.099575;-0.597204;0.324020;-0.159395;0.584047;-0.245667;0.757053;0.684234;-0.184165;0.606299;-0.360983;0.522680;-0.459761;0.538579;-0.474720;0.709356;0.053630;0.702111;0.031279;0.272165;0.230872;0.910486;0.208901;0.008380;0.853594;0.391939;0.343062;0.186780;0.673605;0.633446;0.331835;-0.101265;0.926466;-0.024029;0.361702;0.477365;-0.509728;0.661103;-0.274305;0.477365;-0.509728;0.661103;-0.274305;0.531511;0.107038;0.827903;0.143585;0.274305;0.661103;0.509728;0.477365;0.531511;0.107038;0.827903;0.143585;0.477365;-0.509728;0.661103;-0.274305
22700222;1;0.487052;-0.453216;0.680592;-0.306871;0.514373;-0.385476;0.721123;-0.258476;0.529616;-0.376436;0.703814;-0.287139;0.550937;-0.318783;0.731735;-0.243742;0.893307;-0.406312;0.069446;0.179139;0.727999;-0.289034;-0.160153;0.600689;-0.049057;-0.300778;0.136831;0.942552;0.574997;0.241928;-0.331509;-0.707779;0.066829;-0.403414;0.075394;0.909454;0.066829;-0.403414;0.075394;0.909454;0.160909;-0.632664;0.655631;0.379464;0.439069;0.881642;-0.061644;-0.161634;0.437359;0.650026;-0.558317;-0.272885;-0.499796;-0.047774;0.855552;-0.126306;-0.281049;0.745981;0.602409;0.040336;-0.186852;0.173085;0.943094;0.213781;-0.186852;0.173085;0.943094;0.213781;0.716839;-0.130874;-0.630465;0.267446;-0.142347;0.575519;-0.242488;0.767929;0.695702;-0.158311;0.604162;-0.354859;0.553743;-0.424957;0.561008;-0.445028;0.710415;0.094370;0.693489;0.074007;0.258555;0.224303;0.913455;0.220087;-0.013889;0.857585;0.386282;0.339325;0.190667;0.683401;0.617086;0.340315;-0.104586;0.921951;-0.042523;0.370487;0.456111;-0.522888;0.636300;-0.337155;0.456111;-0.522888;0.636300;-0.337155;0.560924;0.080194;0.819669;0.084114;0.337155;0.636300;0.522888;0.456111;0.560924;0.080194;0.819669;0.084114;0.456111;-0.522888;0.636300;-0.337155
22733555;1;0.492948;-0.447180;0.677590;-0.312894;0.517334;-0.389091;0.712536;-0.270677;0.541924;-0.379632;0.698090;-0.273619;0.562122;-0.322427;0.726286;-0.229280;0.897751;-0.400152;0.069593;0.170522;0.702460;-0.315963;-0.162757;0.616626;-0.071149;-0.319896;0.154884;0.931995;0.599170;0.159167;-0.306463;-0.722317;0.074905;-0.327867;0.108432;0.935487;0.074905;-0.327867;0.108432;0.935487;0.111383;-0.618889;0.664405;0.403902;0.429300;0.890789;-0.038808;-0.143842;0.437959;0.645770;-0.562151;-0.274150;-0.498537;-0.025143;0.855805;-0.135747;-0.294678;0.775728;0.535595;0.156683;-0.088083;0.142266;0.931867;0.321910;-0.088083;0.142266;0.931867;0.321910;0.685691;-0.082954;-0.701662;0.174974;-0.086209;0.581775;-0.211049;0.780746;0.703462;-0.136896;0.603589;-0.349402;0.616030;-0.337228;0.617421;-0.354366;0.690578;0.196976;0.671795;0.181645;0.244505;0.194005;0.927559;0.205461;-0.028905;0.872155;0.370544;0.318130;0.160896;0.698388;0.619234;0.320807;-0.112038;0.933899;-0.051510;0.335601;0.452494;-0.532212;0.633341;-0.332984;0.452494;-0.532212;0.633341;-0.332984;0.555417;0.071509;0.824171;0.084506;0.332984;0.633341;0.532212;0.452494;0.555417;0.071509;0.824171;0.084506;0.452494;-0.532212;0.633341;-0.332984
22766888;1;0.482992;-0.444250;0.688050;-0.309755;0.506545;-0.386926;0.721844;-0.269521;0.537948;-0.378133;0.700133;-0.278282;0.558532;-0.320769;0.728202;-0.234246;0.895785;-0.402222;0.087566;0.167689;0.702420;-0.321262;-0.149375;0.617320;-0.076592;-0.311502;0.168786;0.931993;0.613521;0.100165;-0.293754;-0.726132;0.053008;-0.274590;0.144653;0.949140;0.053008;-0.274590;0.144653;0.949140;0.014854;-0.569659;0.702170;0.426879;0.427394;0.897105;-0.033333;-0.106891;0.366919;0.704472;-0.561385;-0.232243;-0.410246;0.000303;0.900796;-0.142353;-0.377453;0.756990;0.372579;0.381681;-0.034759;0.327303;0.777638;0.535671;-0.034759;0.327303;0.777638;0.535671;0.681876;-0.141206;-0.707129;-0.122782;-0.060070;0.584414;-0.192195;0.786074;0.704611;-0.136453;0.599931;-0.353535;0.645597;-0.282133;0.649508;-0.285912;0.663214;0.259066;0.655883;0.250696;0.244815;0.163652;0.933182;0.206046;-0.038643;0.870870;0.373027;0.317716;0.104527;0.744665;0.570288;0.330635;-0.159374;0.932091;-0.118575;0.302895;0.427419;-0.544774;0.647629;-0.317980;0.427419;-0.544774;0.647629;-0.317980;0.527077;0.072729;0.843156;0.077386;0.317980;0.647629;0.544774;0.427419;0.527077;0.072729;0.843156;0.077386;0.427419;-0.544774;0.647629;-0.317980
22800200;1;0.492625;-0.438843;0.675906;-0.328463;0.525166;-0.363413;0.719280;-0.273437;0.547984;-0.367696;0.703026;-0.265082;0.567477;-0.310134;0.730248;-0.220284;0.900548;-0.383909;0.072964;0.190534;0.702888;-0.326853;-0.164203;0.610043;-0.066913;-0.327367;0.163176;0.928292;0.619329;0.121763;-0.303230;-0.713902;-0.020371;-0.287399;0.155489;0.944886;-0.020371;-0.287399;0.155489;0.944886;0.032767;-0.607211;0.676112;0.416046;0.413929;0.900620;-0.045737;-0.124316;0.410364;0.684776;-0.548611;-0.248414;-0.445897;0.023359;0.877124;-0.176874;-0.270929;0.732496;0.446886;0.436280;0.096005;0.236493;0.824820;0.504505;0.096005;0.236493;0.824820;0.504505;0.588813;-0.205878;-0.778301;-0.071835;-0.061281;0.568252;-0.189880;0.798298;0.714806;-0.131581;0.584559;-0.360596;0.654391;-0.281632;0.631591;-0.305858;0.683437;0.246749;0.642705;0.242815;0.246288;0.150094;0.935694;0.203203;-0.044811;0.876570;0.360038;0.316211;0.095161;0.756816;0.556043;0.330138;-0.165782;0.930645;-0.137209;0.295955;0.421288;-0.531419;0.645602;-0.351153;0.421288;-0.531419;0.645602;-0.351153;0.546198;0.080739;0.832280;0.049593;0.351153;0.645602;0.531419;0.421288;0.546198;0.080739;0.832280;0.049593;0.421288;-0.531419;0.645602;-0.351153
22833555;1;0.488572;-0.447613;0.675947;-0.322544;0.524811;-0.360303;0.726254;-0.259444;0.541113;-0.370155;0.705347;-0.269571;0.560988;-0.312399;0.732759;-0.225309;0.897475;-0.388098;0.083913;0.192034;0.699780;-0.330788;-0.156818;0.613429;-0.062761;-0.325406;0.167701;0.928466;0.527642;0.149558;-0.287313;-0.785288;0.055156;-0.292932;0.138228;0.944480;0.055156;-0.292932;0.138228;0.944480;0.100503;0.615405;-0.612975;-0.485218;0.419076;0.898336;-0.048173;-0.122666;0.422292;0.684837;-0.539107;-0.249061;-0.461029;-0.020854;0.871323;-0.166776;-0.238320;0.729885;0.530228;0.359624;0.036832;0.242208;0.869028;0.429848;0.036832;0.242208;0.869028;0.429848;0.599956;-0.291138;-0.742471;0.063470;-0.057805;0.562284;-0.185880;0.803707;0.719044;-0.129687;0.577886;-0.363599;0.656776;-0.282256;0.618706;-0.325852;0.699172;0.237156;0.633914;0.230365;0.246610;0.141365;0.935613;0.209351;-0.050196;0.872301;0.366604;0.319645;0.092155;0.765213;0.538942;0.339849;-0.174861;0.924592;-0.155211;0.300770;0.458942;-0.503027;0.655861;-0.325855;0.458942;-0.503027;0.655861;-0.325855;0.554936;0.108070;0.819458;0.094107;0.325855;0.655861;0.503027;0.458942;0.554936;0.108070;0.819458;0.094107;0.458942;-0.503027;0.655861;-0.325855
22866888;1;0.482591;-0.461748;0.676351;-0.310556;0.516919;-0.375652;0.727700;-0.249266;0.541682;-0.356638;0.715587;-0.259472;0.560745;-0.298104;0.741882;-0.215197;0.906818;-0.371469;0.078611;0.183065;0.671311;-0.341319;-0.158071;0.638636;-0.089985;-0.334692;0.171657;0.922181;0.550025;0.037896;-0.240054;-0.799006;0.024672;-0.171760;0.171932;0.969706;0.024672;-0.171760;0.171932;0.969706;-0.213614;-0.546953;0.592943;0.551026;0.402884;0.904750;-0.053833;-0.127330;0.446403;0.670050;-0.528937;-0.268299;-0.488688;-0.007041;0.853634;-0.180122;-0.161378;0.685092;0.559791;0.437310;0.130307;0.217913;0.857456;0.447552;0.130307;0.217913;0.857456;0.447552;-0.484196;0.283366;0.825770;-0.057970;-0.050736;0.559286;-0.186613;0.806102;0.727869;-0.110851;0.579132;-0.350034;0.651502;-0.303701;0.611181;-0.331313;0.699335;0.216596;0.643689;0.222891;0.247993;0.135563;0.935760;0.210891;-0.053680;0.872711;0.363801;0.321159;0.106504;0.752097;0.553727;0.341165;-0.165484;0.925757;-0.135531;0.311802;0.443380;-0.530319;0.638896;-0.337622;0.443380;-0.530319;0.638896;-0.337622;0.552252;0.076775;0.826760;0.074782;0.337622;0.638896;0.530319;0.443380;0.552252;0.076775;0.826760;0.074782;0.443380;-0.530319;0.638896;-0.337622
22900222;1;0.498441;-0.450138;0.672486;-0.310959;0.530925;-0.369726;0.719836;-0.251510;0.545375;-0.361963;0.710377;-0.258677;0.564363;-0.303829;0.737116;-0.214109;0.904454;-0.374898;0.091535;0.181756;0.673282;-0.334531;-0.174072;0.635987;-0.093405;-0.341972;0.158955;0.921447;0.521020;0.142246;-0.267249;-0.798049;0.092518;-0.278129;0.119584;0.948570;0.092518;-0.278129;0.119584;0.948570;-0.090576;-0.579254;0.636669;0.500913;0.403593;0.907230;-0.042525;-0.110626;0.485457;0.642568;-0.504384;-0.311504;0.548485;0.016458;-0.816717;0.178513;0.013076;0.574485;0.646137;0.502298;0.268332;0.162807;0.849129;0.424821;0.268332;0.162807;0.849129;0.424821;-0.290258;0.321532;0.898349;-0.073052;-0.027166;0.552051;-0.176968;0.814361;0.732219;-0.102226;0.570689;-0.357379;0.648755;-0.314895;0.607156;-0.333646;0.699059;0.205798;0.648725;0.219361;0.245528;0.115480;0.942412;0.195549;-0.052152;0.880474;0.355234;0.309603;0.107698;0.754137;0.559212;0.327049;-0.154682;0.931014;-0.133137;0.302589;0.439531;-0.528530;0.638220;-0.346618;0.439531;-0.528530;0.638220;-0.346618;0.555891;0.077563;0.825017;0.065699;0.346618;0.638220;0.528530;0.439531;0.555891;0.077563;0.825017;0.065699;0.439531;-0.528530;0.638220;-0.346618
22933533;1;0.502748;-0.451614;0.669847;-0.307561;0.535218;-0.370320;0.717992;-0.246761;0.545998;-0.358317;0.713879;-0.252728;0.564507;-0.299915;0.740314;-0.208129;0.909031;-0.368845;0.091605;0.170950;0.667661;-0.344816;-0.170002;0.637519;-0.104120;-0.343889;0.171867;0.917257;0.512597;0.110069;-0.265157;-0.809210;0.091795;-0.249616;0.141829;0.953494;0.091795;-0.249616;0.141829;0.953494;-0.110299;-0.574319;0.624753;0.517374;0.396040;0.909998;-0.032848;-0.118227;0.490646;0.633213;-0.525078;-0.287402;0.543219;0.039920;-0.821628;0.168068;0.221540;0.561802;0.574049;0.552961;0.468841;0.198450;0.778313;0.367470;0.468841;0.198450;0.778313;0.367470;-0.062662;0.407808;0.898361;-0.150712;-0.009808;0.553497;-0.163064;0.816673;0.732065;-0.106052;0.567240;-0.362041;0.662072;-0.284789;0.607025;-0.334778;0.709184;0.227112;0.627356;0.227823;0.262726;0.105595;0.940783;0.186419;-0.042529;0.881665;0.344726;0.319409;0.067796;0.771581;0.541314;0.327179;-0.183250;0.930629;-0.157963;0.274584;0.435834;-0.538450;0.638560;-0.335203;0.435834;-0.538450;0.638560;-0.335203;0.545206;0.070788;0.832272;0.071157;0.335203;0.638560;0.538450;0.435834;0.545206;0.070788;0.832272;0.071157;0.435834;-0.538450;0.638560;-0.335203
22966888;1;0.515655;-0.439236;0.662818;-0.319130;0.550962;-0.354459;0.711769;-0.253347;0.557407;-0.350059;0.711351;-0.246447;0.575375;-0.291886;0.737132;-0.200953;0.912213;-0.358543;0.100053;0.171184;0.673733;-0.329138;-0.149382;0.644543;-0.102211;-0.318695;0.170530;0.926772;0.531309;0.120847;-0.083393;-0.834357;0.048109;-0.146818;-0.001711;0.987991;0.048109;-0.146818;-0.001711;0.987991;-0.186172;-0.535696;0.506731;0.649302;0.383297;0.918178;-0.036908;-0.093117;0.361349;0.691778;-0.583089;-0.225561;-0.413609;-0.064095;0.902464;-0.101878;0.359103;0.595102;0.313521;0.646996;0.605527;0.398530;0.541863;0.425318;0.605527;0.398530;0.541863;0.425318;0.000139;0.637150;0.766739;0.078435;-0.000068;0.556547;-0.151262;0.816931;0.726446;-0.120113;0.564142;-0.373621;0.648157;-0.306837;0.602218;-0.350823;0.710690;0.207963;0.639476;0.206741;0.274767;0.100693;0.940504;0.172674;-0.028478;0.883086;0.338804;0.323357;0.094061;0.769059;0.540317;0.328265;-0.165361;0.928251;-0.156999;0.293867;0.425709;-0.534370;0.648459;-0.335741;0.425709;-0.534370;0.648459;-0.335741;0.538426;0.080673;0.836386;0.063617;0.335741;0.648459;0.534370;0.425709;0.538426;0.080673;0.836386;0.063617;0.425709;-0.534370;0.648459;-0.335741
23000222;1;0.513239;-0.441119;0.667356;-0.310862;0.546965;-0.357471;0.715657;-0.246738;0.556857;-0.351046;0.710605;-0.248430;0.574986;-0.292930;0.736468;-0.202974;0.911595;-0.360827;0.100979;0.169123;0.672544;-0.332986;-0.146829;0.644397;-0.106444;-0.318318;0.176386;0.925328;0.520693;0.113954;-0.046771;-0.844811;0.047672;-0.120448;-0.025790;0.991239;0.047672;-0.120448;-0.025790;0.991239;-0.188666;-0.511089;0.496017;0.676136;0.385412;0.917520;-0.040172;-0.089446;0.408178;0.674405;-0.564437;-0.244909;-0.454695;-0.029096;0.878956;-0.140862;0.393027;0.664103;0.227512;0.593915;0.643310;0.451137;0.537838;0.305545;0.643310;0.451137;0.537838;0.305545;-0.035007;0.529165;0.621338;0.576800;-0.000935;0.556317;-0.158353;0.815742;0.725512;-0.114120;0.567098;-0.372839;0.645769;-0.307320;0.606056;-0.348184;0.707153;0.210327;0.642560;0.206917;0.272764;0.102733;0.940119;0.176698;-0.031627;0.882265;0.340484;0.323542;0.095330;0.769864;0.537441;0.330724;-0.166206;0.926813;-0.159603;0.296515;0.428122;-0.530354;0.644309;-0.346845;0.428122;-0.530354;0.644309;-0.346845;0.547984;0.080579;0.830612;0.057472;0.346845;0.644309;0.530354;0.428122;0.547984;0.080579;0.830612;0.057472;0.428122;-0.530354;0.644309;-0.346845
23033555;1;0.510057;-0.447735;0.670585;-0.299483;0.542937;-0.362110;0.720436;-0.234666;0.557366;-0.341397;0.717411;-0.241067;0.574902;-0.282766;0.742478;-0.195594;0.913818;-0.346693;0.115213;0.177390;0.663490;-0.339350;-0.167764;0.645351;-0.123524;-0.336822;0.172783;0.917300;0.512746;0.041491;0.041427;-0.856536;0.027682;-0.012740;-0.057232;0.997896;0.027682;-0.012740;-0.057232;0.997896;-0.281300;-0.402453;0.481081;0.726267;0.374157;0.921753;-0.052178;-0.087491;0.411563;0.664274;-0.569539;-0.254914;-0.457091;0.024683;0.874657;-0.159479;0.401597;0.676065;0.143522;0.600881;0.674636;0.469506;0.507174;0.259239;0.674636;0.469506;0.507174;0.259239;-0.058713;0.589844;0.511640;0.621981;-0.003300;0.565555;-0.151612;0.810648;0.725266;-0.119327;0.573288;-0.362065;0.631494;-0.323471;0.582296;-0.396879;0.731315;0.181872;0.636949;0.162471;0.287133;0.110871;0.935822;0.171755;-0.020631;0.882179;0.331295;0.334034;0.136678;0.744429;0.562165;0.333339;-0.138484;0.926349;-0.124297;0.327491;0.445204;-0.537393;0.636139;-0.329133;0.445204;-0.537393;0.636139;-0.329133;0.547539;0.069824;0.829813;0.082075;0.329133;0.636139;0.537393;0.445204;0.547539;0.069824;0.829813;0.082075;0.445204;-0.537393;0.636139;-0.329133
23066866;1;0.511342;-0.436676;0.667956;-0.318871;0.550558;-0.340012;0.721972;-0.245020;0.554382;-0.341185;0.718464;-0.245076;0.572250;-0.282470;0.743511;-0.199829;0.910359;-0.347746;0.109419;0.195825;0.665022;-0.336509;-0.181608;0.641503;-0.124583;-0.345352;0.164171;0.915565;0.527061;0.035984;0.028437;-0.848589;-0.000158;-0.015570;-0.043140;0.998948;-0.000158;-0.015570;-0.043140;0.998948;-0.234343;-0.450063;0.446502;0.736996;0.381779;0.914549;-0.064482;-0.116993;0.463072;0.640904;-0.558783;-0.250137;-0.490853;0.009088;0.850243;-0.189913;0.267223;0.636702;0.385764;0.611873;0.636044;0.130419;0.732936;0.203086;0.636044;0.130419;0.732936;0.203086;-0.161894;0.438435;0.754262;0.461145;-0.020217;0.572686;-0.159181;0.803917;0.721932;-0.124025;0.581365;-0.354186;0.615806;-0.349571;0.577867;-0.405774;0.726543;0.160137;0.652228;0.145226;0.286682;0.111022;0.934047;0.181778;-0.029358;0.880297;0.331344;0.338271;0.140243;0.739604;0.563529;0.340225;-0.140777;0.923927;-0.119918;0.334904;0.465232;-0.521431;0.632244;-0.334568;0.465232;-0.521431;0.632244;-0.334568;0.565544;0.078357;0.815772;0.092393;0.334568;0.632244;0.521431;0.465232;0.565544;0.078357;0.815772;0.092393;0.465232;-0.521431;0.632244;-0.334568
23100222;1;0.506677;-0.440025;0.667826;-0.321970;0.545570;-0.345653;0.721205;-0.250480;0.556426;-0.337550;0.721657;-0.235926;0.573554;-0.278591;0.746402;-0.190544;0.910194;-0.336896;0.107747;0.215494;0.672063;-0.328813;-0.185990;0.636884;-0.128021;-0.342396;0.159610;0.917006;0.531214;0.071783;0.052420;-0.842562;-0.001391;-0.032880;-0.082580;0.996041;-0.001391;-0.032880;-0.082580;0.996041;-0.210208;-0.484848;0.404440;0.746434;0.377683;0.913605;-0.082723;-0.125851;0.461963;0.637943;-0.560344;-0.256191;-0.495852;0.007049;0.849063;-0.182138;0.291368;0.632169;0.393106;0.600779;0.644303;0.119175;0.734824;0.175227;0.644303;0.119175;0.734824;0.175227;-0.145415;0.448901;0.755361;0.454722;-0.022692;0.575293;-0.160872;0.801650;0.718858;-0.127387;0.583673;-0.355447;0.619493;-0.336823;0.581932;-0.405135;0.728673;0.172063;0.646115;0.148210;0.282411;0.119937;0.935284;0.176357;-0.024220;0.883243;0.330099;0.332159;0.142664;0.733811;0.576463;0.329937;-0.131735;0.928890;-0.106708;0.329276;0.456593;-0.522251;0.630640;-0.347950;0.456593;-0.522251;0.630640;-0.347950;0.568898;0.076642;0.815217;0.076822;0.347950;0.630640;0.522251;0.456593;0.568898;0.076642;0.815217;0.076822;0.456593;-0.522251;0.630640;-0.347950
23133544;1;0.502294;-0.438935;0.675922;-0.313316;0.541339;-0.339595;0.730896;-0.239622;0.558081;-0.336732;0.722324;-0.231094;0.574816;-0.277722;0.747002;-0.185595;0.909245;-0.331324;0.120255;0.221441;0.684076;-0.316078;-0.191771;0.628775;-0.129058;-0.337347;0.151257;0.920143;0.536449;0.088706;0.075290;-0.835874;-0.004173;-0.034455;-0.111131;0.993200;-0.004173;-0.034455;-0.111131;0.993200;-0.166455;-0.504509;0.371013;0.761651;0.374952;0.914761;-0.089886;-0.120601;0.469990;0.632947;-0.551917;-0.271797;0.510372;-0.015674;-0.839637;0.185163;0.315183;0.604833;0.418035;0.600070;0.658832;0.085136;0.730293;0.159262;0.658832;0.085136;0.730293;0.159262;-0.129213;0.429752;0.756225;0.476172;-0.023908;0.580966;-0.157742;0.798138;0.714397;-0.135998;0.586488;-0.356612;0.621410;-0.332338;0.588200;-0.396764;0.724140;0.179703;0.647427;0.155458;0.323559;0.114425;0.920193;0.188313;-0.012648;0.864700;0.334777;0.374243;0.167701;0.720904;0.562154;0.368993;-0.141469;0.909916;-0.107719;0.374748;0.472395;-0.515749;0.623103;-0.350127;0.472395;-0.515749;0.623103;-0.350127;0.581611;0.075911;0.805290;0.086457;0.350127;0.623103;0.515749;0.472395;0.581611;0.075911;0.805290;0.086457;0.472395;-0.515749;0.623103;-0.350127
23166888;1;0.503135;-0.442533;0.671857;-0.315638;0.545776;-0.333680;0.732042;-0.234310;0.554959;-0.336662;0.723219;-0.235868;0.572087;-0.277581;0.747888;-0.190604;0.903136;-0.331923;0.125548;0.241683;0.699818;-0.292238;-0.171765;0.628767;-0.130513;-0.305727;0.146415;0.931697;0.543991;0.156467;0.217703;-0.795108;-0.008831;-0.008664;-0.267958;0.963351;-0.008831;-0.008664;-0.267958;0.963351;-0.175229;-0.516109;0.249688;0.800364;0.381546;0.909307;-0.105246;-0.128479;0.462254;0.648314;-0.558303;-0.233042;-0.478639;-0.001772;0.855575;-0.197212;0.388457;0.566736;0.448918;0.571300;0.681627;0.065613;0.720008;0.112551;0.681627;0.065613;0.720008;0.112551;-0.086447;0.483324;0.763348;0.419790;-0.032574;0.591895;-0.166838;0.787886;0.704263;-0.142084;0.598369;-0.354655;0.610952;-0.345710;0.604797;-0.376090;0.702270;0.181954;0.668749;0.162739;0.332545;0.118965;0.914824;0.195854;-0.009531;0.857348;0.340504;0.385903;0.190450;0.720963;0.543408;0.385551;-0.137056;0.896919;-0.121094;0.402601;0.473843;-0.506391;0.638193;-0.334291;0.473843;-0.506391;0.638193;-0.334291;0.571437;0.093198;0.809343;0.098678;0.334291;0.638193;0.506391;0.473843;0.571437;0.093198;0.809343;0.098678;0.473843;-0.506391;0.638193;-0.334291
23200211;1;0.503125;-0.433495;0.679631;-0.311526;0.540538;-0.337889;0.731879;-0.240836;0.560184;-0.331480;0.721419;-0.236369;0.577335;-0.272559;0.745678;-0.190684;0.913108;-0.333103;0.117216;0.203808;0.702529;-0.262066;-0.134535;0.647823;-0.114779;-0.262371;0.133938;0.948708;0.608471;0.177765;0.232594;-0.737606;-0.036501;-0.000292;-0.292746;0.955493;-0.036501;-0.000292;-0.292746;0.955493;-0.209271;-0.557520;0.202542;0.777402;0.372558;0.915763;-0.084724;-0.124101;0.470311;0.640429;-0.551553;-0.253865;0.502373;0.014048;-0.845082;0.182377;0.334378;0.524824;0.444120;0.644599;0.701398;0.026226;0.687019;0.188036;0.701398;0.026226;0.687019;0.188036;-0.080178;0.394594;0.813465;0.419692;-0.041425;0.599092;-0.170318;0.781259;0.697228;-0.152155;0.604009;-0.354816;0.615058;-0.330811;0.614634;-0.366732;0.698567;0.199511;0.665249;0.172174;0.327558;0.124067;0.916062;0.195301;-0.004693;0.854792;0.351893;0.381420;0.175552;0.731399;0.534438;0.385503;-0.147680;0.897950;-0.134750;0.392071;0.454454;-0.530515;0.619538;-0.358048;0.454454;-0.530515;0.619538;-0.358048;0.574525;0.062948;0.813210;0.068170;0.358048;0.619538;0.530515;0.454454;0.574525;0.062948;0.813210;0.068170;0.454454;-0.530515;0.619538;-0.358048
23233555;1;0.500594;-0.422264;0.681412;-0.326768;0.536929;-0.335399;0.728104;-0.262828;0.551520;-0.343586;0.719739;-0.244438;0.569346;-0.284762;0.744974;-0.199423;0.910192;-0.349014;0.118617;0.188867;0.700838;-0.276613;-0.156877;0.638515;-0.106050;-0.289306;0.132012;0.942140;0.570661;0.167932;0.153348;-0.789069;-0.008382;-0.048126;-0.222262;0.973762;-0.008382;-0.048126;-0.222262;0.973762;-0.133468;-0.556319;0.273996;0.773060;0.384597;0.912070;-0.064521;-0.126694;0.480880;0.634338;-0.543988;-0.265418;0.518686;0.018663;-0.835439;0.180714;0.370627;0.419142;0.477910;0.677169;0.761813;-0.118627;0.624504;0.124753;0.761813;-0.118627;0.624504;0.124753;-0.068935;0.375421;0.808532;0.447865;-0.074037;0.601343;-0.199315;0.770181;0.691865;-0.150546;0.615414;-0.346302;0.611039;-0.325616;0.618110;-0.372218;0.699575;0.205608;0.664047;0.165414;0.273617;0.153708;0.929632;0.193111;-0.020521;0.871767;0.357505;0.334351;0.119998;0.743917;0.563875;0.337983;-0.153588;0.927139;-0.122635;0.319037;0.457033;-0.536271;0.618541;-0.347766;0.457033;-0.536271;0.618541;-0.347766;0.569079;0.058173;0.816576;0.077263;0.347766;0.618541;0.536271;0.457033;0.569079;0.058173;0.816576;0.077263;0.457033;-0.536271;0.618541;-0.347766
23266888;1;0.496088;-0.426683;0.686684;-0.316706;0.530659;-0.340764;0.733126;-0.254573;0.541130;-0.351941;0.720711;-0.252768;0.559657;-0.293011;0.746614;-0.208559;0.907536;-0.361923;0.111472;0.181562;0.670167;-0.322624;-0.208575;0.635049;-0.089172;-0.362802;0.126350;0.918944;0.542901;0.079578;-0.209912;-0.809236;0.065747;-0.191383;0.117338;0.972256;0.065747;-0.191383;0.117338;0.972256;0.123471;0.580293;-0.568555;-0.569877;0.396298;0.906390;-0.057393;-0.134576;0.489630;0.621855;-0.536904;-0.292049;0.540342;-0.003157;-0.821559;0.181828;0.362760;0.356791;0.493097;0.705664;0.777385;-0.161195;0.586908;0.158835;0.777385;-0.161195;0.586908;0.158835;-0.057491;0.333872;0.830571;0.442014;-0.087728;0.606319;-0.211470;0.761552;0.689675;-0.146938;0.625147;-0.334587;0.600133;-0.346339;0.621314;-0.365867;0.687459;0.193146;0.680994;0.162303;0.267123;0.170880;0.927527;0.197837;-0.021950;0.872666;0.357643;0.331759;0.136355;0.723987;0.588861;0.332403;-0.137859;0.930630;-0.090952;0.326573;0.476930;-0.515290;0.614420;-0.359864;0.476930;-0.515290;0.614420;-0.359864;0.591703;0.070096;0.798826;0.082778;0.359864;0.614420;0.515290;0.476930;0.591703;0.070096;0.798826;0.082778;0.476930;-0.515290;0.614420;-0.359864
23300222;1;0.488917;-0.433808;0.690333;-0.310179;0.523466;-0.345277;0.738601;-0.247456;0.535330;-0.355245;0.722836;-0.254422;0.554009;-0.296135;0.748997;-0.210672;0.901040;-0.362214;0.120075;0.206180;0.673119;-0.307167;-0.211311;0.638677;-0.105295;-0.353577;0.118266;0.921905;0.548012;0.116478;-0.171029;-0.810472;0.070471;-0.197296;0.062389;0.975815;0.070471;-0.197296;0.062389;0.975815;0.182153;0.615918;-0.475418;-0.601201;0.403044;0.902099;-0.070365;-0.137192;0.492545;0.616848;-0.543615;-0.285272;0.535101;-0.020065;-0.821959;0.194030;0.384297;0.347481;0.498184;0.695259;0.761769;-0.102283;0.598722;0.225339;0.761769;-0.102283;0.598722;0.225339;-0.022323;0.313160;0.845686;0.431565;-0.092576;0.624908;-0.212931;0.745372;0.676073;-0.160716;0.640373;-0.327136;0.588858;-0.352803;0.630626;-0.362058;0.676839;0.195094;0.692217;0.157048;0.289053;0.164828;0.920362;0.205462;-0.013751;0.860544;0.365571;0.354447;0.151750;0.726047;0.566973;0.358286;-0.145256;0.916850;-0.107898;0.355873;0.498699;-0.514144;0.597077;-0.361185;0.498699;-0.514144;0.597077;-0.361185;0.608029;0.058643;0.785752;0.097237;0.361185;0.597077;0.514144;0.498699;0.608029;0.058643;0.785752;0.097237;0.498699;-0.514144;0.597077;-0.361185
23333533;1;0.481731;-0.440968;0.693238;-0.304801;0.514928;-0.354283;0.741293;-0.244575;0.527343;-0.367119;0.722718;-0.254581;0.546060;-0.307979;0.749831;-0.211472;0.894323;-0.369085;0.127476;0.218433;0.693278;-0.269549;-0.185774;0.642025;-0.124801;-0.307205;0.113110;0.936619;0.535113;0.201219;-0.029075;-0.819951;0.090143;-0.175733;-0.102237;0.974956;0.090143;-0.175733;-0.102237;0.974956;-0.100505;-0.619952;0.394223;0.670930;0.412117;0.899782;-0.066057;-0.127230;0.478228;0.626141;-0.545597;-0.285602;0.528683;-0.003883;-0.830490;0.175399;0.367305;0.382486;0.506511;0.679881;0.751415;-0.121820;0.622904;0.180351;0.751415;-0.121820;0.622904;0.180351;-0.071810;0.362173;0.825761;0.426372;-0.105830;0.625741;-0.232180;0.737116;0.670897;-0.156165;0.648944;-0.323080;0.579618;-0.362582;0.637857;-0.354564;0.665070;0.193245;0.704305;0.155861;0.264521;0.183520;0.924610;0.203581;-0.013174;0.860597;0.384587;0.333606;0.173978;0.708482;0.593184;0.340467;-0.116744;0.922856;-0.077085;0.358839;0.465256;-0.540132;0.609395;-0.347033;0.465256;-0.540132;0.609395;-0.347033;0.574375;0.048976;0.812838;0.083596;0.347033;0.609395;0.540132;0.465256;0.574375;0.048976;0.812838;0.083596;0.465256;-0.540132;0.609395;-0.347033
23366888;1;0.479658;-0.447103;0.691343;-0.303435;0.510863;-0.366147;0.737423;-0.247311;0.527403;-0.371404;0.718333;-0.260581;0.546601;-0.312603;0.745804;-0.217448;0.890162;-0.376107;0.127802;0.223209;0.698674;-0.278308;-0.182235;0.633395;-0.110331;-0.309924;0.120881;0.936569;0.519974;0.186792;-0.010179;-0.833446;0.091146;-0.154788;-0.105051;0.978109;0.091146;-0.154788;-0.105051;0.978109;-0.098048;-0.566772;0.440666;0.689180;0.424229;0.892014;-0.091625;-0.126275;0.482509;0.631277;-0.519415;-0.314456;0.550806;0.006755;-0.817470;0.168255;0.308461;0.349029;0.480959;0.742771;0.777119;-0.169258;0.569644;0.207229;0.777119;-0.169258;0.569644;0.207229;-0.123910;0.335028;0.808898;0.466997;-0.143208;0.610441;-0.260987;0.733988;0.670024;-0.163529;0.643477;-0.332059;0.553608;-0.404911;0.609106;-0.398189;0.677420;0.142676;0.713670;0.106867;0.260102;0.217648;0.915367;0.216977;-0.009476;0.853814;0.395253;0.338656;0.228032;0.688543;0.592557;0.350409;-0.085288;0.908525;-0.063672;0.404047;0.476892;-0.530306;0.608935;-0.347200;0.476892;-0.530306;0.608935;-0.347200;0.582721;0.055599;0.805565;0.091706;0.347200;0.608935;0.530306;0.476892;0.582721;0.055599;0.805565;0.091706;0.476892;-0.530306;0.608935;-0.347200
23400211;1;0.488254;-0.439993;0.690208;-0.302699;0.517702;-0.364020;0.733124;-0.249004;0.519977;-0.384268;0.714529;-0.267226;0.539732;-0.325730;0.743044;-0.224666;0.886881;-0.391884;0.121103;0.212608;0.694476;-0.268583;-0.165446;0.646680;-0.110923;-0.292231;0.118787;0.942437;0.503095;0.110446;0.203515;-0.832634;0.035563;0.019166;-0.230758;0.972172;0.035563;0.019166;-0.230758;0.972172;-0.224081;-0.502116;0.237373;0.800825;0.435186;0.887905;-0.064503;-0.134451;0.503247;0.609933;-0.505618;-0.345072;0.582206;-0.020953;-0.791978;0.182671;0.288458;0.334452;0.396479;0.804822;0.817269;-0.117188;0.505292;0.251034;0.817269;-0.117188;0.505292;0.251034;-0.094846;0.253134;0.782364;0.561101;-0.172787;0.598988;-0.282563;0.729052;0.666076;-0.175119;0.638758;-0.343022;0.513020;-0.460564;0.570555;-0.446272;0.682584;0.075671;0.725514;0.044527;0.264168;0.242542;0.905166;0.228175;-0.001829;0.845776;0.403447;0.349128;0.235455;0.672378;0.604708;0.356086;-0.083899;0.905660;-0.043668;0.413322;0.452094;-0.560349;0.592786;-0.360867;0.452094;-0.560349;0.592786;-0.360867;0.574850;0.022937;0.815390;0.064507;0.360867;0.592786;0.560349;0.452094;0.574850;0.022937;0.815390;0.064507;0.452094;-0.560349;0.592786;-0.360867
23433555;1;0.474433;-0.453908;0.694346;-0.294558;0.504190;-0.374050;0.740429;-0.240090;0.515967;-0.398089;0.707995;-0.272116;0.536127;-0.340030;0.737639;-0.229863;0.876826;-0.403635;0.122140;0.230948;0.669876;-0.286683;-0.176275;0.661820;-0.114279;-0.314752;0.119128;0.934709;-0.444801;-0.052135;-0.250395;0.858334;0.085647;0.090469;-0.239230;0.962938;0.085647;0.090469;-0.239230;0.962938;-0.295627;-0.387775;0.282870;0.825966;0.451346;0.881195;-0.079682;-0.115902;0.497450;0.631619;-0.491517;-0.334680;0.574574;0.022067;-0.800028;0.171267;0.301531;0.376046;0.397126;0.780999;0.820116;-0.131024;0.530992;0.168196;0.820116;-0.131024;0.530992;0.168196;-0.106436;0.303842;0.769300;0.551842;-0.203992;0.596120;-0.297770;0.717190;0.659901;-0.195743;0.636990;-0.347071;0.481545;-0.499902;0.538217;-0.478053;0.682684;0.024720;0.730296;0.000085;0.258389;0.267233;0.898668;0.232846;0.008797;0.836135;0.424093;0.347773;0.248108;0.646880;0.629945;0.350939;-0.071080;0.905361;-0.007868;0.418578;0.457320;-0.552135;0.612123;-0.333634;0.457320;-0.552135;0.612123;-0.333634;0.559289;0.042418;0.823254;0.087459;0.333634;0.612123;0.552135;0.457320;0.559289;0.042418;0.823254;0.087459;0.457320;-0.552135;0.612123;-0.333634
23466888;1;0.483471;-0.453046;0.685142;-0.302632;0.510946;-0.383308;0.726461;-0.253504;0.509940;-0.410805;0.704665;-0.273219;0.530208;-0.352972;0.735339;-0.231445;0.867410;-0.411320;0.127066;0.249538;0.681705;-0.272174;-0.161646;0.659598;-0.109227;-0.293815;0.117816;0.942264;0.522370;0.072883;0.153088;-0.835692;0.059794;0.029525;-0.166962;0.983706;0.059794;0.029525;-0.166962;0.983706;-0.310457;-0.463923;0.318841;0.765985;0.464788;0.873938;-0.087017;-0.112395;0.544411;0.589194;-0.473615;-0.363532;0.632322;0.032620;-0.755246;0.169433;0.319979;0.219904;0.348131;0.853264;0.905933;-0.211766;0.353141;0.098652;0.905933;-0.211766;0.353141;0.098652;-0.024689;0.188649;0.777562;0.599333;-0.218386;0.599148;-0.308919;0.705619;0.651955;-0.207871;0.641283;-0.347133;0.469781;-0.504434;0.531183;-0.492642;0.684610;0.016443;0.728489;-0.018509;0.262811;0.286273;0.891098;0.234357;0.019217;0.833735;0.425268;0.351659;0.250806;0.636373;0.642057;0.346249;-0.065769;0.906423;0.008099;0.417141;0.454742;-0.538399;0.621259;-0.342598;0.454742;-0.538399;0.621259;-0.342598;0.563805;0.058591;0.820002;0.079297;0.342598;0.621259;0.538399;0.454742;0.563805;0.058591;0.820002;0.079297;0.454742;-0.538399;0.621259;-0.342598
23500222;1;0.492551;-0.452455;0.671419;-0.319179;0.525031;-0.374871;0.717628;-0.262343;0.509932;-0.433191;0.690242;-0.275464;0.530380;-0.376443;0.722758;-0.233684;0.851235;-0.427162;0.128254;0.276557;0.681654;-0.240377;-0.132694;0.678203;-0.168967;-0.246008;0.121938;0.946605;-0.417982;-0.221038;-0.278288;0.836056;0.150843;-0.016183;-0.355021;0.922466;0.150843;-0.016183;-0.355021;0.922466;-0.104645;-0.558728;0.157586;0.807490;0.482819;0.866738;-0.098626;-0.076961;0.506893;0.655384;-0.444605;-0.340379;0.592076;0.107858;-0.784582;0.149144;0.418801;0.192281;0.165888;0.871846;0.967088;-0.062250;0.246203;0.015841;0.967088;-0.062250;0.246203;0.015841;0.097490;0.215853;0.661415;0.711641;-0.225006;0.603597;-0.310813;0.698884;0.642726;-0.226750;0.639971;-0.354860;0.464710;-0.507687;0.530846;-0.494471;0.682313;0.013869;0.730555;-0.023366;0.264807;0.303072;0.883688;0.238998;0.027432;0.828416;0.431793;0.355710;0.265634;0.621664;0.650607;0.345951;-0.054935;0.902062;0.024466;0.427397;0.418013;-0.558199;0.658396;-0.283184;0.418013;-0.558199;0.658396;-0.283184;0.495821;0.070850;0.860263;0.095338;0.283184;0.658396;0.558199;0.418013;0.495821;0.070850;0.860263;0.095338;0.418013;-0.558199;0.658396;-0.283184
23533533;1;0.492086;-0.456232;0.665489;-0.326845;0.525643;-0.378703;0.712466;-0.269584;0.503682;-0.432757;0.693608;-0.279166;0.524448;-0.375740;0.726078;-0.237875;0.848852;-0.428076;0.129998;0.281607;0.652844;-0.289866;-0.194124;0.672375;-0.158916;-0.327600;0.119937;0.923601;-0.283277;-0.057248;-0.209663;0.934087;0.283909;0.068992;-0.206097;0.933895;0.283909;0.068992;-0.206097;0.933895;-0.164030;-0.267999;0.400877;0.860563;0.488346;0.861570;-0.093405;-0.102426;0.549723;0.609849;-0.425136;-0.380983;0.645789;0.068798;-0.740219;0.174069;0.243446;0.174610;0.318428;0.899360;0.929043;-0.280085;0.231167;-0.070672;0.929043;-0.280085;0.231167;-0.070672;-0.097914;0.141769;0.757856;0.629261;-0.247044;0.597797;-0.319757;0.692361;0.642081;-0.238935;0.634474;-0.357889;-0.454507;0.523936;-0.513870;0.504829;0.682373;-0.009704;0.729963;-0.037772;0.264737;0.325424;0.874318;0.244093;0.036224;0.823573;0.438205;0.358319;0.285390;0.595192;0.670596;0.338526;-0.035487;0.897395;0.057186;0.436064;0.481731;-0.550320;0.620713;-0.282488;0.481731;-0.550320;0.620713;-0.282488;0.540384;0.049775;0.828045;0.140886;0.282488;0.620713;0.550320;0.481731;0.540384;0.049775;0.828045;0.140886;0.481731;-0.550320;0.620713;-0.282488
23566888;1;0.490328;-0.465952;0.668468;-0.309221;0.519519;-0.394761;0.712829;-0.257174;0.499477;-0.451098;0.690021;-0.266277;0.519222;-0.394311;0.723974;-0.225364;0.848386;-0.434452;0.140109;0.268071;0.653011;-0.275424;-0.186743;0.680327;-0.157205;-0.314092;0.109899;0.929815;-0.336524;-0.054641;-0.210304;0.916263;0.172803;0.059162;-0.209077;0.960690;0.172803;0.059162;-0.209077;0.960690;0.002886;-0.292157;0.405597;0.866099;0.490037;0.864137;-0.055670;-0.100165;0.529159;0.635600;-0.379720;-0.414507;0.657335;0.115934;-0.731255;0.140484;0.271968;0.224513;0.257852;0.899522;0.933079;-0.214957;0.265871;-0.111668;0.933079;-0.214957;0.265871;-0.111668;-0.063989;0.161513;0.713575;0.678697;-0.259841;0.586143;-0.326308;0.694580;0.640913;-0.247102;0.623716;-0.373028;-0.444910;0.534120;-0.502472;0.514095;0.682091;-0.025037;0.729056;-0.051022;0.278030;0.334851;0.866400;0.244797;0.052989;0.816756;0.442318;0.366684;0.285350;0.600483;0.662555;0.344986;-0.040121;0.895516;0.047778;0.440634;0.452702;-0.544841;0.624826;-0.328332;0.452702;-0.544841;0.624826;-0.328332;0.552274;0.056558;0.827079;0.087943;0.328332;0.624826;0.544841;0.452702;0.552274;0.056558;0.827079;0.087943;0.452702;-0.544841;0.624826;-0.328332
23600211;1;0.497088;-0.457957;0.663593;-0.320660;0.523722;-0.396906;0.701816;-0.275017;0.495023;-0.462180;0.679288;-0.282683;0.516098;-0.406217;0.714164;-0.242075;0.835422;-0.453066;0.140246;0.277728;0.667231;-0.259275;-0.175526;0.675847;-0.135382;-0.296520;0.100542;0.940021;-0.364834;-0.065532;-0.235530;0.898403;0.099083;0.052574;-0.238756;0.964580;0.099083;0.052574;-0.238756;0.964580;-0.202408;-0.487317;0.151741;0.835780;0.508363;0.854340;-0.057262;-0.091600;0.522436;0.651858;-0.384445;-0.392867;0.637288;0.127150;-0.746022;0.145421;0.291155;0.209848;0.236739;0.902855;0.939694;-0.196710;0.247764;-0.129979;0.939694;-0.196710;0.247764;-0.129979;-0.006491;0.124989;0.710094;0.692894;-0.273403;0.583301;-0.332433;0.688839;0.636741;-0.259621;0.619183;-0.379171;-0.447188;0.532898;-0.503826;0.512057;0.682271;-0.023199;0.729155;-0.047982;0.268552;0.358360;0.857908;0.251894;0.057762;0.809172;0.457859;0.363688;0.304579;0.585193;0.667534;0.345223;-0.026551;0.888248;0.062003;0.454386;0.474243;-0.554990;0.608036;-0.312046;0.474243;-0.554990;0.608036;-0.312046;0.555990;0.037509;0.822383;0.114690;0.312046;0.608036;0.554990;0.474243;0.555990;0.037509;0.822383;0.114690;0.474243;-0.554990;0.608036;-0.312046
23633555;1;0.490031;-0.476281;0.666247;-0.298563;0.509440;-0.429239;0.697483;-0.264087;0.500864;-0.461363;0.677992;-0.276779;0.521447;-0.405506;0.712807;-0.235721;0.838437;-0.449934;0.152786;0.266907;0.666307;-0.276070;-0.140237;0.678346;-0.146913;-0.277244;0.137901;0.939434;-0.376610;-0.020191;-0.277840;0.883495;0.071379;0.109709;-0.256059;0.957759;0.071379;0.109709;-0.256059;0.957759;-0.101046;-0.442327;0.089559;0.886631;0.504623;0.856877;-0.076015;-0.073071;0.520940;0.653194;-0.379966;-0.396970;0.635239;0.110537;-0.747541;0.159486;0.262819;0.214751;0.293346;0.893732;0.925963;-0.187866;0.311250;0.102089;0.925963;-0.187866;0.311250;0.102089;-0.046451;0.122340;0.743977;0.655266;-0.276723;0.574450;-0.331763;0.695245;0.636543;-0.263628;0.608767;-0.393339;-0.443440;0.537328;-0.500178;0.514257;0.681166;-0.028936;0.729695;-0.052152;0.294548;0.364638;0.847064;0.250526;0.085397;0.799988;0.458758;0.377185;0.293502;0.591918;0.664992;0.348245;-0.036582;0.891199;0.055520;0.448714;0.476707;-0.544345;0.606751;-0.329078;0.476707;-0.544345;0.606751;-0.329078;0.569776;0.044128;0.813948;0.104389;0.329078;0.606751;0.544345;0.476707;0.569776;0.044128;0.813948;0.104389;0.476707;-0.544345;0.606751;-0.329078
23666888;1;0.491235;-0.491289;0.660795;-0.284029;0.511366;-0.439745;0.696161;-0.245945;0.491540;-0.474220;0.681273;-0.263384;0.511079;-0.418060;0.717108;-0.223117;0.838504;-0.451496;0.155944;0.262191;0.647780;-0.281598;-0.171782;0.686713;-0.156708;-0.306906;0.120892;0.930933;-0.425662;-0.018876;-0.076063;0.901482;0.100592;0.023083;-0.074894;0.991836;0.100592;0.023083;-0.074894;0.991836;-0.090516;-0.336953;0.510168;0.786128;0.506505;0.854681;-0.029712;-0.109954;0.511341;0.661331;-0.358184;-0.415783;0.638875;0.107674;-0.744353;0.161817;0.214784;0.297308;0.077450;0.927080;0.950750;-0.021582;0.306472;-0.041029;0.950750;-0.021582;0.306472;-0.041029;-0.067747;0.132078;0.568629;0.809090;-0.283364;0.564533;-0.332882;0.700141;0.633351;-0.272062;0.596261;-0.411488;-0.426982;0.555547;-0.488127;0.520371;0.673825;-0.050445;0.734027;-0.067968;0.327700;0.369130;0.830011;0.259688;0.112968;0.786059;0.455239;0.402624;0.305643;0.581631;0.663295;0.358229;-0.034957;0.882792;0.061551;0.464401;0.492064;-0.546053;0.607445;-0.301180;0.492064;-0.546053;0.607445;-0.301180;0.560908;0.043411;0.815647;0.134975;0.301180;0.607445;0.546053;0.492064;0.560908;0.043411;0.815647;0.134975;0.492064;-0.546053;0.607445;-0.301180
23700222;1;0.488914;-0.496995;0.657311;-0.286184;0.504886;-0.457510;0.685380;-0.256959;0.483155;-0.479119;0.682810;-0.266039;0.502933;-0.422819;0.719033;-0.226436;0.831774;-0.454988;0.170769;0.268282;0.654416;-0.268604;-0.161699;0.688074;-0.153484;-0.291063;0.116521;0.937096;0.518302;0.033047;-0.099245;-0.848777;0.144839;-0.088902;0.055119;0.983911;0.144839;-0.088902;0.055119;0.983911;-0.219694;-0.329653;0.678060;0.619111;0.512847;0.850107;-0.025692;-0.116816;0.494856;0.666810;-0.351541;-0.432321;0.632352;0.069430;-0.750597;0.178647;-0.047483;0.506637;0.230934;0.829297;0.772107;-0.059558;0.553592;0.306333;0.772107;-0.059558;0.553592;0.306333;-0.296442;0.150318;0.654192;0.679382;-0.305567;0.556364;-0.346649;0.690596;0.630345;-0.280793;0.592364;-0.415842;-0.422657;0.559685;-0.482439;0.524754;0.673839;-0.057424;0.732908;-0.074085;0.320766;0.389537;0.820613;0.268262;0.120178;0.776992;0.470520;0.400564;0.317139;0.567326;0.670875;0.357058;-0.025880;0.878017;0.076955;0.471693;0.521082;-0.523695;0.600524;-0.305922;0.521082;-0.523695;0.600524;-0.305922;0.584780;0.054326;0.794943;0.152141;0.305922;0.600524;0.523696;0.521082;0.584780;0.054326;0.794943;0.152141;0.521082;-0.523695;0.600524;-0.305922
23733533;1;0.491260;-0.490360;0.654362;-0.300033;0.507135;-0.453336;0.680536;-0.272343;0.488945;-0.493691;0.666045;-0.271266;0.509124;-0.438689;0.703491;-0.231182;0.826581;-0.472451;0.148849;0.267205;0.642880;-0.301064;-0.171542;0.683110;-0.168773;-0.316663;0.140679;0.922740;-0.427617;0.018052;0.093811;0.898898;0.207983;-0.042789;0.085414;0.973456;0.207983;-0.042789;0.085414;0.973456;-0.305705;-0.384686;0.536381;0.686190;0.525579;0.843892;-0.015034;-0.106712;0.496243;0.657774;-0.335708;-0.456483;0.655642;0.088126;-0.733212;0.157378;-0.013545;0.488110;0.202832;0.848778;0.783630;-0.007998;0.528515;0.326392;0.783630;-0.007998;0.528515;0.326392;-0.311676;0.201153;0.627981;0.684131;-0.329589;0.541071;-0.358999;0.685370;0.625904;-0.292126;0.579941;-0.431944;-0.419598;0.559164;-0.478832;0.531030;0.676076;-0.059633;0.729969;-0.080681;0.297716;0.416812;0.816655;0.265909;0.118695;0.777449;0.486002;0.381165;0.301227;0.569376;0.684207;0.341956;-0.026496;0.888732;0.084978;0.449702;0.476540;-0.567031;0.606244;-0.289574;0.476540;-0.567031;0.606244;-0.289574;0.541725;0.027728;0.829631;0.132205;0.289574;0.606244;0.567031;0.476540;0.541725;0.027728;0.829631;0.132205;0.476540;-0.567031;0.606244;-0.289574
23766888;1;0.492072;-0.496834;0.653571;-0.289597;0.501297;-0.475151;0.669500;-0.273318;0.484299;-0.488295;0.672465;-0.273522;0.504674;-0.432795;0.709457;-0.233804;0.830006;-0.470786;0.156651;0.254776;0.693207;-0.220848;-0.092145;0.679852;-0.124717;-0.206632;0.120697;0.962902;0.540427;0.156463;0.288358;-0.774795;0.010793;0.040360;-0.325580;0.944591;0.010793;0.040360;-0.325580;0.944591;-0.117239;-0.569653;0.014857;0.813345;0.525718;0.841313;-0.021183;-0.123951;0.484757;0.668107;-0.354321;-0.439432;0.620326;0.017527;-0.756044;0.208053;-0.170115;0.560160;0.140308;0.798495;0.697921;0.052006;0.575119;0.423604;0.697921;0.052006;0.575119;0.423604;-0.322601;0.148057;0.686697;0.634393;-0.349087;0.535494;-0.379813;0.668675;0.607091;-0.314596;0.576254;-0.447662;-0.421506;0.548689;-0.495692;0.524941;0.673163;-0.040288;0.734564;-0.075127;0.297087;0.443943;0.797172;0.281370;0.136201;0.758628;0.506977;0.385886;0.313999;0.568186;0.671279;0.357707;-0.028568;0.878901;0.076651;0.469937;0.515150;-0.529914;0.589657;-0.325755;0.515150;-0.529914;0.589657;-0.325755;0.594609;0.042245;0.791657;0.133923;0.325755;0.589657;0.529914;0.515150;0.594609;0.042245;0.791657;0.133923;0.515150;-0.529914;0.589657;-0.325755
23800211;1;0.499096;-0.485382;0.648867;-0.307051;0.506352;-0.469599;0.660379;-0.294930;0.483517;-0.497927;0.662642;-0.281400;0.504526;-0.443184;0.700438;-0.241719;0.824327;-0.482641;0.131650;0.264973;0.699222;-0.215951;-0.085002;0.676187;-0.154642;-0.193254;0.128503;0.960326;0.509359;0.189316;0.434183;-0.718469;0.007956;0.100854;-0.462800;0.880671;0.007956;0.100854;-0.462800;0.880671;-0.062426;-0.479833;0.009236;0.875087;0.538426;0.833935;-0.021486;-0.119112;0.454604;0.690255;-0.297769;-0.477721;0.622718;0.013512;-0.751622;0.217035;-0.435699;0.453627;0.224424;0.744327;0.597951;-0.092734;0.497538;0.621539;0.597951;-0.092734;0.497538;0.621539;0.534678;-0.039935;-0.719966;-0.440652;-0.371962;0.531652;-0.410286;0.640824;0.587173;-0.336443;0.581220;-0.451905;-0.406563;0.554190;-0.491369;0.534917;0.669599;-0.047337;0.735394;-0.092696;0.263215;0.478406;0.789512;0.280208;0.127838;0.756378;0.529220;0.362595;0.314367;0.564318;0.677844;0.351065;-0.023586;0.880752;0.084006;0.465470;0.503552;-0.523987;0.602524;-0.329906;0.503552;-0.523987;0.602524;-0.329906;0.589344;0.055534;0.796563;0.122787;0.329906;0.602524;0.523987;0.503553;0.589344;0.055534;0.796563;0.122787;0.503552;-0.523987;0.602524;-0.329906
23833555;1;0.495303;-0.488772;0.651845;-0.301456;0.499654;-0.479198;0.658915;-0.294188;0.497102;-0.486715;0.652250;-0.300946;0.519635;-0.432841;0.689181;-0.260112;0.828417;-0.492656;0.121862;0.236993;0.677875;-0.238926;-0.124856;0.683967;-0.127775;-0.244763;0.112984;0.954463;0.544542;0.061054;0.538893;-0.639798;-0.025338;0.289078;-0.458876;0.839777;-0.025338;0.289078;-0.458876;0.839777;-0.247473;-0.460758;-0.210690;0.825875;0.536567;0.838932;-0.041896;-0.080831;0.470465;0.668097;-0.382270;-0.431485;0.606208;-0.007621;-0.769692;0.200071;-0.166840;0.558863;0.228088;0.779624;0.673763;-0.020661;0.603262;0.426253;0.673763;-0.020661;0.603262;0.426253;-0.356555;0.119284;0.687925;0.620806;-0.391597;0.525955;-0.437091;0.615609;0.562771;-0.365080;0.578284;-0.464320;-0.416070;0.538629;-0.516714;0.519395;0.665442;-0.018335;0.742431;-0.075147;0.270720;0.503902;0.758907;0.311212;0.156259;0.721363;0.556309;0.381758;0.307223;0.562939;0.669064;0.375589;-0.045959;0.873662;0.078875;0.477892;0.496869;-0.520557;0.612904;-0.326330;0.496869;-0.520557;0.612904;-0.326330;0.582090;0.065299;0.801477;0.120589;0.326330;0.612904;0.520557;0.496869;0.582090;0.065299;0.801477;0.120589;0.496869;-0.520557;0.612904;-0.326330
23866888;1;0.504385;-0.484943;0.643388;-0.310608;0.503725;-0.486307;0.642358;-0.311678;0.501498;-0.473826;0.650752;-0.317034;0.525307;-0.420114;0.686654;-0.275796;0.831027;-0.495379;0.113585;0.226036;0.668250;-0.274571;-0.161517;0.672283;-0.126408;-0.295307;0.119461;0.939438;0.448722;-0.080613;0.630500;-0.628187;-0.010602;0.425633;-0.472086;0.771919;-0.010602;0.425633;-0.472086;0.771919;-0.222182;-0.304925;-0.294868;0.877900;0.542415;0.831083;-0.079442;-0.093683;0.493263;0.650090;-0.404668;-0.412697;0.590520;-0.068834;-0.762650;0.254780;-0.122071;0.609181;0.178461;0.762987;0.706637;-0.017224;0.634550;0.312592;0.706637;-0.017224;0.634550;0.312592;-0.319497;0.131803;0.512646;0.785967;-0.407684;0.518808;-0.460969;0.593414;0.546127;-0.383441;0.578481;-0.469125;0.435710;-0.513696;0.548226;-0.495704;0.662703;0.021735;0.747229;-0.044725;0.258734;0.535188;0.731961;0.332964;0.172500;0.693518;0.584140;0.384781;0.304561;0.570338;0.646693;0.404655;-0.068441;0.863270;0.057915;0.496716;0.505538;-0.519457;0.588706;-0.357800;0.505538;-0.519457;0.588706;-0.357800;0.610472;0.048966;0.783590;0.104467;0.357799;0.588706;0.519457;0.505538;0.610472;0.048966;0.783590;0.104467;0.505538;-0.519457;0.588706;-0.357800
23900222;1;0.503124;-0.485474;0.639253;-0.320212;0.501274;-0.489144;0.636449;-0.323102;0.489792;-0.487181;0.633349;-0.348750;0.516182;-0.434822;0.670378;-0.308349;0.809428;-0.526846;0.104524;0.237350;0.649546;-0.297425;-0.176458;0.677119;-0.135332;-0.321939;0.126310;0.928486;0.385200;-0.111083;0.717615;-0.569482;0.035745;0.521070;-0.505763;0.686594;0.035745;0.521070;-0.505763;0.686594;-0.266645;-0.270240;-0.349860;0.856428;0.575193;0.806515;-0.097778;-0.095533;0.525359;0.615049;-0.447834;-0.380994;0.570824;-0.137558;-0.748277;0.308738;-0.373224;0.539359;0.167050;0.736132;0.665737;-0.077228;0.559330;0.487832;0.665737;-0.077228;0.559330;0.487832;-0.462374;0.018157;0.671868;0.578338;-0.429705;0.505909;-0.484007;0.570217;0.530920;-0.403966;0.571862;-0.477398;0.432069;-0.515744;0.549949;-0.494853;0.659536;0.021485;0.749914;-0.046686;0.235991;0.558598;0.719398;0.338738;0.170676;0.679942;0.606008;0.375903;0.303763;0.566883;0.640993;0.418927;-0.079067;0.856859;0.056363;0.506324;0.537441;-0.488599;0.600850;-0.333778;0.537441;-0.488599;0.600850;-0.333778;0.616045;0.079374;0.770357;0.144011;0.333778;0.600850;0.488599;0.537441;0.616045;0.079374;0.770357;0.144011;0.537441;-0.488599;0.600850;-0.333778
23933555;1;0.507975;-0.477253;0.637028;-0.329220;0.499768;-0.492696;0.625161;-0.341550;0.487384;-0.493170;0.616968;-0.372277;0.515669;-0.442105;0.654530;-0.331993;0.796849;-0.549840;0.091198;0.233217;0.655917;-0.300387;-0.167536;0.671917;-0.123712;-0.317235;0.132901;0.930803;0.365993;-0.149341;0.761840;-0.513173;0.025862;0.585366;-0.509950;0.629784;0.025862;0.585366;-0.509950;0.629784;-0.282187;-0.215957;-0.397365;0.846070;0.591578;0.795735;-0.096338;-0.086948;0.525384;0.617053;-0.487206;-0.325342;0.575683;-0.018907;-0.785981;0.224643;-0.170638;0.635795;0.104236;0.745508;0.606661;0.170092;0.621425;0.465684;0.606661;0.170092;0.621425;0.465684;-0.204287;0.067419;0.878931;0.425677;-0.451147;0.489644;-0.502514;0.551539;0.521268;-0.417636;0.563786;-0.485805;0.426391;-0.520864;0.549242;-0.495201;0.655771;0.017330;0.753042;-0.050912;0.244829;0.573432;0.685845;0.375302;0.194610;0.656927;0.606352;0.403622;0.304308;0.555683;0.643245;0.429941;-0.086381;0.850541;0.065893;0.514565;0.560927;-0.472115;0.613000;-0.294446;0.560927;-0.472115;0.613000;-0.294446;0.604841;0.099621;0.767292;0.188431;0.294446;0.613000;0.472115;0.560927;0.604841;0.099621;0.767292;0.188431;0.560927;-0.472115;0.613000;-0.294446
23966888;1;0.500706;-0.482874;0.639093;-0.328156;0.485014;-0.511878;0.616107;-0.350933;0.481789;-0.506428;0.613006;-0.368284;0.509772;-0.455638;0.651644;-0.328462;0.789412;-0.555197;0.086903;0.247048;0.654387;-0.312404;-0.172483;0.666656;-0.131634;-0.326849;0.143237;0.924838;0.362320;-0.173346;0.750848;-0.524312;-0.009151;0.561956;-0.527283;0.637255;-0.009151;0.561956;-0.527283;0.637255;-0.279152;-0.201719;-0.398186;0.850195;0.596812;0.794182;-0.063198;-0.095373;0.536144;0.612443;-0.481941;-0.324339;0.584341;-0.007317;-0.779294;0.226258;-0.188731;0.638984;0.164519;0.727333;0.559663;0.146998;0.643241;0.501408;0.559663;0.146998;0.643241;0.501408;-0.231817;0.030283;0.889865;0.391770;-0.477585;0.463539;-0.512034;0.543015;0.517056;-0.423806;0.545376;-0.505576;0.418644;-0.524963;0.547287;-0.499628;0.653403;0.012996;0.754557;-0.059488;0.246267;0.590677;0.661117;0.391635;0.212534;0.644240;0.609051;0.410903;0.299964;0.553673;0.652920;0.420909;-0.083056;0.855871;0.074158;0.505061;0.557304;-0.493820;0.599204;-0.294125;0.557304;-0.493820;0.599204;-0.294125;0.602051;0.074518;0.772884;0.186096;0.294125;0.599204;0.493820;0.557304;0.602051;0.074518;0.772884;0.186096;0.557304;-0.493820;0.599204;-0.294125
24000200;1;0.504870;-0.484205;0.630704;-0.335952;0.484828;-0.519487;0.601977;-0.364280;0.483229;-0.502699;0.607212;-0.380890;0.512217;-0.452386;0.645569;-0.340911;0.785045;-0.562381;0.079364;0.247250;0.653495;-0.325004;-0.176850;0.660334;-0.131515;-0.337257;0.152187;0.919674;0.311194;-0.188600;0.778086;-0.512025;0.014528;0.578864;-0.553086;0.599000;0.014528;0.578864;-0.553086;0.599000;-0.253342;-0.204421;-0.442119;0.835799;0.602848;0.787377;-0.080254;-0.100850;0.530069;0.619554;-0.493996;-0.301907;0.562606;-0.013408;-0.792275;0.235788;-0.149156;0.614738;0.124145;0.764485;0.498880;0.291662;0.555201;0.598167;0.498880;0.291662;0.555201;0.598167;-0.199795;0.103672;0.867805;0.442999;-0.491649;0.449295;-0.517908;0.536830;0.512601;-0.428422;0.535299;-0.516866;0.408807;-0.531718;0.541946;-0.506406;0.651208;0.004373;0.755541;-0.071181;0.244317;0.597153;0.649011;0.403116;0.218690;0.636647;0.610332;0.417554;0.316306;0.538038;0.651807;0.430828;-0.078378;0.844097;0.084352;0.523680;0.549726;-0.499388;0.603685;-0.289789;0.549726;-0.499388;0.603685;-0.289789;0.593626;0.073750;0.779990;0.183803;0.289789;0.603685;0.499388;0.549726;0.593626;0.073750;0.779990;0.183803;0.549726;-0.499388;0.603685;-0.289789
24033555;1;0.514222;-0.476438;0.618799;-0.354499;0.493782;-0.510005;0.591439;-0.382457;0.484189;-0.505519;0.598024;-0.390357;0.513933;-0.455934;0.636637;-0.350271;0.777286;-0.571916;0.073425;0.251689;0.649774;-0.329243;-0.168805;0.664001;-0.129318;-0.334682;0.157748;0.919990;0.314094;-0.215532;0.777395;-0.500548;-0.018887;0.578079;-0.562691;0.590632;-0.018887;0.578079;-0.562691;0.590632;-0.251538;-0.185148;-0.464002;0.828946;0.613571;0.776563;-0.105519;-0.096678;0.531250;0.617759;-0.492194;-0.306419;0.565598;-0.017442;-0.789669;0.237102;-0.139009;0.613234;0.121317;0.768051;0.520030;0.281582;0.558109;0.582061;0.520030;0.281582;0.558109;0.582061;-0.178355;0.105692;0.895622;0.393547;-0.498585;0.442082;-0.510028;0.543920;0.519988;-0.421351;0.527280;-0.523500;0.410347;-0.530379;0.540528;-0.508077;0.653467;0.004323;0.753579;-0.071280;0.234188;0.604728;0.644448;0.405151;0.215116;0.634174;0.615509;0.415569;0.319611;0.532759;0.650263;0.437234;-0.080527;0.839302;0.086987;0.530585;0.558881;-0.479233;0.616531;-0.279064;0.558881;-0.479233;0.616531;-0.279064;0.592517;0.097084;0.774823;0.197860;0.279064;0.616531;0.479233;0.558881;0.592517;0.097084;0.774823;0.197860;0.558881;-0.479233;0.616531;-0.279064
24066877;1;0.511907;-0.475049;0.618343;-0.360461;0.489347;-0.511309;0.588713;-0.390538;0.479281;-0.509635;0.601818;-0.385198;0.508628;-0.459732;0.640749;-0.345522;0.778251;-0.570241;0.076702;0.251530;0.652058;-0.326495;-0.170519;0.662680;-0.134454;-0.333078;0.157273;0.919916;0.335955;-0.174778;0.746986;-0.546442;0.018207;0.555361;-0.529253;0.641197;0.018207;0.555361;-0.529253;0.641197;-0.255804;-0.207012;-0.394993;0.857724;0.612421;0.777508;-0.083992;-0.115616;0.531895;0.623164;-0.494192;-0.290738;0.558913;0.002075;-0.795333;0.234641;-0.090743;0.559945;0.051169;0.821955;0.602880;0.295233;0.478533;0.566021;0.602880;0.295233;0.478533;0.566021;-0.082511;0.148999;0.893136;0.416292;-0.495194;0.448619;-0.513288;0.538572;0.517873;-0.426225;0.532026;-0.516806;0.412653;-0.531305;0.540755;-0.504991;0.652933;0.003848;0.754396;-0.067464;0.241421;0.596758;0.649448;0.404739;0.213834;0.638989;0.607958;0.419947;0.316638;0.533220;0.656684;0.429165;-0.076931;0.844105;0.091199;0.522734;0.555882;-0.481771;0.615563;-0.282797;0.555882;-0.481771;0.615563;-0.282797;0.593036;0.094606;0.775932;0.193100;0.282797;0.615563;0.481771;0.555882;0.593036;0.094606;0.775932;0.193100;0.555882;-0.481771;0.615563;-0.282797
24100222;1;0.514841;-0.474189;0.614701;-0.363629;0.488759;-0.515131;0.580821;-0.397997;0.484514;-0.493624;0.609846;-0.386872;0.513978;-0.443129;0.647467;-0.346771;0.787417;-0.560649;0.075947;0.244702;0.648188;-0.334165;-0.179257;0.660343;-0.136615;-0.344382;0.158744;0.915171;0.309605;-0.183605;0.774926;-0.519541;-0.001230;0.553257;-0.572825;0.604795;-0.001230;0.553257;-0.572825;0.604795;-0.242563;-0.189301;-0.426136;0.850727;0.602039;0.782953;-0.104928;-0.116292;0.507256;0.644495;-0.491861;-0.292215;0.529900;-0.034607;-0.810002;0.248806;-0.191289;0.643145;0.065601;0.738559;0.497198;0.313280;0.565504;0.578667;0.497198;0.313280;0.565504;0.578667;-0.219890;0.099359;0.893211;0.379409;-0.493206;0.451819;-0.501683;0.548563;0.526567;-0.419609;0.528916;-0.516627;0.419224;-0.528376;0.534319;-0.509484;0.660723;0.001399;0.747721;-0.066006;0.251755;0.591600;0.648780;0.407080;0.220232;0.639155;0.601999;0.424943;0.314302;0.534538;0.662159;0.420749;-0.072645;0.848852;0.094133;0.515085;0.556687;-0.500212;0.594443;-0.294151;0.556687;-0.500212;0.594443;-0.294151;0.601634;0.066631;0.774038;0.185641;0.294151;0.594443;0.500212;0.556687;0.601634;0.066631;0.774038;0.185641;0.556687;-0.500212;0.594443;-0.294151
24133544;1;0.513964;-0.476072;0.615142;-0.361658;0.490787;-0.512946;0.584748;-0.392535;0.487894;-0.486197;0.611145;-0.389967;0.517595;-0.435622;0.648166;-0.349585;0.792075;-0.558805;0.074832;0.233998;0.648358;-0.341896;-0.189077;0.653444;-0.134930;-0.356190;0.160536;0.910577;0.291618;-0.176312;0.769185;-0.540580;0.031908;0.550481;-0.565423;0.613392;0.031908;0.550481;-0.565423;0.613392;-0.231599;-0.169982;-0.389531;0.875062;0.596461;0.787682;-0.103968;-0.113940;0.501819;0.641056;-0.494801;-0.303969;0.538135;-0.033126;-0.809125;0.233730;-0.171013;0.623733;0.082279;0.758249;0.460124;0.347058;0.524751;0.626477;0.460124;0.347058;0.524751;0.626477;-0.203040;0.136359;0.900420;0.359758;-0.486248;0.457419;-0.493783;0.557233;0.533224;-0.412442;0.531926;-0.512463;0.427177;-0.522208;0.535736;-0.507746;0.665121;0.006811;0.744354;-0.059198;0.273166;0.576778;0.650357;0.411999;0.227719;0.642937;0.585047;0.438743;0.318465;0.541941;0.649818;0.427336;-0.074411;0.845462;0.080168;0.522714;0.564867;-0.492003;0.584193;-0.312373;0.564867;-0.492003;0.584193;-0.312373;0.620302;0.065188;0.760985;0.178541;0.312373;0.584193;0.492003;0.564867;0.620302;0.065188;0.760985;0.178541;0.564867;-0.492003;0.584193;-0.312373
24166888;1;0.504416;-0.477337;0.623065;-0.359865;0.481175;-0.514988;0.592325;-0.390397;0.493059;-0.479057;0.616264;-0.384207;0.522282;-0.428094;0.652696;-0.343430;0.800334;-0.550056;0.072178;0.227362;0.645298;-0.351511;-0.202436;0.647340;-0.133398;-0.372376;0.160862;0.904248;0.288405;-0.180666;0.763870;-0.548347;0.021377;0.535594;-0.573827;0.619197;0.021377;0.535594;-0.573827;0.619197;-0.223511;-0.147707;-0.371482;0.888947;0.586357;0.795396;-0.100076;-0.116256;0.487005;0.645215;-0.509411;-0.294998;0.525992;-0.028833;-0.821566;0.218015;-0.143367;0.611259;0.068330;0.775332;0.495163;0.346097;0.508452;0.613602;0.495163;0.346097;0.508452;0.613602;-0.190008;0.167106;0.873868;0.415124;-0.476610;0.469685;-0.495974;0.553398;0.529565;-0.417800;0.540405;-0.502957;0.434377;-0.517248;0.537284;-0.505072;0.668330;0.011460;0.741938;-0.052252;0.278195;0.568511;0.659248;0.405949;0.224457;0.647697;0.581645;0.437947;0.313052;0.548264;0.648567;0.425165;-0.076756;0.849039;0.074840;0.517340;0.561950;-0.492791;0.586238;-0.312561;0.561950;-0.492791;0.586238;-0.312561;0.618372;0.066077;0.762989;0.176344;0.312561;0.586238;0.492791;0.561950;0.618372;0.066077;0.762989;0.176344;0.561950;-0.492791;0.586238;-0.312561
24200222;1;0.503777;-0.477327;0.628014;-0.352087;0.483340;-0.511635;0.600394;-0.379656;0.494130;-0.474075;0.621749;-0.380154;0.523025;-0.422688;0.657764;-0.339304;0.806284;-0.543640;0.076240;0.220338;0.651619;-0.346829;-0.205494;0.642554;-0.116330;-0.373627;0.151395;0.907717;0.325488;-0.182814;0.716707;-0.589040;0.061248;0.553585;-0.490544;0.670193;0.061248;0.553585;-0.490544;0.670193;-0.233982;-0.200721;-0.361245;0.880037;0.578180;0.802789;-0.088353;-0.115891;0.484290;0.642421;-0.522321;-0.282737;0.519451;-0.022035;-0.827670;0.211297;-0.152566;0.592743;0.117174;0.782080;0.483742;0.305754;0.521142;0.633182;0.483742;0.305754;0.521142;0.633182;-0.213092;0.173193;0.865608;0.418710;-0.461488;0.483182;-0.486263;0.563128;0.532610;-0.413930;0.546426;-0.496394;0.440968;-0.511581;0.543138;-0.498831;0.668609;0.019658;0.742097;-0.043226;0.277057;0.563083;0.673892;0.389932;0.216212;0.656895;0.582827;0.426679;0.306985;0.555710;0.650387;0.417066;-0.075384;0.855547;0.070880;0.507279;0.553772;-0.491358;0.585664;-0.330003;0.553772;-0.491358;0.585664;-0.330003;0.624923;0.066684;0.761569;0.158228;0.330003;0.585664;0.491358;0.553772;0.624923;0.066684;0.761569;0.158228;0.553772;-0.491358;0.585664;-0.330003
24233555;1;0.498922;-0.480084;0.635707;-0.341280;0.485430;-0.504174;0.616776;-0.360213;0.498164;-0.466998;0.628698;-0.372136;0.526402;-0.415077;0.664123;-0.330988;0.815796;-0.533198;0.070367;0.212664;0.668403;-0.329238;-0.203476;0.635167;-0.105169;-0.360620;0.140548;0.916045;0.359825;-0.127821;0.723300;-0.575348;0.089585;0.559603;-0.475757;0.672662;0.089585;0.559603;-0.475757;0.672662;-0.256416;-0.232146;-0.335192;0.876359;0.568737;0.808570;-0.094957;-0.117204;0.464980;0.656037;-0.518366;-0.291042;0.510827;-0.025258;-0.835733;0.199920;-0.232108;0.572316;0.166853;0.768596;0.359891;0.300871;0.514648;0.717700;0.359891;0.300871;0.514648;0.717700;-0.287927;0.199508;0.867963;0.352043;-0.438247;0.506301;-0.484759;0.562679;0.530234;-0.413393;0.566078;-0.476983;0.441225;-0.512550;0.547789;-0.492483;0.664339;0.022275;0.746104;-0.038556;0.280905;0.552045;0.686314;0.381198;0.210917;0.662349;0.580582;0.423948;0.304407;0.561267;0.646241;0.417957;-0.077882;0.856566;0.064038;0.506091;0.545153;-0.496036;0.577291;-0.351415;0.545153;-0.496036;0.577291;-0.351415;0.633969;0.057456;0.758956;0.136993;0.351415;0.577291;0.496036;0.545153;0.633969;0.057456;0.758956;0.136993;0.545153;-0.496036;0.577291;-0.351415
24266866;1;0.491249;-0.486595;0.640918;-0.333353;0.481788;-0.504232;0.627137;-0.346887;0.496680;-0.459604;0.640662;-0.362801;0.524175;-0.406747;0.675456;-0.321802;0.821060;-0.519085;0.088334;0.220473;0.678065;-0.321471;-0.215745;0.624771;-0.096135;-0.365036;0.128987;0.916989;0.365239;-0.103496;0.709048;-0.594255;0.143322;0.562630;-0.443744;0.682640;0.143322;0.562630;-0.443744;0.682640;-0.248413;-0.287430;-0.341563;0.859657;0.559498;0.813789;-0.104251;-0.117644;0.462990;0.652008;-0.523423;-0.294202;0.514897;-0.019936;-0.835876;0.189198;-0.279310;0.551166;0.190372;0.762864;0.350242;0.249170;0.527200;0.733011;0.350242;0.249170;0.527200;0.733011;-0.294378;0.160402;0.882903;0.328777;-0.417219;0.526036;-0.471936;0.571393;0.535380;-0.406064;0.578412;-0.462514;0.446695;-0.508981;0.548434;-0.490532;0.666833;0.025291;0.744032;-0.033334;0.273566;0.539084;0.714453;0.352287;0.191903;0.679568;0.582441;0.402644;0.307879;0.565698;0.644486;0.412110;-0.071325;0.858466;0.059633;0.504374;0.533361;-0.504162;0.593742;-0.329873;0.533361;-0.504162;0.593742;-0.329873;0.610399;0.063343;0.776336;0.143888;0.329873;0.593742;0.504162;0.533361;0.610399;0.063343;0.776336;0.143888;0.533361;-0.504162;0.593742;-0.329873
24300222;1;0.488543;-0.484698;0.650376;-0.321565;0.483809;-0.494116;0.643250;-0.328645;0.502124;-0.450062;0.646243;-0.357332;0.529162;-0.396788;0.680254;-0.315914;0.830269;-0.509032;0.098458;0.204563;0.693789;-0.308337;-0.206137;0.617327;-0.091218;-0.348061;0.128131;0.924183;0.411635;-0.088985;0.703529;-0.572438;0.083047;0.540774;-0.458731;0.700166;0.083047;0.540774;-0.458731;0.700166;-0.279991;-0.276284;-0.313763;0.864190;0.545770;0.825135;-0.092973;-0.112445;0.457150;0.644427;-0.532284;-0.303975;0.518794;-0.033078;-0.835176;0.179554;-0.247490;0.565398;0.190020;0.763522;0.347548;0.278233;0.527607;0.723483;0.347548;0.278233;0.527607;0.723483;-0.300494;0.159739;0.866296;0.365676;-0.404256;0.533300;-0.458089;0.585084;0.535284;-0.404880;0.574752;-0.468190;0.438549;-0.515735;0.542523;-0.497353;0.665865;0.016274;0.744604;-0.043864;0.292508;0.516959;0.728668;0.340934;0.192645;0.690426;0.567013;0.405828;0.301934;0.573866;0.647961;0.399574;-0.066737;0.866636;0.056321;0.491239;0.521056;-0.502975;0.603263;-0.334054;0.521056;-0.502975;0.603263;-0.334054;0.604654;0.070914;0.782228;0.132230;0.334054;0.603263;0.502975;0.521056;0.604654;0.070914;0.782228;0.132230;0.521056;-0.502975;0.603263;-0.334054
24333544;1;0.488825;-0.477047;0.659316;-0.314292;0.486992;-0.480867;0.656535;-0.317124;0.503321;-0.452493;0.648459;-0.348454;0.529643;-0.399033;0.682657;-0.306969;0.834952;-0.505340;0.103943;0.191525;0.682824;-0.324821;-0.224009;0.614868;-0.089307;-0.373114;0.128354;0.914514;0.341509;-0.104499;0.728576;-0.584490;0.105182;0.541774;-0.498221;0.668725;0.105182;0.541774;-0.498221;0.668725;-0.211108;-0.270081;-0.364295;0.865898;0.538145;0.833795;-0.064625;-0.104926;0.451759;0.645851;-0.528301;-0.315736;0.525049;-0.028233;-0.833923;0.167628;-0.299735;0.582388;0.198969;0.728969;0.284332;0.285516;0.545201;0.735113;0.284332;0.285516;0.545201;0.735113;-0.355273;0.125160;0.855239;0.355924;-0.380785;0.552146;-0.446417;0.592326;0.539468;-0.394787;0.590182;-0.452551;0.435317;-0.519102;0.541909;-0.497359;0.663588;0.013440;0.746554;-0.046129;0.301610;0.496175;0.746237;0.325534;0.185271;0.704007;0.554451;0.403277;0.308586;0.570538;0.653464;0.390186;-0.055366;0.868138;0.062504;0.489249;0.515379;-0.498783;0.611652;-0.333889;0.515379;-0.498783;0.611652;-0.333889;0.600523;0.079810;0.785196;0.128332;0.333889;0.611652;0.498783;0.515379;0.600523;0.079810;0.785196;0.128332;0.515379;-0.498783;0.611652;-0.333889
24366888;1;0.490323;-0.483781;0.657139;-0.306117;0.492793;-0.478429;0.661046;-0.302125;0.506751;-0.437745;0.658785;-0.342907;0.532618;-0.383505;0.691768;-0.301164;0.838732;-0.487092;0.120782;0.211381;0.691359;-0.316507;-0.224652;0.609407;-0.100109;-0.365926;0.129398;0.916151;0.343975;-0.099635;0.734277;-0.576707;0.099116;0.542196;-0.505088;0.664143;0.099116;0.542196;-0.505088;0.664143;-0.204326;-0.258357;-0.362926;0.871658;0.527702;0.837025;-0.098428;-0.105980;0.405047;0.683922;-0.538469;-0.279711;-0.446071;0.118974;0.862290;-0.208139;-0.334925;0.632787;0.155306;0.680651;0.163016;0.397559;0.516223;0.740869;0.163016;0.397559;0.516223;0.740869;0.526797;-0.167723;-0.681146;-0.479994;-0.356739;0.563193;-0.421701;0.614588;0.554097;-0.373653;0.596176;-0.444899;-0.420325;0.537813;-0.530563;0.502581;0.656662;-0.007912;0.751731;-0.060280;0.315697;0.465554;0.768926;0.303889;0.173161;0.727441;0.528005;0.402560;0.303286;0.573159;0.665108;0.370320;-0.045103;0.878094;0.068865;0.471353;0.520250;-0.502734;0.607238;-0.328420;0.520250;-0.502734;0.607238;-0.328420;0.600100;0.073895;0.784869;0.135644;0.328420;0.607238;0.502734;0.520250;0.600100;0.073895;0.784869;0.135644;0.520250;-0.502734;0.607238;-0.328420
24400211;1;0.487458;-0.479657;0.664712;-0.300785;0.497057;-0.457607;0.680080;-0.284643;0.512962;-0.430343;0.665218;-0.330393;0.537806;-0.375611;0.697586;-0.288193;0.849737;-0.474146;0.122704;0.195130;0.693486;-0.329949;-0.212268;0.604279;-0.104975;-0.361859;0.151597;0.913814;0.273083;-0.090092;0.789362;-0.542417;0.103696;0.542508;-0.580426;0.598363;0.103696;0.542508;-0.580426;0.598363;-0.175164;-0.267277;-0.411333;0.853631;0.508935;0.851921;-0.069487;-0.101918;0.389525;0.685614;-0.553990;-0.267018;-0.431318;0.113570;0.874113;-0.192336;-0.313297;0.683217;0.189316;0.631838;0.140137;0.423459;0.568602;0.691185;0.140137;0.423459;0.568602;0.691185;0.544217;-0.198552;-0.696045;-0.424178;-0.333546;0.573717;-0.389430;0.638702;0.571068;-0.357010;0.594458;-0.439370;0.434688;-0.528776;0.531099;-0.499376;0.664558;-0.001052;0.745697;-0.047922;0.327201;0.430597;0.791683;0.284189;0.163785;0.741616;0.512003;0.401289;0.302600;0.590074;0.647898;0.374799;-0.048885;0.877999;0.044756;0.474051;0.501745;-0.548052;0.589569;-0.316701;0.501745;-0.548052;0.589569;-0.316701;0.578729;0.029357;0.804419;0.130846;0.316701;0.589569;0.548052;0.501745;0.578729;0.029357;0.804419;0.130846;0.501745;-0.548052;0.589569;-0.316701
24433555;1;0.488627;-0.478604;0.666671;-0.296197;0.498948;-0.454356;0.683426;-0.278460;0.520323;-0.420025;0.670229;-0.321927;0.544463;-0.364924;0.701754;-0.279164;0.857398;-0.460329;0.135017;0.186377;0.693649;-0.331898;-0.211653;0.603239;-0.099069;-0.363285;0.151583;0.913910;0.275949;-0.118166;0.738743;-0.603447;0.128760;0.527632;-0.530385;0.650935;0.128760;0.527632;-0.530385;0.650935;-0.167823;-0.257841;-0.368376;0.877298;0.494612;0.860866;-0.071153;-0.095945;0.390791;0.677341;-0.560832;-0.271957;-0.439463;0.108471;0.872672;-0.183168;-0.336465;0.682842;0.223203;0.608850;0.141261;0.372752;0.614124;0.681141;0.141261;0.372752;0.614124;0.681141;0.569654;-0.188405;-0.708738;-0.371064;-0.307492;0.578889;-0.364440;0.661453;0.585409;-0.335497;0.596157;-0.435126;0.438252;-0.523049;0.523286;-0.510418;0.674815;-0.002526;0.736060;-0.053234;0.346099;0.402032;0.802273;0.273759;0.158887;0.754165;0.486277;0.411734;0.314379;0.589859;0.641450;0.376529;-0.041767;0.873362;0.040287;0.483602;0.506132;-0.535535;0.594060;-0.322685;0.506132;-0.535535;0.594060;-0.322685;0.586062;0.041383;0.798744;0.129717;0.322685;0.594060;0.535535;0.506132;0.586062;0.041383;0.798744;0.129717;0.506132;-0.535535;0.594060;-0.322685
24466877;1;0.501223;-0.476872;0.656765;-0.300047;0.517372;-0.439010;0.682654;-0.271254;0.526103;-0.412261;0.673064;-0.316610;0.549798;-0.356958;0.703957;-0.273400;0.860378;-0.449659;0.128251;0.202753;0.692095;-0.332838;-0.214628;0.603455;-0.108025;-0.364947;0.153819;0.911857;0.318349;-0.112995;0.708521;-0.619583;0.109604;0.510058;-0.504591;0.687907;0.109604;0.510058;-0.504591;0.687907;-0.198626;-0.252532;-0.323436;0.890036;0.491689;0.857713;-0.111292;-0.100922;0.368667;0.709522;-0.542249;-0.258125;-0.408889;0.110096;0.886191;-0.188025;-0.391135;0.674118;0.294508;0.553030;0.002044;0.378416;0.630851;0.677366;0.002044;0.378416;0.630851;0.677366;0.597774;-0.126989;-0.746355;-0.263616;-0.280317;0.583930;-0.336616;0.683475;0.597603;-0.320036;0.593211;-0.434221;0.447017;-0.517504;0.527625;-0.503962;0.676478;0.004527;0.735221;-0.042516;0.358284;0.382686;0.810643;0.260847;0.156358;0.764905;0.467403;0.414739;0.296872;0.592243;0.656374;0.360955;-0.043177;0.885427;0.049212;0.460145;0.507426;-0.523272;0.607964;-0.314778;0.507426;-0.523272;0.607964;-0.314778;0.581386;0.059886;0.799905;0.136223;0.314778;0.607964;0.523272;0.507426;0.581386;0.059886;0.799905;0.136223;0.507426;-0.523272;0.607964;-0.314778
24500222;1;0.499903;-0.471281;0.661617;-0.300422;0.515886;-0.433635;0.686880;-0.272064;0.531021;-0.403585;0.677277;-0.310537;0.554213;-0.347972;0.707460;-0.266952;0.868767;-0.440528;0.125180;0.188436;0.690338;-0.340031;-0.205878;0.604506;-0.105921;-0.362490;0.163118;0.911468;0.273697;-0.121159;0.713586;-0.633407;0.160114;0.524356;-0.498934;0.671177;0.160114;0.524356;-0.498934;0.671177;-0.178857;-0.259991;-0.331359;0.889166;0.476933;0.868370;-0.090228;-0.101619;0.410038;0.671701;-0.548036;-0.283448;-0.453303;0.127314;0.857506;-0.207340;-0.329541;0.635896;0.194633;0.670192;0.187319;0.355078;0.562286;0.722956;0.187319;0.355078;0.562286;0.722956;0.512999;-0.167783;-0.731940;-0.415866;-0.262217;0.592460;-0.321636;0.690495;0.607116;-0.306250;0.600591;-0.420609;0.455484;-0.509159;0.525709;-0.506874;0.684495;0.009118;0.727935;-0.038641;0.363220;0.360638;0.820811;0.253536;0.145162;0.773969;0.452452;0.418554;0.285019;0.593791;0.661530;0.358546;-0.049881;0.890097;0.051822;0.450059;0.485235;-0.535823;0.607701;-0.328847;0.485235;-0.535823;0.607701;-0.328847;0.575643;0.050825;0.808594;0.110583;0.328847;0.607701;0.535823;0.485235;0.575643;0.050825;0.808594;0.110583;0.485235;-0.535823;0.607701;-0.328847
24533555;1;0.493618;-0.470112;0.669849;-0.294343;0.513328;-0.421212;0.701630;-0.258440;0.534927;-0.396426;0.680380;-0.306240;0.557762;-0.340587;0.709980;-0.262356;0.874593;-0.433512;0.105899;0.189579;0.692321;-0.336914;-0.191677;0.608638;-0.115015;-0.347764;0.171207;0.914615;0.254738;-0.103236;0.784618;-0.555721;0.124570;0.548541;-0.570427;0.598497;0.124570;0.548541;-0.570427;0.598497;-0.157967;-0.211835;-0.382211;0.885487;0.470611;0.869781;-0.102239;-0.107486;0.398665;0.675745;-0.539783;-0.305071;-0.468138;0.108492;0.858037;-0.181243;-0.322332;0.671846;0.249834;0.618311;0.148630;0.355804;0.622252;0.681260;0.148630;0.355804;0.622252;0.681260;0.541523;-0.163885;-0.735489;-0.372761;-0.248745;0.599139;-0.312750;0.693791;0.611030;-0.298007;0.606642;-0.412092;0.458683;-0.506737;0.529157;-0.502813;0.683906;0.013295;0.728678;-0.033529;0.364137;0.341481;0.832147;0.241510;0.139794;0.779855;0.448163;0.414046;0.284814;0.604025;0.651378;0.360195;-0.051272;0.890220;0.037415;0.451086;0.511280;-0.509331;0.606202;-0.334206;0.511280;-0.509331;0.606202;-0.334206;0.597849;0.068498;0.788801;0.125210;0.334206;0.606201;0.509331;0.511280;0.597849;0.068498;0.788801;0.125210;0.511280;-0.509331;0.606202;-0.334206
24566888;1;0.494776;-0.471271;0.668049;-0.294637;0.517657;-0.413823;0.705079;-0.252280;0.533365;-0.386185;0.686335;-0.308750;0.556407;-0.329902;0.715094;-0.264984;0.876233;-0.426422;0.114903;0.192816;0.696652;-0.327484;-0.192542;0.608571;-0.103750;-0.344726;0.159631;0.919194;0.292312;-0.116720;0.695970;-0.645412;0.179550;0.529069;-0.466993;0.685394;0.179550;0.529069;-0.466993;0.685394;-0.176443;-0.267514;-0.321413;0.891066;0.464964;0.871432;-0.113864;-0.107003;0.422749;0.670171;-0.525167;-0.310408;-0.479330;0.123167;0.842472;-0.212869;-0.312726;0.610554;0.271679;0.674994;0.201712;0.286869;0.603565;0.716050;0.201712;0.286869;0.603565;0.716050;-0.497766;0.146509;0.765505;0.380481;-0.233457;0.605146;-0.297984;0.700358;0.618475;-0.288450;0.609785;-0.403047;0.457939;-0.511079;0.522999;-0.505531;0.685287;0.005862;0.727362;-0.035940;0.363283;0.316979;0.845036;0.231222;0.129041;0.786768;0.442155;0.410905;0.269098;0.619595;0.641899;0.362841;-0.064397;0.894545;0.019796;0.441872;0.467700;-0.529811;0.627836;-0.326158;0.467700;-0.529811;0.627836;-0.326158;0.561342;0.069314;0.818580;0.100085;0.326158;0.627836;0.529811;0.467700;0.561342;0.069314;0.818580;0.100085;0.467700;-0.529811;0.627836;-0.326158
24600200;1;0.490269;-0.456818;0.678297;-0.301441;0.514198;-0.397285;0.714797;-0.258516;0.524575;-0.388445;0.692586;-0.307010;0.547506;-0.331654;0.721506;-0.263954;0.876946;-0.426845;0.115199;0.188410;0.705352;-0.324303;-0.199133;0.598040;-0.105985;-0.345641;0.159243;0.918663;0.278343;-0.060985;0.733992;-0.616492;0.169613;0.507645;-0.533629;0.654804;0.169613;0.507645;-0.533629;0.654804;-0.129277;-0.303442;-0.357931;0.873554;0.468495;0.866251;-0.112359;-0.132279;0.455512;0.654379;-0.521081;-0.304583;0.515310;-0.031797;-0.835898;0.186327;-0.308993;0.670212;0.330904;0.588083;0.153095;0.288213;0.689648;0.646437;0.153095;0.288213;0.689648;0.646437;-0.489454;0.110805;0.831935;0.236731;-0.225722;0.614836;-0.290880;0.697435;0.623144;-0.280968;0.619465;-0.386019;-0.451036;0.522071;-0.512879;0.510846;0.684140;-0.009117;0.727936;-0.044490;0.350231;0.299027;0.857328;0.230021;0.108721;0.793419;0.441428;0.404731;0.296455;0.597612;0.651530;0.361225;-0.043705;0.885826;0.041994;0.460041;0.495433;-0.529392;0.612012;-0.315804;0.495433;-0.529392;0.612012;-0.315804;0.573631;0.058421;0.807094;0.127017;0.315804;0.612012;0.529392;0.495433;0.573631;0.058421;0.807094;0.127017;0.495433;-0.529392;0.612012;-0.315804
24633555;1;0.486967;-0.458600;0.680375;-0.299398;0.510433;-0.399722;0.716551;-0.257359;0.524225;-0.388381;0.692481;-0.307925;0.547230;-0.331598;0.721397;-0.264894;0.877191;-0.427749;0.114695;0.185502;0.699284;-0.327069;-0.192533;0.605771;-0.112155;-0.342337;0.163856;0.918356;0.291385;-0.062538;0.682208;-0.667665;0.178838;0.467446;-0.500812;0.706186;0.178838;0.467446;-0.500812;0.706186;-0.143509;-0.312646;-0.297702;0.890523;0.465527;0.871293;-0.098486;-0.120141;0.467419;0.645727;-0.514242;-0.316403;0.524938;-0.060317;-0.823268;0.207442;-0.257305;0.632784;0.277952;0.675367;0.237317;0.305799;0.619807;0.682647;0.237317;0.305799;0.619807;0.682647;-0.414761;0.158984;0.839606;0.312665;-0.223850;0.604220;-0.289510;0.707809;0.635570;-0.262489;0.616477;-0.383546;-0.430627;0.547435;-0.486668;0.527286;0.681246;-0.045731;0.727232;-0.070331;0.347813;0.286389;0.863787;0.225566;0.096766;0.802698;0.428679;0.403171;0.306466;0.592369;0.654079;0.356873;-0.033501;0.883923;0.047438;0.464012;0.494368;-0.524904;0.623762;-0.301657;0.494368;-0.524904;0.623762;-0.301657;0.562875;0.069903;0.812230;0.136267;0.301657;0.623762;0.524904;0.494368;0.562875;0.069903;0.812230;0.136267;0.494368;-0.524904;0.623762;-0.301657
24666888;1;0.486732;-0.460649;0.685888;-0.283641;0.506827;-0.407347;0.718824;-0.245941;0.526550;-0.391375;0.695918;-0.292008;0.548271;-0.334307;0.725062;-0.248842;0.882928;-0.419337;0.088913;0.191544;0.689685;-0.328829;-0.197001;0.614327;-0.121745;-0.347534;0.161734;0.915555;0.310733;-0.083007;0.695003;-0.643060;0.117906;0.469292;-0.519311;0.704400;0.117906;0.469292;-0.519311;0.704400;-0.190394;-0.276539;-0.290124;0.896161;0.457937;0.876384;-0.090019;-0.118918;0.459893;0.656696;-0.495068;-0.334897;0.528974;-0.066955;-0.819670;0.209390;-0.329953;0.683925;0.135407;0.636429;0.264806;0.345635;0.605496;0.666175;0.264806;0.345635;0.605496;0.666175;-0.388369;0.107797;0.881740;0.245122;-0.207054;0.603535;-0.283789;0.715778;0.639944;-0.247304;0.619418;-0.381620;-0.445606;0.531651;-0.506179;0.512411;0.681403;-0.020663;0.729950;-0.049363;0.338031;0.285743;0.868800;0.221973;0.086517;0.811785;0.421203;0.395105;0.274956;0.599271;0.667758;0.345504;-0.047837;0.898278;0.052371;0.433665;0.473759;-0.508343;0.636990;-0.333744;0.473759;-0.508343;0.636990;-0.333744;0.570990;0.090967;0.809872;0.099006;0.333744;0.636990;0.508343;0.473759;0.570990;0.090967;0.809872;0.099006;0.473759;-0.508343;0.636990;-0.333744
24700222;1;0.491455;-0.448561;0.684062;-0.298870;0.510979;-0.400094;0.713494;-0.264106;0.533046;-0.375667;0.697623;-0.296745;0.555127;-0.318512;0.725502;-0.253043;0.887733;-0.411897;0.106871;0.175641;0.708951;-0.331928;-0.191506;0.592062;-0.103844;-0.342631;0.171624;0.917805;0.301920;-0.093446;0.715795;-0.622696;0.172909;0.534542;-0.485139;0.670080;0.172909;0.534542;-0.485139;0.670080;-0.181585;-0.264729;-0.321416;0.890863;0.444112;0.885921;-0.085518;-0.102932;0.400028;0.695259;-0.519281;-0.294857;-0.450617;0.122089;0.859146;-0.209539;-0.250018;0.640976;0.189797;0.700442;0.139464;0.456365;0.488471;0.730532;0.139464;0.456365;0.488471;0.730532;-0.464842;0.217178;0.727553;0.455437;-0.180438;0.606060;-0.268087;0.726817;0.643884;-0.235206;0.619602;-0.382341;0.483697;-0.493831;0.550990;-0.467523;0.676815;0.038080;0.735112;0.008997;0.327709;0.272599;0.878543;0.215542;0.072628;0.821391;0.414016;0.385528;0.240864;0.635521;0.645065;0.349270;-0.074938;0.907907;0.010889;0.412275;0.448594;-0.568348;0.608661;-0.324461;0.448594;-0.568348;0.608661;-0.324461;0.546633;0.028506;0.832271;0.087775;0.324461;0.608661;0.568348;0.448594;0.546633;0.028506;0.832271;0.087775;0.448594;-0.568348;0.608661;-0.324461
24733533;1;0.498745;-0.439857;0.677638;-0.313984;0.525781;-0.374939;0.715603;-0.266246;0.532499;-0.373908;0.696791;-0.301862;0.554991;-0.316826;0.724531;-0.258187;0.888425;-0.415477;0.093940;0.171040;0.690962;-0.340445;-0.180247;0.611702;-0.114473;-0.341041;0.179116;0.915699;-0.324058;0.038607;-0.653329;0.683123;0.143719;0.418212;-0.503416;0.742305;0.143719;0.418212;-0.503416;0.742305;-0.193757;-0.321976;-0.228171;0.898180;0.448929;0.878616;-0.093629;-0.133157;0.481000;0.641267;-0.517006;-0.300202;0.525391;-0.042119;-0.822644;0.213181;-0.191155;0.647068;0.189359;0.713377;0.378690;0.314863;0.596167;0.634067;0.378690;0.314863;0.596167;0.634067;-0.302308;0.188971;0.887468;0.292063;-0.175277;0.608269;-0.253669;0.731395;0.653064;-0.231630;0.617039;-0.372985;0.473709;-0.498049;0.515702;-0.511467;0.700577;0.010002;0.712915;-0.029059;0.324646;0.245480;0.889934;0.205822;0.061528;0.828660;0.406825;0.379512;0.258979;0.623926;0.652898;0.342594;-0.057296;0.905239;0.024512;0.420308;0.451051;-0.559741;0.631938;-0.289649;0.451051;-0.559741;0.631938;-0.289649;0.523754;0.051051;0.842645;0.114128;0.289649;0.631938;0.559741;0.451051;0.523754;0.051051;0.842645;0.114128;0.451051;-0.559741;0.631938;-0.289649
24766888;1;0.498025;-0.442519;0.677550;-0.311566;0.523132;-0.382190;0.713322;-0.267274;0.535556;-0.377500;0.695138;-0.295731;0.557547;-0.320538;0.723172;-0.251831;0.887917;-0.413141;0.095453;0.178346;0.692690;-0.343020;-0.174009;0.610114;-0.119487;-0.335864;0.187449;0.915304;0.338992;-0.102480;0.664594;-0.657949;0.167116;0.508071;-0.440512;0.721031;0.167116;0.508071;-0.440512;0.721031;-0.215191;-0.284016;-0.280964;0.891115;0.444676;0.884707;-0.076635;-0.116980;0.457012;0.652426;-0.536204;-0.279224;-0.494527;0.050291;0.842998;-0.205595;-0.164410;0.651879;0.309756;0.672365;0.286683;0.320636;0.646597;0.630014;0.286683;0.320636;0.646597;0.630014;-0.380311;0.195962;0.842100;0.328375;-0.151998;0.598827;-0.242176;0.748100;0.666544;-0.206466;0.612101;-0.372053;-0.477015;0.495639;-0.512075;0.514371;0.704945;0.009157;0.708619;-0.028784;0.321564;0.226559;0.898471;0.194980;0.047508;0.844336;0.381598;0.373125;0.251489;0.642520;0.640069;0.337985;-0.059498;0.909355;0.002322;0.411738;0.482924;-0.527295;0.628999;-0.305131;0.482924;-0.527295;0.628999;-0.305131;0.557239;0.071916;0.817623;0.125718;0.305131;0.628999;0.527295;0.482924;0.557239;0.071916;0.817623;0.125718;0.482924;-0.527295;0.628999;-0.305131
24800211;1;0.504056;-0.428322;0.667213;-0.342484;0.530560;-0.371892;0.700235;-0.299789;0.541880;-0.377138;0.688948;-0.299138;0.564123;-0.320675;0.716973;-0.254719;0.886762;-0.415988;0.086631;0.181942;0.686209;-0.355357;-0.160854;0.613974;-0.133592;-0.330188;0.207674;0.911044;0.320473;-0.017635;0.724961;-0.609440;0.191604;0.515346;-0.510195;0.661368;0.191604;0.515346;-0.510195;0.661368;-0.214022;-0.286673;-0.263116;0.895982;0.445757;0.885961;-0.087306;-0.093550;0.419860;0.701512;-0.515715;-0.256197;-0.439561;0.066387;0.868144;-0.220692;-0.251809;0.607006;0.298581;0.692087;0.179400;0.335322;0.587509;0.714289;0.179400;0.335322;0.587509;0.714289;-0.462147;0.200910;0.788311;0.353016;-0.146908;0.590726;-0.236710;0.757251;0.676145;-0.195751;0.605577;-0.371196;-0.487390;0.488875;-0.511389;0.511795;0.710459;0.013524;0.703334;-0.019669;0.295359;0.207515;0.912271;0.193552;0.022394;0.854377;0.381163;0.352495;0.233907;0.671849;0.616373;0.337625;-0.071948;0.913416;-0.035084;0.399078;0.455355;-0.535146;0.647161;-0.295723;0.455355;-0.535146;0.647161;-0.295723;0.531092;0.079207;0.836018;0.112877;0.295723;0.647161;0.535146;0.455355;0.531092;0.079207;0.836018;0.112877;0.455355;-0.535146;0.647161;-0.295723
24833555;1;0.512386;-0.421840;0.660829;-0.350454;0.543947;-0.355788;0.698612;-0.299129;0.552955;-0.371298;0.684723;-0.295859;0.574900;-0.315192;0.712293;-0.250563;0.892192;-0.411241;0.076099;0.170536;0.686042;-0.364301;-0.144042;0.613092;-0.114684;-0.325531;0.217930;0.912899;-0.304044;0.142704;-0.646771;0.684748;0.154278;0.494273;-0.440876;0.733159;0.154278;0.494273;-0.440876;0.733159;-0.235510;-0.263893;-0.259461;0.898652;0.437731;0.890450;-0.084348;-0.091515;0.413493;0.707215;-0.518237;-0.245562;-0.419410;0.095197;0.871585;-0.235314;-0.272699;0.612809;0.302951;0.676995;0.195569;0.301935;0.613310;0.703164;0.195569;0.301935;0.613310;0.703164;-0.496074;0.199656;0.769653;0.348829;-0.122443;0.583349;-0.221032;0.771918;0.681515;-0.188337;0.594756;-0.382534;0.497825;-0.476845;0.516075;-0.508385;0.715429;0.025417;0.698152;-0.009962;0.298990;0.201431;0.914019;0.186008;0.020048;0.863374;0.361294;0.351638;0.214530;0.669848;0.631493;0.326340;-0.077687;0.922516;-0.022907;0.377366;0.454691;-0.522974;0.648134;-0.315717;0.454691;-0.522974;0.648134;-0.315717;0.544761;0.088502;0.828098;0.098270;0.315717;0.648134;0.522974;0.454691;0.544761;0.088502;0.828098;0.098270;0.454691;-0.522974;0.648134;-0.315717
24866877;1;0.507632;-0.430944;0.661695;-0.344613;0.537606;-0.367242;0.699061;-0.295681;0.555932;-0.368466;0.686326;-0.290049;0.577401;-0.312241;0.713664;-0.244533;0.892848;-0.403731;0.089647;0.178288;0.695146;-0.362403;-0.144067;0.603888;-0.105274;-0.323681;0.217536;0.914782;-0.331924;0.106783;-0.637692;0.686857;0.167256;0.480218;-0.432948;0.744293;0.167256;0.480218;-0.432948;0.744293;-0.216568;-0.259351;-0.220512;0.914992;0.431090;0.894406;-0.083284;-0.085225;0.392839;0.720179;-0.516498;-0.245457;-0.405880;0.099654;0.880623;-0.223232;-0.299345;0.660777;0.361461;0.585758;0.019225;0.405534;0.634683;0.657533;0.019225;0.405534;0.634683;0.657533;0.568659;-0.189270;-0.747843;-0.285542;-0.082672;0.582634;-0.193333;0.785064;0.690991;-0.175069;0.588429;-0.381621;0.545756;-0.425901;0.549650;-0.467593;0.720612;0.085574;0.686038;0.052419;0.296020;0.173409;0.921295;0.183079;0.006245;0.868627;0.352539;0.348087;0.207695;0.703209;0.590198;0.337678;-0.090833;0.917139;-0.075643;0.380636;0.463329;-0.521684;0.636340;-0.329003;0.463329;-0.521684;0.636340;-0.329003;0.560264;0.081074;0.818847;0.094983;0.329003;0.636340;0.521684;0.463329;0.560264;0.081074;0.818847;0.094983;0.463329;-0.521684;0.636340;-0.329003
24900222;1;0.507149;-0.429939;0.665369;-0.339465;0.535794;-0.367947;0.701555;-0.292166;0.554695;-0.367809;0.690837;-0.282443;0.575558;-0.311224;0.718108;-0.237050;0.895694;-0.397714;0.087127;0.178789;0.688300;-0.377150;-0.132103;0.605434;-0.114398;-0.321109;0.237870;0.909516;0.322471;-0.087431;0.677977;-0.654763;0.121785;0.467722;-0.498531;0.719633;0.121785;0.467722;-0.498531;0.719633;-0.225721;-0.246842;-0.231757;0.913459;0.423442;0.899610;-0.065222;-0.084529;0.417909;0.715937;-0.507274;-0.235501;-0.414378;0.076040;0.874134;-0.241659;-0.215978;0.640922;0.299141;0.673117;0.111770;0.436361;0.556647;0.698026;0.111770;0.436361;0.556647;0.698026;-0.476982;0.225478;0.753415;0.392447;-0.069457;0.575213;-0.190130;0.792563;0.696739;-0.162764;0.583596;-0.384030;0.572264;-0.401565;0.576728;-0.422664;0.707761;0.122207;0.688170;0.102769;0.289556;0.163074;0.924879;0.184835;-0.002177;0.869651;0.354463;0.343597;0.187540;0.725922;0.565301;0.343949;-0.109756;0.915673;-0.109205;0.370905;0.415776;-0.551663;0.641025;-0.334492;0.415776;-0.551663;0.641025;-0.334492;0.530520;0.063188;0.843358;0.057477;0.334492;0.641025;0.551663;0.415776;0.530520;0.063188;0.843358;0.057477;0.415776;-0.551663;0.641025;-0.334492
24933544;1;0.499116;-0.442061;0.670600;-0.325208;0.528743;-0.373803;0.710910;-0.274423;0.552498;-0.367074;0.694976;-0.277508;0.572973;-0.310159;0.722175;-0.232308;0.894749;-0.391883;0.097785;0.190501;0.700160;-0.381003;-0.134540;0.588652;-0.103414;-0.322752;0.243096;0.908868;0.345685;-0.098758;0.676741;-0.642472;0.130232;0.499104;-0.467575;0.717850;0.130232;0.499104;-0.467575;0.717850;-0.240580;-0.225747;-0.224867;0.916839;0.422502;0.898420;-0.078406;-0.090479;0.429643;0.700200;-0.526714;-0.218404;-0.409066;0.088892;0.871668;-0.254870;-0.169745;0.619824;0.307475;0.701758;0.171898;0.409066;0.558021;0.701233;0.171898;0.409066;0.558021;0.701233;-0.439776;0.271606;0.770078;0.373908;-0.036532;0.561788;-0.172412;0.808290;0.708964;-0.145511;0.569400;-0.389847;0.577342;-0.401642;0.566208;-0.429847;0.716384;0.114730;0.680713;0.101295;0.294733;0.142782;0.929293;0.170767;-0.003914;0.879577;0.332049;0.340695;0.169456;0.729875;0.572636;0.332648;-0.114623;0.923523;-0.106753;0.350100;0.466723;-0.538108;0.624666;-0.320001;0.466723;-0.538108;0.624666;-0.320001;0.556298;0.061206;0.822206;0.103748;0.320001;0.624666;0.538108;0.466723;0.556298;0.061206;0.822206;0.103748;0.466723;-0.538108;0.624666;-0.320001
24966888;1;0.502084;-0.435335;0.678053;-0.314069;0.530602;-0.366366;0.717668;-0.263039;0.559736;-0.362359;0.696658;-0.264685;0.579159;-0.305325;0.723473;-0.218946;0.898867;-0.378920;0.099487;0.196364;0.697856;-0.390868;-0.129043;0.586147;-0.100067;-0.324335;0.253449;0.905846;0.309758;-0.125322;0.672722;-0.660143;0.106245;0.475935;-0.491678;0.721423;0.106245;0.475935;-0.491678;0.721423;-0.212506;-0.218743;-0.244393;0.920470;0.407993;0.906394;-0.058472;-0.092588;0.434934;0.697520;-0.534360;-0.196872;-0.395385;0.090278;0.874027;-0.267576;-0.239155;0.647011;0.305626;0.656334;0.109094;0.417662;0.581024;0.689977;0.109094;0.417662;0.581024;0.689977;-0.496403;0.243607;0.765676;0.328604;-0.029624;0.560066;-0.171748;0.809908;0.704740;-0.148037;0.566846;-0.400140;0.580523;-0.393479;0.578237;-0.416903;0.709534;0.129063;0.683533;0.112638;0.301642;0.132415;0.928815;0.169649;0.001293;0.873238;0.342965;0.346163;0.210989;0.729514;0.551152;0.345724;-0.094431;0.908364;-0.121869;0.388722;0.431904;-0.549521;0.625226;-0.347244;0.431904;-0.549521;0.625226;-0.347244;0.550940;0.053532;0.830672;0.059863;0.347244;0.625226;0.549521;0.431904;0.550940;0.053532;0.830672;0.059863;0.431904;-0.549521;0.625226;-0.347244
25000211;1;0.524515;-0.397409;0.703610;-0.268110;0.526763;-0.391444;0.706946;-0.263664;0.531075;-0.378325;0.703581;-0.282495;0.552018;-0.320684;0.731654;-0.238997;0.886999;-0.400685;0.143496;0.179144;0.699250;-0.378955;-0.139386;0.589927;-0.116257;-0.322668;0.242737;0.907441;-0.299953;0.176247;-0.623665;0.700005;0.089837;0.464228;-0.452231;0.756246;0.089837;0.464228;-0.452231;0.756246;-0.222093;-0.206137;-0.221564;0.926872;0.421320;0.905395;-0.011829;-0.051075;0.454339;0.683613;-0.499808;-0.276479;-0.451005;0.139758;0.835227;-0.281884;-0.228814;0.583082;0.252011;0.737665;0.210319;0.351433;0.529140;0.743150;0.210319;0.351433;0.529140;0.743150;-0.406451;0.236047;0.804327;0.363507;0.005946;0.571020;-0.138485;0.809150;0.705817;-0.154271;0.567012;-0.395627;0.604153;-0.360810;0.590197;-0.395580;0.711185;0.160848;0.668983;0.144240;0.305043;0.095865;0.933601;0.161706;-0.001907;0.871736;0.347581;0.345341;0.157644;0.744561;0.548884;0.345693;-0.132355;0.917228;-0.133855;0.351081;0.434804;-0.533946;0.634250;-0.351530;0.434804;-0.533946;0.634250;-0.351530;0.556022;0.070926;0.826040;0.058884;0.351530;0.634250;0.533946;0.434804;0.556022;0.070926;0.826040;0.058884;0.434804;-0.533946;0.634250;-0.351530
25033555;1;0.527371;-0.371596;0.711858;-0.277588;0.528220;-0.369411;0.712994;-0.275969;0.541641;-0.371183;0.695012;-0.292925;0.563388;-0.314253;0.722540;-0.248546;0.890621;-0.405947;0.122714;0.164142;0.688069;-0.376719;-0.142393;0.603629;-0.131988;-0.324468;0.238566;0.905752;0.321793;-0.063949;0.745208;-0.580539;-0.017935;0.400286;-0.631819;0.663517;-0.017935;0.400286;-0.631819;0.663517;-0.272430;-0.202017;-0.249515;0.907035;0.425973;0.902206;-0.029104;-0.061034;0.405416;0.711853;-0.516486;-0.249291;-0.396540;0.169654;0.862965;-0.263181;-0.266021;0.668809;0.247587;0.648558;0.030654;0.503204;0.505361;0.700325;0.030654;0.503204;0.505361;0.700325;-0.397072;0.226402;0.871780;0.176283;0.010299;0.580907;-0.130375;0.803395;0.705102;-0.156722;0.574413;-0.385122;0.597705;-0.365262;0.577431;-0.419412;0.723374;0.148571;0.662995;0.122859;0.308498;0.068602;0.937806;0.143676;0.003366;0.875775;0.342255;0.340395;0.147432;0.747637;0.553669;0.335788;-0.132622;0.922698;-0.132623;0.336825;0.464893;-0.510266;0.630042;-0.355739;0.464893;-0.510266;0.630042;-0.355739;0.580275;0.084694;0.806319;0.077184;0.355739;0.630042;0.510266;0.464893;0.580275;0.084694;0.806319;0.077184;0.464893;-0.510266;0.630042;-0.355739
25066877;1;0.533563;-0.369211;0.712631;-0.266741;0.533580;-0.369164;0.712656;-0.266706;0.535047;-0.380154;0.694059;-0.295786;0.557044;-0.323271;0.722309;-0.251926;0.882707;-0.411759;0.137035;0.180288;0.693303;-0.364812;-0.140017;0.605506;-0.129728;-0.316244;0.229527;0.911306;0.335550;-0.044418;0.714379;-0.612451;-0.099937;0.291671;-0.653634;0.691160;-0.099937;0.291671;-0.653634;0.691160;-0.218453;-0.231431;-0.234236;0.918614;0.432921;0.899845;-0.022325;-0.048581;0.421445;0.699020;-0.527953;-0.234566;-0.404647;0.139035;0.864889;-0.262483;-0.284548;0.667372;0.245990;0.642756;0.072910;0.456561;0.545389;0.699133;0.072910;0.456561;0.545389;0.699133;-0.463677;0.244235;0.819446;0.232080;0.011820;0.577276;-0.126604;0.806588;0.705725;-0.160529;0.568830;-0.390660;0.583749;-0.383566;0.559736;-0.445882;0.732132;0.122954;0.663292;0.094389;0.348378;0.056300;0.923505;0.150337;0.012660;0.859276;0.342931;0.379318;0.192607;0.733807;0.531500;0.376745;-0.129426;0.897625;-0.138639;0.397866;0.462142;-0.507782;0.656273;-0.312871;0.462142;-0.507782;0.656273;-0.312871;0.548017;0.104998;0.823111;0.105551;0.312871;0.656273;0.507782;0.462142;0.548017;0.104998;0.823111;0.105551;0.462142;-0.507782;0.656273;-0.312871
25100222;1;0.532855;-0.371101;0.713170;-0.264081;0.536866;-0.360051;0.718812;-0.255827;0.536018;-0.377346;0.698310;-0.287503;0.557347;-0.320131;0.726322;-0.243592;0.887024;-0.404499;0.130715;0.180228;0.691652;-0.377970;-0.158290;0.594728;-0.115272;-0.340338;0.228226;0.904873;0.270333;-0.101153;0.710617;-0.641648;-0.095278;0.281409;-0.660316;0.689721;-0.095278;0.281409;-0.660316;0.689721;-0.235929;-0.203417;-0.234772;0.920783;0.427746;0.900893;-0.024821;-0.069343;0.424068;0.700082;-0.533677;-0.212700;-0.407888;0.071607;0.877381;-0.242285;-0.223463;0.699750;0.374550;0.565797;0.121481;0.382005;0.695709;0.596074;0.121481;0.382005;0.695709;0.596074;-0.468473;0.317702;0.821948;0.063239;0.004815;0.567517;-0.140682;0.811240;0.710144;-0.147858;0.565743;-0.392134;0.584504;-0.384428;0.560842;-0.442749;0.730468;0.123137;0.664693;0.097142;0.321537;0.075605;0.932483;0.146195;0.011062;0.869815;0.344376;0.353136;0.174935;0.746233;0.537568;0.351503;-0.124224;0.910542;-0.143113;0.367423;0.445398;-0.508071;0.655099;-0.338126;0.445398;-0.508071;0.655099;-0.338126;0.554036;0.103965;0.822485;0.075853;0.338126;0.655099;0.508071;0.445398;0.554036;0.103965;0.822485;0.075853;0.445398;-0.508071;0.655099;-0.338126
25133555;1;0.532410;-0.371280;0.714218;-0.261883;0.535300;-0.363284;0.718318;-0.255924;0.534964;-0.369718;0.707201;-0.277468;0.555493;-0.311814;0.734572;-0.233674;0.893333;-0.391947;0.133054;0.175014;0.698879;-0.372217;-0.148665;0.592387;-0.118747;-0.326751;0.232122;0.908434;0.264122;-0.112302;0.692117;-0.662270;-0.131049;0.244040;-0.657330;0.700848;-0.131049;0.244040;-0.657330;0.700848;-0.226727;-0.220214;-0.234538;0.919289;0.414465;0.906773;-0.016571;-0.075542;0.426260;0.696269;-0.535316;-0.216674;-0.404006;0.104566;0.872021;-0.255783;-0.244328;0.700261;0.340337;0.578021;0.157735;0.348719;0.696125;0.607391;0.157735;0.348719;0.696125;0.607391;0.518027;-0.257067;-0.789130;-0.206976;0.004163;0.564562;-0.143030;0.812893;0.710936;-0.145775;0.563913;-0.394109;0.584492;-0.384322;0.560345;-0.443485;0.730976;0.122859;0.664263;0.096613;0.313379;0.079517;0.935045;0.145472;0.009767;0.872187;0.346199;0.345457;0.191938;0.743589;0.538697;0.346469;-0.108591;0.909510;-0.140541;0.375829;0.451910;-0.524657;0.637152;-0.338452;0.451910;-0.524657;0.637152;-0.338452;0.558871;0.079546;0.821523;0.080227;0.338452;0.637152;0.524657;0.451910;0.558871;0.079546;0.821523;0.080227;0.451910;-0.524657;0.637152;-0.338452
25166888;1;0.544171;-0.361394;0.707558;-0.269509;0.547958;-0.351269;0.712638;-0.261723;0.536063;-0.374229;0.701463;-0.283793;0.557095;-0.316771;0.729215;-0.239891;0.887970;-0.398840;0.121400;0.194161;0.696675;-0.372824;-0.156946;0.592465;-0.114600;-0.335392;0.226146;0.907324;-0.270481;0.019646;-0.547156;0.791880;-0.311353;-0.008875;-0.547436;0.776720;-0.311353;-0.008875;-0.547436;0.776720;-0.197727;-0.299241;-0.037307;0.932720;0.425364;0.900227;-0.030432;-0.087926;0.445406;0.678126;-0.531858;-0.242665;-0.440721;0.095458;0.856513;-0.251074;-0.140636;0.660351;0.253744;0.692656;0.425912;0.247129;0.662855;0.564048;0.425912;0.247129;0.662855;0.564048;-0.413401;0.301161;0.767297;0.386856;-0.002643;0.558217;-0.152139;0.815623;0.711243;-0.142372;0.560840;-0.399151;0.574109;-0.397287;0.553548;-0.454034;0.731070;0.108788;0.668578;0.081891;0.338032;0.083429;0.922891;0.164461;0.004171;0.862703;0.338171;0.375987;0.206963;0.736875;0.520515;0.378478;-0.120513;0.892134;-0.148650;0.409238;0.464821;-0.491865;0.651502;-0.342863;0.464821;-0.491865;0.651502;-0.342863;0.571119;0.112880;0.808482;0.086238;0.342863;0.651502;0.491865;0.464821;0.571119;0.112880;0.808482;0.086238;0.464821;-0.491865;0.651502;-0.342863
25200200;1;0.546719;-0.358872;0.706133;-0.271451;0.549750;-0.350874;0.710141;-0.265259;0.542221;-0.377275;0.694880;-0.284257;0.563270;-0.320335;0.722896;-0.239859;0.887222;-0.402205;0.120229;0.191344;0.695370;-0.375105;-0.155580;0.592917;-0.115981;-0.335424;0.228910;0.906443;-0.240237;0.088328;-0.676592;0.690440;0.327752;0.000165;0.682334;-0.653452;0.327752;0.000165;0.682334;-0.653452;-0.187667;-0.220210;-0.198344;0.936455;0.427826;0.899759;-0.033832;-0.079085;0.440133;0.683694;-0.533769;-0.232241;-0.443796;0.040854;0.866417;-0.225162;-0.138060;0.672245;0.278480;0.671919;0.326953;0.335097;0.645890;0.603023;0.326953;0.335097;0.645890;0.603023;-0.405011;0.310980;0.802388;0.308920;-0.005380;0.550674;-0.154958;0.820193;0.713623;-0.140279;0.554648;-0.404266;0.575027;-0.393951;0.548065;-0.462354;0.737550;0.107261;0.662300;0.076644;0.317215;0.096312;0.929254;0.163048;-0.003654;0.873956;0.330038;0.356740;0.196663;0.744512;0.527681;0.358580;-0.113815;0.902477;-0.148981;0.387796;0.459989;-0.507666;0.655479;-0.317856;0.459989;-0.507666;0.655479;-0.317856;0.550020;0.104519;0.822468;0.100503;0.317856;0.655479;0.507666;0.459989;0.550020;0.104519;0.822468;0.100503;0.459989;-0.507666;0.655479;-0.317856
25233555;1;0.558902;-0.350048;0.696041;-0.283940;0.561099;-0.344609;0.698750;-0.279573;0.537930;-0.368219;0.700027;-0.291562;0.559579;-0.310895;0.727301;-0.247485;0.883534;-0.396269;0.143517;0.204307;0.698928;-0.364439;-0.167157;0.592236;-0.110799;-0.339906;0.212653;0.909377;0.186059;-0.335924;0.856215;-0.345592;0.230718;-0.218084;0.893525;-0.317523;0.230718;-0.218084;0.893525;-0.317523;-0.222035;0.026699;-0.565480;0.793864;0.425895;0.900228;-0.039736;-0.081387;0.445740;0.677306;-0.529827;-0.248706;-0.453267;0.068520;0.857185;-0.234709;-0.183523;0.664775;0.330044;0.644566;0.191192;0.383681;0.635329;0.642333;0.191192;0.383681;0.635329;0.642333;-0.474832;0.264097;0.767786;0.339547;-0.005772;0.554988;-0.147783;0.818606;0.712699;-0.148295;0.554904;-0.402679;0.564954;-0.408314;0.537157;-0.474940;0.739288;0.089293;0.664675;0.060718;0.330736;0.091864;0.921919;0.179557;-0.014584;0.867344;0.325606;0.376143;0.203583;0.736460;0.521805;0.379340;-0.123513;0.892738;-0.147425;0.407467;0.452308;-0.492914;0.661629;-0.338674;0.452308;-0.492914;0.661629;-0.338674;0.559309;0.119299;0.816385;0.080351;0.338674;0.661629;0.492914;0.452308;0.559309;0.119299;0.816385;0.080351;0.452308;-0.492914;0.661629;-0.338674
25266877;1;0.542440;-0.357128;0.711695;-0.267785;0.545069;-0.350051;0.715202;-0.262392;0.537724;-0.375554;0.699561;-0.283596;0.558735;-0.318244;0.727425;-0.239561;0.883382;-0.396989;0.134312;0.209752;0.702538;-0.369579;-0.159981;0.586735;-0.117636;-0.333436;0.225838;0.907733;0.273187;-0.242771;0.728459;-0.579465;0.370565;-0.111272;0.759742;-0.522582;0.370565;-0.111272;0.759742;-0.522582;-0.249407;-0.147975;-0.373568;0.881105;0.428450;0.898421;-0.048504;-0.083175;0.437200;0.677615;-0.534265;-0.253484;-0.450283;0.080602;0.859131;-0.229441;-0.187832;0.655193;0.309695;0.662971;0.210578;0.374206;0.620612;0.656101;0.210578;0.374206;0.620612;0.656101;-0.469137;0.259747;0.760743;0.365667;-0.011328;0.549480;-0.153722;0.821166;0.715694;-0.143149;0.552381;-0.402697;0.586001;-0.383448;0.551171;-0.453631;0.739157;0.116979;0.657092;0.090513;0.336836;0.095750;0.920330;0.174260;-0.003138;0.864204;0.330540;0.379322;0.183227;0.747109;0.511621;0.382752;-0.140453;0.893055;-0.162057;0.395553;0.473945;-0.504200;0.633262;-0.346610;0.473945;-0.504200;0.633262;-0.346610;0.580220;0.091260;0.804307;0.090039;0.346610;0.633262;0.504200;0.473945;0.580220;0.091260;0.804307;0.090039;0.473945;-0.504200;0.633262;-0.346610
25300222;1;0.545416;-0.358915;0.708321;-0.268298;0.550414;-0.345393;0.715011;-0.257888;0.539559;-0.370345;0.702810;-0.278891;0.560186;-0.312791;0.730245;-0.234723;0.882891;-0.387540;0.138539;0.226104;0.716781;-0.360409;-0.148591;0.578145;-0.105056;-0.318335;0.225026;0.914871;0.299377;-0.297001;0.786877;-0.450541;0.373848;-0.154194;0.826807;-0.390963;0.373848;-0.154194;0.826807;-0.390963;-0.286641;-0.070646;-0.475070;0.828948;0.422793;0.900665;-0.070689;-0.071068;0.421606;0.706990;-0.518807;-0.230765;-0.430263;0.021899;0.876651;-0.214192;-0.196189;0.680333;0.384021;0.592609;0.118948;0.405336;0.667853;0.612803;0.118948;0.405336;0.667853;0.612803;0.529126;-0.267769;-0.741860;-0.313002;-0.026883;0.540109;-0.160877;0.825638;0.714238;-0.150031;0.543275;-0.414980;0.589503;-0.380350;0.552988;-0.449472;0.738705;0.120488;0.656200;0.095912;0.341665;0.117404;0.916493;0.171822;0.011497;0.861939;0.332766;0.382354;0.169639;0.753613;0.507509;0.381740;-0.149432;0.894716;-0.169504;0.385255;0.484447;-0.508394;0.628450;-0.334511;0.484447;-0.508394;0.628450;-0.334511;0.579090;0.084892;0.803870;0.106021;0.334511;0.628450;0.508394;0.484447;0.579090;0.084892;0.803870;0.106021;0.484447;-0.508394;0.628450;-0.334511
25333544;1;0.545057;-0.385696;0.689035;-0.281750;0.565877;-0.329255;0.717719;-0.237178;0.546832;-0.367039;0.703902;-0.266042;0.566406;-0.309408;0.731069;-0.221333;0.883602;-0.374084;0.142261;0.243045;0.716508;-0.346670;-0.140871;0.588720;-0.111133;-0.305172;0.216553;0.920665;0.288313;-0.396033;0.785270;-0.378661;0.350399;-0.251795;0.842669;-0.322070;0.350399;-0.251795;0.842669;-0.322070;-0.327839;-0.000884;-0.541214;0.774344;0.416831;0.900599;-0.088244;-0.085940;0.473572;0.668768;-0.520937;-0.238964;-0.457742;0.074538;0.844435;-0.268041;-0.420950;0.713237;0.382697;0.409435;-0.032764;0.266027;0.764456;0.586313;-0.032764;0.266027;0.764456;0.586313;0.681934;-0.057287;-0.698043;-0.210762;-0.025675;0.535046;-0.159226;0.829285;0.711522;-0.155320;0.536246;-0.426677;0.571126;-0.400348;0.538713;-0.472573;0.741973;0.096075;0.660148;0.066709;0.364472;0.130097;0.906574;0.168399;0.026220;0.858570;0.318725;0.400729;0.217277;0.736394;0.507428;0.391192;-0.122195;0.882672;-0.157593;0.425585;0.452352;-0.529345;0.635690;-0.333271;0.452352;-0.529345;0.635690;-0.333271;0.555519;0.075197;0.823804;0.084203;0.333271;0.635690;0.529345;0.452352;0.555519;0.075197;0.823804;0.084203;0.452352;-0.529345;0.635690;-0.333271
25366888;1;0.554690;-0.362912;0.697054;-0.273368;0.566412;-0.331228;0.712655;-0.248170;0.543586;-0.371137;0.704219;-0.266170;0.563181;-0.313468;0.731714;-0.221721;0.883892;-0.378818;0.130257;0.241381;0.679054;-0.366419;-0.151505;0.617793;-0.144671;-0.327523;0.223485;0.906561;0.264203;-0.365871;0.774180;-0.443825;0.337942;-0.224435;0.826344;-0.390614;0.337942;-0.224435;0.826344;-0.390614;-0.287100;0.033696;-0.448377;0.845811;0.421214;0.897971;-0.083649;-0.096072;0.496883;0.638014;-0.531068;-0.253006;0.513806;0.005584;-0.830099;0.216583;-0.378253;0.629744;0.612537;-0.291798;-0.469588;-0.037467;0.877710;0.087796;-0.469588;-0.037467;0.877710;0.087796;0.653085;0.240359;-0.411880;0.588270;-0.042741;0.551773;-0.169489;0.815472;0.697671;-0.171025;0.551350;-0.424286;0.540540;-0.424779;0.528639;-0.497915;0.738194;0.071420;0.670241;0.027313;0.368808;0.147679;0.902197;0.167965;0.039564;0.854690;0.324345;0.403410;0.238816;0.725319;0.515085;0.389316;-0.105505;0.880283;-0.144454;0.439435;0.445955;-0.532477;0.641184;-0.326306;0.445955;-0.532477;0.641184;-0.326306;0.546071;0.076868;0.829903;0.084604;0.326306;0.641184;0.532477;0.445955;0.546071;0.076868;0.829903;0.084604;0.445955;-0.532477;0.641184;-0.326306
25400222;1;0.553801;-0.359898;0.697731;-0.277396;0.565016;-0.330126;0.712301;-0.253774;0.561364;-0.358243;0.702105;-0.252154;0.579777;-0.300785;0.728572;-0.206325;0.889881;-0.355829;0.170209;0.229186;0.698156;-0.354615;-0.168407;0.598720;-0.139014;-0.330447;0.211938;0.909155;0.324125;-0.291392;0.779547;-0.449822;0.398256;-0.149598;0.818672;-0.385732;0.398256;-0.149598;0.818672;-0.385732;-0.299541;-0.069104;-0.461457;0.832200;0.392020;0.915198;-0.085560;-0.037597;0.470204;0.650540;-0.534820;-0.263958;0.501124;-0.005895;-0.842140;0.199100;-0.382797;0.602254;0.615294;-0.334916;0.503835;0.070087;-0.858129;-0.069665;0.503835;0.070087;-0.858129;-0.069665;0.677816;0.266452;-0.361966;0.581850;-0.033886;0.572536;-0.172027;0.800913;0.679844;-0.181717;0.569585;-0.424692;0.505656;-0.454574;0.528702;-0.508083;0.720733;0.050147;0.691383;-0.004368;0.396025;0.143996;0.894612;0.148654;0.063898;0.850851;0.311512;0.418246;0.213774;0.718671;0.538650;0.384277;-0.119610;0.892033;-0.122960;0.418152;0.439123;-0.527866;0.635654;-0.352806;0.439123;-0.527866;0.635654;-0.352806;0.559978;0.076218;0.822733;0.061035;0.352806;0.635654;0.527866;0.439123;0.559978;0.076218;0.822733;0.061035;0.439123;-0.527866;0.635654;-0.352806
25433555;1;0.533430;-0.378340;0.709930;-0.261363;0.547062;-0.338516;0.729759;-0.231475;0.565495;-0.350035;0.704308;-0.248275;0.583584;-0.292427;0.730110;-0.202127;0.897838;-0.348965;0.189484;0.190279;0.722549;-0.313597;-0.104212;0.607223;-0.103578;-0.260849;0.202882;0.938119;0.149784;-0.578537;0.795441;0.100660;0.129892;-0.430655;0.884290;0.125283;0.129892;-0.430655;0.884290;0.125283;0.309539;-0.294969;0.793554;-0.432955;0.382886;0.918047;-0.098062;-0.031173;0.475261;0.639186;-0.547491;-0.256557;-0.496313;0.031867;0.841005;-0.212999;-0.366508;0.625860;0.601938;-0.334129;-0.488982;-0.088598;0.863817;0.082866;-0.488982;-0.088598;0.863817;0.082866;0.707799;0.211621;-0.358298;0.570840;-0.053881;0.578747;-0.191793;0.790800;0.674967;-0.180116;0.582536;-0.415487;0.479968;-0.487545;0.520630;-0.510760;0.704496;0.020954;0.708985;-0.024207;0.400137;0.148143;0.892565;0.145846;0.080055;0.842203;0.330507;0.418391;0.262135;0.687095;0.563600;0.376219;-0.079367;0.887354;-0.083244;0.446514;0.435036;-0.535232;0.631095;-0.354950;0.435036;-0.535232;0.631095;-0.354950;0.558604;0.067786;0.824718;0.056629;0.354950;0.631095;0.535232;0.435036;0.558604;0.067786;0.824718;0.056629;0.435036;-0.535232;0.631095;-0.354950
25466866;1;0.541397;-0.380859;0.699399;-0.269587;0.558122;-0.333518;0.723172;-0.232997;0.558103;-0.351014;0.708609;-0.251364;0.576463;-0.293058;0.734475;-0.205798;0.894119;-0.349226;0.188462;0.207546;0.706130;-0.313249;-0.119897;0.623603;-0.156597;-0.267252;0.202674;0.928966;0.256080;-0.484454;0.836459;-0.007974;0.253571;-0.331779;0.907900;0.036633;0.253571;-0.331779;0.907900;0.036633;0.296703;-0.256532;0.723069;-0.568621;0.382324;0.918979;-0.094715;-0.018282;0.440466;0.669747;-0.538093;-0.260547;-0.475441;0.016485;0.858972;-0.189343;-0.442400;0.640080;0.581109;-0.238523;-0.485333;0.065866;0.862004;0.130622;-0.485333;0.065866;0.862004;0.130622;0.734794;0.200228;-0.431928;0.483140;-0.076346;0.582315;-0.212858;0.780879;0.661341;-0.192187;0.589508;-0.422104;-0.450669;0.513951;-0.513079;0.519135;0.689690;-0.003251;0.722323;-0.050662;0.394436;0.176045;0.887214;0.162111;0.077849;0.840801;0.333343;0.419376;0.303508;0.667667;0.567912;0.373604;-0.048053;0.876759;-0.066682;0.473855;0.458501;-0.543012;0.621276;-0.330047;0.458501;-0.543012;0.621276;-0.330047;0.557588;0.055342;0.823276;0.090830;0.330047;0.621276;0.543012;0.458501;0.557588;0.055342;0.823276;0.090830;0.458501;-0.543012;0.621276;-0.330047
25500222;1;0.528067;-0.392238;0.706159;-0.261982;0.545789;-0.339621;0.732918;-0.222718;0.545021;-0.357255;0.712615;-0.259811;0.564101;-0.298958;0.738969;-0.215267;0.888745;-0.358167;0.196502;0.207929;0.710140;-0.288952;-0.101625;0.633940;-0.197922;-0.231631;0.200420;0.931131;-0.089752;-0.576538;0.683923;0.437948;-0.164829;-0.448286;0.774071;0.415554;-0.164829;-0.448286;0.774071;0.415554;0.168477;-0.572065;0.792028;-0.130571;0.403887;0.906311;-0.106291;-0.064632;0.501881;0.608561;-0.558489;-0.256632;0.503491;-0.091306;-0.820925;0.253459;-0.246077;0.584608;0.592897;-0.496137;0.553775;0.280215;-0.784075;-0.006219;0.553775;0.280215;-0.784075;-0.006219;0.650985;0.346190;-0.169174;0.654027;-0.090740;0.592381;-0.219462;0.769862;0.661000;-0.194047;0.601233;-0.404900;-0.441523;0.527227;-0.502123;0.524368;0.686899;-0.020448;0.723923;-0.060724;0.413824;0.169735;0.876633;0.177355;0.081541;0.823922;0.344047;0.442872;0.319495;0.643935;0.573182;0.393361;-0.050495;0.863769;-0.046213;0.499216;0.501006;-0.505816;0.612399;-0.343672;0.501006;-0.505816;0.612399;-0.343672;0.597278;0.075365;0.790697;0.111252;0.343672;0.612399;0.505816;0.501006;0.597278;0.075365;0.790697;0.111252;0.501006;-0.505816;0.612399;-0.343672
25533555;1;0.518161;-0.395577;0.715475;-0.251244;0.530260;-0.358705;0.734654;-0.224586;0.548034;-0.372245;0.701473;-0.262733;0.567338;-0.314792;0.729065;-0.217938;0.886737;-0.376508;0.186325;0.192932;0.687907;-0.340305;-0.126286;0.628513;-0.170717;-0.286887;0.222377;0.916024;0.186767;-0.491135;0.820311;-0.225819;0.225710;-0.329030;0.897699;-0.186899;0.225710;-0.329030;0.897699;-0.186899;-0.280692;0.181436;-0.622135;0.707983;0.409050;0.907778;-0.088128;-0.029178;0.464180;0.642930;-0.545175;-0.271958;-0.498295;0.041285;0.841945;-0.202796;-0.383400;0.526547;0.554638;-0.517813;0.636432;0.013438;-0.764653;0.100396;0.636432;0.013438;-0.764653;0.100396;0.671169;0.268451;-0.181659;0.666683;-0.122708;0.576547;-0.246780;0.769179;0.664075;-0.187544;0.598487;-0.406995;-0.444036;0.523514;-0.502788;0.525328;0.689346;-0.017339;0.721763;-0.059652;0.384442;0.210071;0.880410;0.181527;0.080638;0.834509;0.350394;0.417513;0.313451;0.644356;0.593283;0.366836;-0.036026;0.878089;-0.032324;0.476043;0.463282;-0.558254;0.600333;-0.336635;0.463282;-0.558254;0.600333;-0.336635;0.565626;0.029754;0.819245;0.089553;0.336635;0.600333;0.558254;0.463282;0.565626;0.029754;0.819245;0.089553;0.463282;-0.558254;0.600333;-0.336635
25566888;1;0.527625;-0.404343;0.698462;-0.265082;0.546613;-0.348898;0.727746;-0.223319;0.539540;-0.372310;0.706537;-0.266622;0.559184;-0.314451;0.734118;-0.222496;0.880692;-0.374061;0.197441;0.213255;0.685311;-0.341839;-0.129546;0.629851;-0.174159;-0.290238;0.222256;0.914348;0.227019;-0.448304;0.758556;-0.414825;0.295903;-0.309102;0.825129;-0.368861;0.295903;-0.309102;0.825129;-0.368861;-0.285132;0.075022;-0.501746;0.813217;0.415017;0.903396;-0.101077;-0.037682;0.478152;0.633486;-0.552491;-0.254597;-0.493889;0.049587;0.839102;-0.222536;-0.309732;0.539855;0.590200;-0.514088;0.589831;0.081182;-0.795732;0.110992;0.589831;0.081182;-0.795732;0.110992;0.673724;0.266558;-0.176287;0.666307;-0.130523;0.591896;-0.254252;0.753643;0.647000;-0.207728;0.609826;-0.407863;-0.439311;0.528005;-0.519699;0.508064;0.673913;-0.008556;0.737014;-0.050785;0.392390;0.229152;0.870057;0.191101;0.093085;0.824986;0.358938;0.426493;0.299383;0.636905;0.605876;0.370993;-0.048858;0.881626;-0.018061;0.469066;0.499359;-0.507671;0.611553;-0.344838;0.499359;-0.507671;0.611553;-0.344838;0.596938;0.073455;0.791411;0.109263;0.344838;0.611553;0.507671;0.499359;0.596938;0.073455;0.791411;0.109263;0.499359;-0.507671;0.611553;-0.344838
25600200;1;0.524518;-0.389857;0.706467;-0.271655;0.536480;-0.356888;0.723681;-0.247196;0.532334;-0.382260;0.696997;-0.291023;0.553957;-0.325134;0.725406;-0.247396;0.873623;-0.400158;0.203946;0.187252;0.665648;-0.351871;-0.139520;0.643144;-0.199373;-0.303113;0.226719;0.903865;0.220385;-0.410779;0.681246;-0.564442;0.315760;-0.285225;0.742619;-0.517165;0.315760;-0.285225;0.742619;-0.517165;-0.292928;0.021450;-0.355390;0.887373;0.434710;0.896850;-0.076321;-0.029371;0.476503;0.633355;-0.554474;-0.253702;-0.489466;0.061352;0.839533;-0.227691;-0.327109;0.557690;0.571529;-0.505308;0.596615;0.071757;-0.795308;0.079921;0.596615;0.071757;-0.795308;0.079921;0.725917;0.232266;-0.176373;0.622888;-0.158399;0.594254;-0.272858;0.739811;0.644994;-0.212220;0.618548;-0.395403;-0.435768;0.533131;-0.514694;0.510849;0.673363;-0.015745;0.737079;-0.055216;0.379150;0.241398;0.867718;0.212223;0.080714;0.820304;0.371807;0.427019;0.334442;0.620453;0.599990;0.378417;-0.029151;0.865977;-0.010767;0.499118;0.488745;-0.535491;0.603525;-0.331868;0.488745;-0.535491;0.603525;-0.331868;0.580261;0.048107;0.805406;0.110929;0.331868;0.603525;0.535491;0.488745;0.580261;0.048107;0.805406;0.110929;0.488745;-0.535491;0.603525;-0.331868
25633555;1;0.516599;-0.398026;0.705741;-0.276823;0.528379;-0.366302;0.722715;-0.253616;0.530451;-0.380527;0.698256;-0.293698;0.552295;-0.323306;0.726523;-0.250214;0.871590;-0.399134;0.193503;0.208756;0.655399;-0.367515;-0.153227;0.641799;-0.205142;-0.322579;0.233428;0.894076;-0.261269;0.349188;-0.612373;0.659397;0.372376;-0.236916;0.663931;-0.603658;0.372376;-0.236916;0.663931;-0.603658;-0.282062;-0.053231;-0.253985;0.923634;0.441883;0.890017;-0.100464;-0.050167;0.484236;0.633588;-0.548728;-0.250958;-0.484649;0.081670;0.834186;-0.250160;-0.304252;0.568344;0.554146;-0.526628;0.583317;-0.030293;-0.793206;0.172187;0.583317;-0.030293;-0.793206;0.172187;0.637608;0.254138;-0.179450;0.704746;-0.182416;0.591543;-0.282677;0.732731;0.644070;-0.223212;0.616485;-0.394077;-0.441626;0.526037;-0.512860;0.515000;0.680408;-0.011999;0.730738;-0.054053;0.369871;0.265205;0.861998;0.223205;0.081526;0.818193;0.379306;0.424312;0.314447;0.624256;0.606457;0.378995;-0.043743;0.873151;-0.008769;0.485405;0.510590;-0.501278;0.585938;-0.380387;0.510590;-0.501278;0.585938;-0.380387;0.630016;0.059864;0.768778;0.092068;0.380387;0.585938;0.501278;0.510590;0.630016;0.059864;0.768778;0.092068;0.510590;-0.501278;0.585938;-0.380387
25666888;1;0.515772;-0.380332;0.711897;-0.287279;0.519467;-0.371036;0.716786;-0.280543;0.516977;-0.397871;0.684416;-0.325589;0.541422;-0.341704;0.714118;-0.283082;0.854929;-0.435500;0.180372;0.216569;0.669000;-0.371111;-0.146733;0.627045;-0.218006;-0.309979;0.251330;0.890629;-0.331708;0.331588;-0.370354;0.801784;-0.361863;0.317311;-0.382657;0.788633;-0.361863;0.317311;-0.382657;0.788633;-0.337703;-0.125380;-0.012154;0.932785;0.477360;0.871272;-0.102428;-0.050207;0.472806;0.639469;-0.549879;-0.255279;-0.480804;0.081896;0.839393;-0.239874;-0.336146;0.613708;0.568670;-0.432415;0.544554;-0.017345;-0.836494;0.058639;0.544554;-0.017345;-0.836494;0.058639;0.664424;0.207295;-0.276336;0.662727;-0.211768;0.589159;-0.302908;0.718535;0.640366;-0.231685;0.620668;-0.388618;-0.441219;0.529555;-0.513463;0.511129;0.677408;-0.014055;0.733662;-0.051583;0.342840;0.281108;0.863765;0.239476;0.067016;0.815608;0.399800;0.412859;0.332499;0.615468;0.604008;0.381862;-0.032919;0.865273;-0.004382;0.500199;0.498801;-0.541389;0.584841;-0.340671;0.498801;-0.541389;0.584841;-0.340671;0.593596;0.030725;0.796365;0.111815;0.340671;0.584841;0.541389;0.498801;0.593596;0.030725;0.796365;0.111815;0.498801;-0.541389;0.584841;-0.340671
25700222;1;0.514939;-0.413066;0.701236;-0.269227;0.524071;-0.388198;0.715302;-0.250987;0.532141;-0.391068;0.692407;-0.290628;0.553733;-0.334282;0.721538;-0.247018;0.866977;-0.404918;0.192254;0.217787;0.686787;-0.351179;-0.173066;0.612409;-0.206573;-0.320646;0.224643;0.896688;-0.389142;0.261215;-0.379150;0.797859;-0.269884;0.313215;-0.337469;0.845680;-0.269884;0.313215;-0.337469;0.845680;-0.323561;-0.209291;-0.042626;0.921786;0.443801;0.890287;-0.099073;-0.024775;0.454421;0.664194;-0.527438;-0.272318;-0.480457;0.063636;0.845751;-0.223195;-0.312854;0.552161;0.576299;-0.514898;0.588376;0.035024;-0.797356;0.129656;0.588376;0.035024;-0.797356;0.129656;0.649840;-0.122730;-0.156511;0.733587;-0.208085;0.583842;-0.299761;0.725239;0.636441;-0.238621;0.611420;-0.405177;-0.438696;0.527876;-0.514850;0.513636;0.677383;-0.011907;0.733463;-0.055151;0.379986;0.294613;0.844936;0.234301;0.104862;0.804191;0.392340;0.433994;0.325112;0.614747;0.606701;0.385101;-0.040430;0.866641;-0.001918;0.497289;0.512107;-0.536410;0.562986;-0.364771;0.512107;-0.536410;0.562986;-0.364771;0.620046;0.018792;0.777390;0.104183;0.364771;0.562986;0.536410;0.512107;0.620046;0.018792;0.777390;0.104183;0.512107;-0.536410;0.562986;-0.364771
25733533;1;0.507018;-0.420189;0.700035;-0.276271;0.512661;-0.405520;0.708633;-0.265653;0.533933;-0.408438;0.678060;-0.297201;0.556047;-0.352747;0.708630;-0.253426;0.855630;-0.421337;0.199272;0.225087;0.683453;-0.354886;-0.166119;0.615916;-0.204055;-0.318185;0.228687;0.897119;-0.486826;0.081856;0.125595;0.860538;-0.477227;0.080454;0.126497;0.865898;-0.477227;0.080454;0.126497;0.865898;-0.301567;-0.500985;0.269013;0.765312;0.457440;0.882290;-0.110789;0.006192;0.439781;0.667048;-0.524419;-0.294319;-0.486941;0.074149;0.845264;-0.207172;-0.363579;0.611655;0.631208;-0.308650;-0.474066;0.153290;0.865475;-0.052118;-0.474066;0.153290;0.865475;-0.052118;0.832714;0.080734;-0.363542;0.409765;-0.224836;0.579422;-0.313457;0.717958;0.634740;-0.240880;0.613193;-0.403826;-0.424621;0.542011;-0.501909;0.523458;0.674327;-0.031150;0.734261;-0.071930;0.361366;0.315882;0.845878;0.232644;0.103334;0.810193;0.398524;0.417237;0.316768;0.608840;0.629545;0.364205;-0.031520;0.878413;0.018407;0.476506;0.481735;-0.543318;0.602837;-0.330644;0.481735;-0.543318;0.602837;-0.330644;0.574438;0.042086;0.810454;0.106837;0.330644;0.602837;0.543318;0.481735;0.574438;0.042086;0.810454;0.106837;0.481735;-0.543318;0.602837;-0.330644
25766888;1;0.512262;-0.410508;0.702676;-0.274438;0.515272;-0.402696;0.707182;-0.268744;0.513292;-0.430135;0.670652;-0.318969;0.537218;-0.374968;0.702986;-0.276779;0.830464;-0.445626;0.214403;0.256475;0.730535;-0.293280;-0.129103;0.603023;-0.203899;-0.248559;0.202235;0.925065;0.526353;0.151536;-0.004819;-0.836640;-0.345799;-0.149366;-0.026004;0.925979;-0.345799;-0.149366;-0.026004;0.925979;-0.139003;-0.600362;0.350636;0.705193;0.488381;0.866106;-0.105857;0.011753;0.443010;0.636637;-0.562047;-0.287296;-0.491095;0.088112;0.844653;-0.193966;-0.260675;0.693042;0.613872;-0.273684;-0.375492;0.138834;0.915353;-0.043130;-0.375492;0.138834;0.915353;-0.043130;0.740241;0.147762;-0.406535;0.514722;-0.246847;0.573677;-0.323101;0.711032;0.632543;-0.252781;0.607982;-0.407858;-0.423979;0.544342;-0.496654;0.526563;0.676048;-0.036523;0.732166;-0.074555;0.362490;0.339785;0.830968;0.250279;0.112910;0.798313;0.410614;0.425843;0.342089;0.573737;0.650997;0.360562;-0.010743;0.868688;0.058238;0.491807;0.536352;-0.520036;0.576716;-0.330588;0.536352;-0.520036;0.576716;-0.330588;0.613019;0.040078;0.775521;0.145497;0.330588;0.576715;0.520036;0.536352;0.613019;0.040078;0.775521;0.145497;0.536352;-0.520036;0.576716;-0.330588
25800211;1;0.508865;-0.416806;0.706285;-0.261708;0.508845;-0.416860;0.706252;-0.261748;0.504437;-0.447605;0.661067;-0.328913;0.529189;-0.393150;0.694833;-0.287401;0.821469;-0.469798;0.198811;0.254857;0.702205;-0.317975;-0.171055;0.613628;-0.247134;-0.292327;0.211926;0.899198;-0.448578;-0.196609;0.279406;0.825866;-0.265479;-0.250814;0.231981;0.901553;-0.265479;-0.250814;0.231981;0.901553;-0.139665;-0.589936;0.619045;0.499252;0.512490;0.853411;-0.094996;-0.004448;0.466435;0.626513;-0.553313;-0.289421;-0.498395;0.117016;0.827636;-0.230062;-0.256745;0.620421;0.585581;-0.454153;0.509274;0.019853;-0.852897;0.113194;0.509274;0.019853;-0.852897;0.113194;0.709929;0.201208;-0.232437;0.633631;-0.271407;0.562813;-0.339929;0.702871;0.630462;-0.258878;0.604426;-0.412516;-0.414581;0.553432;-0.486859;0.533670;0.674387;-0.049941;0.731633;-0.086145;0.349012;0.361437;0.825330;0.257652;0.116122;0.793324;0.427079;0.418040;0.351151;0.568414;0.651436;0.359486;-0.003527;0.865252;0.062256;0.497445;0.515667;-0.518522;0.598161;-0.327759;0.515667;-0.518522;0.598161;-0.327759;0.596392;0.056313;0.789614;0.132871;0.327759;0.598161;0.518522;0.515667;0.596392;0.056313;0.789614;0.132871;0.515667;-0.518522;0.598161;-0.327759
25833555;1;0.496931;-0.443411;0.689208;-0.285376;0.502105;-0.430637;0.697260;-0.276171;0.527624;-0.404813;0.682357;-0.303527;0.550265;-0.348789;0.712622;-0.260238;0.860836;-0.426987;0.196286;0.195233;0.692619;-0.302713;-0.140827;0.639383;-0.225370;-0.269511;0.197057;0.915282;0.532723;0.152939;-0.276424;-0.785115;-0.104496;-0.264312;0.173030;0.943017;-0.104496;-0.264312;0.173030;0.943017;-0.016304;0.630649;-0.611135;-0.478047;0.464034;0.879198;-0.106172;-0.020258;0.439926;0.669043;-0.527854;-0.283226;-0.477168;0.078175;0.848609;-0.214622;-0.289224;0.573159;0.589278;-0.490499;0.561728;0.083638;-0.817780;0.093286;0.561728;0.083638;-0.817780;0.093286;0.676134;0.312887;-0.188014;0.639996;-0.287499;0.568391;-0.360564;0.681374;0.609253;-0.284710;0.609959;-0.419167;-0.417617;0.543901;-0.508134;0.521121;0.667743;-0.028122;0.740047;-0.075226;0.345346;0.382802;0.812419;0.272350;0.130471;0.775616;0.452700;0.420071;0.356546;0.570129;0.636606;0.377572;-0.012502;0.856123;0.050573;0.514139;0.491078;-0.545778;0.570470;-0.368148;0.491078;-0.545778;0.570470;-0.368148;0.607564;0.017460;0.789307;0.086925;0.368148;0.570470;0.545778;0.491078;0.607564;0.017460;0.789307;0.086925;0.491078;-0.545778;0.570470;-0.368148
25866877;1;0.504699;-0.432327;0.696382;-0.270968;0.502288;-0.438457;0.692540;-0.275412;0.516589;-0.437072;0.661346;-0.323613;0.540877;-0.382628;0.694266;-0.281144;0.841315;-0.468304;0.176353;0.204402;0.688518;-0.318054;-0.167054;0.629982;-0.191428;-0.305763;0.188611;0.913395;0.513938;0.087219;-0.262732;-0.811931;-0.158722;-0.182310;0.208323;0.947719;-0.158722;-0.182310;0.208323;0.947719;0.066541;0.612687;-0.582305;-0.530196;0.504344;0.858422;-0.088571;-0.030058;0.449125;0.647968;-0.544641;-0.285991;-0.491698;0.075228;0.843111;-0.204297;-0.341586;0.555710;0.559314;-0.511540;0.611575;0.072976;-0.785061;0.065802;0.611575;0.072976;-0.785061;0.065802;0.628361;0.140302;-0.196394;0.739532;-0.306779;0.560542;-0.378715;0.669518;0.600224;-0.296445;0.608099;-0.426693;-0.406448;0.551266;-0.503495;0.526687;0.663753;-0.036684;0.741968;-0.086999;0.338020;0.408871;0.800298;0.279447;0.141108;0.768127;0.466470;0.415302;0.354736;0.558819;0.652669;0.368655;-0.007394;0.859361;0.069912;0.506514;0.502268;-0.540342;0.602499;-0.304554;0.502268;-0.540342;0.602499;-0.304554;0.570509;0.043952;0.808110;0.139804;0.304554;0.602499;0.540342;0.502268;0.570509;0.043952;0.808110;0.139804;0.502268;-0.540342;0.602499;-0.304554
25900222;1;0.510027;-0.430079;0.693182;-0.272771;0.506076;-0.439943;0.686964;-0.280032;0.512217;-0.449662;0.652311;-0.331554;0.537156;-0.395902;0.686270;-0.289410;0.833584;-0.484959;0.165663;0.206174;0.705618;-0.300811;-0.177556;0.616514;-0.179773;-0.304423;0.171290;0.919602;0.520344;0.201700;-0.273974;-0.783260;-0.011127;-0.318208;0.120368;0.940283;-0.011127;-0.318208;0.120368;0.940283;0.003676;-0.612879;0.631175;0.475378;0.521994;0.847578;-0.085962;-0.041764;0.431942;0.659060;-0.545858;-0.284789;-0.478610;0.079815;0.852027;-0.196498;-0.321282;0.568964;0.579541;-0.487022;0.582503;0.124975;-0.802477;0.033213;0.582503;0.124975;-0.802477;0.033213;0.592439;0.253121;-0.238564;0.726659;-0.331665;0.543355;-0.395774;0.661912;0.594455;-0.306641;0.598223;-0.441276;-0.398173;0.556991;-0.498870;0.531365;0.661184;-0.044057;0.742736;-0.096107;0.325918;0.438761;0.783976;0.294360;0.146621;0.759045;0.480572;0.414010;0.362849;0.546007;0.658540;0.369516;-0.002163;0.854437;0.083072;0.512867;0.514558;-0.522796;0.586856;-0.342803;0.514558;-0.522796;0.586856;-0.342803;0.606246;0.045297;0.784643;0.121449;0.342803;0.586856;0.522796;0.514558;0.606246;0.045297;0.784643;0.121449;0.514558;-0.522796;0.586856;-0.342803
25933544;1;0.524823;-0.413563;0.696422;-0.261769;0.516160;-0.435681;0.682803;-0.278463;0.498259;-0.477478;0.625359;-0.364252;0.525865;-0.425790;0.661635;-0.323122;0.803648;-0.528196;0.155317;0.225911;0.682336;-0.294118;-0.234718;0.626753;-0.221387;-0.347236;0.145000;0.899661;0.503456;0.134639;-0.237416;-0.819779;0.040161;-0.244272;0.121758;0.961194;0.040161;-0.244272;0.121758;0.961194;0.149381;-0.559766;0.658690;0.480077;0.571480;0.811042;-0.116187;-0.046068;0.405543;0.676816;-0.520471;-0.326443;-0.488290;0.099410;0.847990;-0.180563;-0.242913;0.603228;0.630427;-0.423876;-0.487126;-0.182568;0.853224;-0.037220;-0.487126;-0.182568;0.853224;-0.037220;0.537564;0.403478;-0.257694;0.694135;-0.348727;0.535869;-0.419322;0.644518;0.580994;-0.318693;0.601203;-0.446583;-0.376076;0.576170;-0.494533;0.531067;0.645358;-0.060806;0.753267;-0.111376;0.323991;0.461929;0.764468;0.311833;0.156456;0.748184;0.487836;0.421614;0.384389;0.524368;0.662340;0.372276;0.011292;0.841851;0.100932;0.530068;0.541452;-0.505331;0.595210;-0.311762;0.541452;-0.505331;0.595210;-0.311762;0.603313;0.063554;0.778200;0.162415;0.311762;0.595210;0.505331;0.541452;0.603313;0.063554;0.778200;0.162415;0.541452;-0.505331;0.595210;-0.311762
25966888;1;0.526510;-0.408809;0.696726;-0.265021;0.514537;-0.438603;0.678365;-0.287577;0.490036;-0.488685;0.619595;-0.370344;0.518156;-0.437424;0.656789;-0.329853;0.798175;-0.544023;0.123304;0.227488;0.730553;-0.248139;-0.167508;0.613727;-0.169623;-0.268660;0.132114;0.938933;0.508633;0.301747;-0.244133;-0.768531;0.079638;-0.388124;0.003525;0.918153;0.079638;-0.388124;0.003525;0.918153;-0.131123;0.620847;-0.609268;-0.475551;0.580028;0.809209;-0.081437;-0.046017;0.407991;0.663847;-0.526735;-0.339706;0.509681;-0.065998;-0.844860;0.148600;-0.364110;0.531809;0.628769;-0.435032;0.567297;0.143065;-0.810989;-0.001558;0.567297;0.143065;-0.810989;-0.001558;0.606413;0.271533;-0.286732;0.690157;-0.365888;0.536636;-0.448596;0.613929;0.556732;-0.346961;0.607334;-0.448122;-0.386505;0.560581;-0.523526;0.512136;0.639468;-0.029196;0.762882;-0.090775;0.314090;0.497112;0.738001;0.331031;0.177561;0.725103;0.515726;0.420386;0.352965;0.528405;0.676073;0.373000;-0.011487;0.854260;0.107972;0.508379;0.535101;-0.469431;0.611303;-0.345848;0.535101;-0.469431;0.611303;-0.345848;0.622925;0.100319;0.764194;0.133822;0.345848;0.611303;0.469431;0.535101;0.622925;0.100319;0.764194;0.133822;0.535101;-0.469431;0.611303;-0.345848
26000211;1;0.528701;-0.414567;0.691306;-0.265907;0.514702;-0.448709;0.669648;-0.292083;0.478300;-0.497114;0.617098;-0.378546;0.507116;-0.446026;0.654976;-0.338971;0.789857;-0.555708;0.121020;0.229498;0.713707;-0.267450;-0.204686;0.614163;-0.161473;-0.312846;0.124712;0.927632;0.530963;0.185112;-0.231052;-0.793994;0.091288;-0.289544;0.061774;0.950797;0.091288;-0.289544;0.061774;0.950797;0.145947;-0.601138;0.618115;0.485042;0.590934;0.802448;-0.063855;-0.052884;0.427166;0.643671;-0.536776;-0.339246;0.527166;-0.046410;-0.836832;0.140196;-0.313459;0.551882;0.647944;-0.421115;0.524921;0.178793;-0.832129;0.007227;0.524921;0.178793;-0.832129;0.007227;0.618267;0.325179;-0.275239;0.660491;-0.398850;0.512786;-0.461434;0.604192;0.554574;-0.359993;0.588464;-0.465363;-0.404652;0.539921;-0.526565;0.517177;0.655823;-0.012346;0.750384;-0.081656;0.308724;0.524200;0.710476;0.353734;0.197700;0.701850;0.535684;0.425867;0.342704;0.535150;0.668472;0.386412;-0.028278;0.853708;0.097923;0.510679;0.540880;-0.485475;0.602944;-0.328970;0.540880;-0.485475;0.602944;-0.328970;0.615077;0.083064;0.769629;0.149843;0.328970;0.602944;0.485475;0.540880;0.615077;0.083064;0.769629;0.149843;0.540880;-0.485475;0.602944;-0.328970
26033555;1;0.534999;-0.421149;0.679465;-0.273379;0.522028;-0.451581;0.659632;-0.297400;0.474770;-0.506957;0.613832;-0.375230;0.503332;-0.456099;0.652510;-0.335948;0.795146;-0.565234;0.094764;0.198174;0.685919;-0.282452;-0.201785;0.639546;-0.163305;-0.322995;0.127165;0.923491;0.537387;0.121760;-0.219905;-0.805004;0.130224;-0.236844;0.084193;0.959092;0.130224;-0.236844;0.084193;0.959092;0.177295;-0.594299;0.623431;0.476139;0.597061;0.796566;-0.039744;-0.086144;0.437150;0.647074;-0.529052;-0.332112;0.528455;-0.032342;-0.835198;0.148773;-0.330079;0.533375;0.641522;-0.441597;0.551100;0.171197;-0.816536;0.015788;0.551100;0.171197;-0.816536;0.015788;0.659422;0.304002;-0.248994;0.640896;-0.406967;0.514241;-0.494195;0.570705;0.525179;-0.389630;0.597387;-0.464225;0.398868;-0.539886;0.550411;-0.496462;0.637216;0.004544;0.767383;-0.071133;0.313911;0.540863;0.674335;0.392683;0.223909;0.671212;0.544731;0.450119;0.350366;0.531237;0.649273;0.416504;-0.044092;0.837567;0.087142;0.537536;0.523641;-0.487865;0.597648;-0.361394;0.523641;-0.487865;0.597648;-0.361394;0.625814;0.077628;0.767573;0.114726;0.361394;0.597648;0.487865;0.523641;0.625814;0.077628;0.767573;0.114726;0.523641;-0.487865;0.597648;-0.361394
26066877;1;0.512441;-0.441741;0.679350;-0.284170;0.494690;-0.481245;0.651962;-0.314054;0.471369;-0.515886;0.608917;-0.375357;0.499952;-0.465393;0.648327;-0.336348;0.787388;-0.571085;0.105144;0.206947;0.700344;-0.273554;-0.177506;0.634963;-0.161834;-0.296308;0.136168;0.931381;0.509497;0.160427;-0.173621;-0.827365;0.141808;-0.234504;0.029811;0.961254;0.141808;-0.234504;0.029811;0.961254;-0.175305;0.603628;-0.566565;-0.532827;0.606042;0.789290;-0.044260;-0.088176;0.459774;0.627653;-0.522951;-0.348112;0.550226;-0.062061;-0.814601;0.172699;-0.257801;0.561858;0.662595;-0.422874;-0.495226;-0.263297;0.827883;-0.005986;-0.495226;-0.263297;0.827883;-0.005986;0.609710;0.366851;-0.241900;0.659666;0.420877;-0.505083;0.535810;-0.529774;0.499210;-0.414273;0.608755;-0.456710;0.386384;-0.547543;0.552955;-0.495122;0.627455;0.000860;0.774638;-0.078960;0.273336;0.569451;0.671034;0.388236;0.208733;0.668250;0.572720;0.426455;0.340747;0.541506;0.636427;0.430840;-0.061112;0.835830;0.070890;0.540951;0.530062;-0.484149;0.593490;-0.363873;0.530062;-0.484149;0.593490;-0.363873;0.632107;0.077316;0.762006;0.117514;0.363873;0.593490;0.484149;0.530062;0.632107;0.077316;0.762006;0.117514;0.530062;-0.484149;0.593490;-0.363873
26100222;1;0.496634;-0.455926;0.679155;-0.290233;0.478071;-0.496370;0.650182;-0.319888;0.469709;-0.524696;0.600551;-0.378690;0.498565;-0.474846;0.640694;-0.339803;0.780830;-0.581163;0.109570;0.201367;0.694075;-0.295756;-0.189796;0.628304;-0.146264;-0.320670;0.143751;0.924723;0.502837;0.108413;-0.231865;-0.825615;-0.015213;-0.210944;0.144973;0.966568;-0.015213;-0.210944;0.144973;0.966568;-0.075041;0.610830;-0.593042;-0.519188;0.618010;0.778481;-0.055888;-0.094379;0.453365;0.636797;-0.515178;-0.351484;0.548112;-0.056019;-0.817178;0.169277;-0.359938;0.505422;0.641783;-0.450675;0.575907;0.142282;-0.804420;0.031543;0.575907;0.142282;-0.804420;0.031543;0.630177;0.341045;-0.246665;0.652474;0.427741;-0.501029;0.572636;-0.487951;0.471816;-0.444924;0.617237;-0.445478;0.386864;-0.546796;0.557627;-0.490308;0.624419;0.004705;0.777444;-0.075229;0.240171;0.594652;0.663345;0.385590;0.198625;0.660791;0.597501;0.408529;0.351383;0.520338;0.646654;0.433148;-0.055056;0.828057;0.093024;0.550124;0.524879;-0.484939;0.601929;-0.356395;0.524879;-0.484939;0.601929;-0.356395;0.623155;0.082724;0.768532;0.119136;0.356395;0.601929;0.484939;0.524879;0.623155;0.082724;0.768532;0.119136;0.524879;-0.484939;0.601929;-0.356395
26133555;1;0.520967;-0.436474;0.669934;-0.298785;0.497638;-0.484457;0.636099;-0.336208;0.449474;-0.536473;0.587603;-0.406070;0.480591;-0.487623;0.628732;-0.368717;0.761898;-0.609288;0.090312;0.200309;0.711368;-0.261766;-0.145720;0.635767;-0.147582;-0.264508;0.140682;0.942584;-0.484130;-0.261212;0.242577;0.799089;-0.009793;-0.348330;0.075773;0.934253;-0.009793;-0.348330;0.075773;0.934253;-0.153828;0.630656;-0.590873;-0.479040;0.640563;0.760475;-0.030632;-0.102072;0.448965;0.646109;-0.516860;-0.337387;0.534157;-0.051510;-0.825801;0.173422;-0.416845;0.472090;0.623087;-0.463825;0.623111;0.116966;-0.772933;0.025012;0.623111;0.116966;-0.772933;0.025012;0.648508;0.344001;-0.232771;0.637901;0.442421;-0.491763;0.580154;-0.475241;0.465752;-0.462058;0.604075;-0.452406;0.398541;-0.540865;0.551800;-0.494111;0.635336;0.004837;0.769069;-0.069697;0.296865;0.588251;0.586160;0.471433;0.278169;0.610899;0.562536;0.482678;0.348391;0.522141;0.641352;0.441203;-0.062882;0.825625;0.088036;0.553751;0.527203;-0.472949;0.620568;-0.336558;0.527203;-0.472949;0.620568;-0.336558;0.610772;0.104383;0.773233;0.134806;0.336558;0.620568;0.472949;0.527203;0.610772;0.104383;0.773233;0.134806;0.527203;-0.472949;0.620568;-0.336558
26166888;1;0.521849;-0.442020;0.661056;-0.308701;0.495923;-0.492697;0.624201;-0.348831;0.450214;-0.541265;0.584178;-0.403826;0.481148;-0.492675;0.625703;-0.366421;0.756640;-0.609349;0.090609;0.219043;0.694362;-0.291370;-0.161142;0.637964;-0.165714;-0.292332;0.159391;0.928265;-0.469292;-0.166747;0.240046;0.833270;-0.012628;-0.261381;0.130793;0.956250;-0.012628;-0.261381;0.130793;0.956250;0.110681;-0.597987;0.613575;0.503673;0.644818;0.755734;-0.038825;-0.107553;0.460415;0.651253;-0.503757;-0.331839;0.534119;-0.046885;-0.822011;0.191874;-0.408174;0.469799;0.625642;-0.470378;0.621470;0.114601;-0.773954;0.040451;0.621470;0.114601;-0.773954;0.040451;0.639372;0.334381;-0.230455;0.652904;0.450823;-0.485719;0.577083;-0.477296;0.472752;-0.458147;0.599201;-0.455592;-0.399382;0.542849;-0.537239;0.507132;0.645060;-0.006882;0.760081;-0.078275;0.294786;0.590191;0.580443;0.477348;0.277281;0.610988;0.558530;0.487701;0.347595;0.515016;0.652796;0.433351;-0.057841;0.828589;0.101148;0.547597;0.541035;-0.467411;0.622927;-0.317444;0.541035;-0.467411;0.622927;-0.317444;0.607036;0.109966;0.770985;0.158103;0.317444;0.622927;0.467411;0.541035;0.607036;0.109966;0.770985;0.158103;0.541035;-0.467411;0.622927;-0.317444
26200200;1;0.527915;-0.445940;0.648333;-0.319542;0.504670;-0.489507;0.616102;-0.355120;0.446986;-0.541161;0.578317;-0.415809;0.478891;-0.493041;0.619852;-0.378625;0.752368;-0.618502;0.074042;0.214280;0.674103;-0.313508;-0.153141;0.651035;-0.139875;-0.306493;0.166736;0.926659;0.519889;0.182785;-0.276141;-0.787433;-0.132052;-0.283531;0.171099;0.934290;-0.132052;-0.283531;0.171099;0.934290;-0.252793;-0.564682;0.633528;0.464620;0.649952;0.751887;-0.030134;-0.106397;0.472533;0.655903;-0.496577;-0.316093;0.529608;-0.031974;-0.822055;0.206684;-0.379746;0.476465;0.611516;-0.504799;0.626155;0.101646;-0.768530;0.083421;0.626155;0.101646;-0.768530;0.083421;0.637750;0.291640;-0.199599;0.684384;0.461458;-0.478476;0.565567;-0.488110;0.487562;-0.446780;0.590920;-0.462043;-0.403459;0.541503;-0.536610;0.506009;0.647152;-0.006349;0.758675;-0.074608;0.300311;0.584726;0.572449;0.490113;0.281152;0.606538;0.549308;0.501324;0.342559;0.523626;0.638554;0.448015;-0.071837;0.824712;0.085055;0.554486;0.531930;-0.465898;0.626734;-0.327405;0.531930;-0.465898;0.626734;-0.327405;0.607641;0.113728;0.772608;0.144621;0.327405;0.626734;0.465898;0.531930;0.607641;0.113728;0.772608;0.144621;0.531930;-0.465898;0.626734;-0.327405
26233555;1;0.529312;-0.447525;0.643383;-0.324975;0.505059;-0.491811;0.610198;-0.361517;0.444041;-0.537551;0.586015;-0.412859;0.475719;-0.488825;0.627236;-0.375921;0.754172;-0.611985;0.081146;0.223861;0.686163;-0.288680;-0.139775;0.652922;-0.166426;-0.275770;0.163781;0.932432;0.503559;0.203824;-0.257524;-0.799103;-0.142348;-0.289739;0.154641;0.933742;-0.142348;-0.289739;0.154641;0.933742;-0.226894;-0.591519;0.601884;0.486170;0.647376;0.751848;-0.041789;-0.117827;0.481464;0.659204;-0.487502;-0.309813;0.527823;-0.029149;-0.819365;0.221799;-0.384190;0.468631;0.600004;-0.522281;0.638298;0.073760;-0.757746;0.113820;0.638298;0.073760;-0.757746;0.113820;0.627552;0.307754;-0.183355;0.691264;0.460053;-0.485011;0.562260;-0.486805;0.490002;-0.448454;0.591824;-0.456652;0.424387;-0.524045;0.547645;-0.495336;0.654450;0.013939;0.754158;-0.052401;0.297079;0.583267;0.576856;0.488651;0.278389;0.604798;0.554263;0.499511;0.327955;0.536364;0.632001;0.453137;-0.085893;0.829102;0.071514;0.547812;0.522810;-0.478391;0.623842;-0.329597;0.522810;-0.478391;0.623842;-0.329597;0.602742;0.102850;0.779396;0.136622;0.329597;0.623842;0.478391;0.522810;0.602742;0.102850;0.779396;0.136622;0.522810;-0.478391;0.623842;-0.329597
26266877;1;0.526056;-0.449215;0.647146;-0.320427;0.503666;-0.491111;0.615956;-0.354582;0.441367;-0.539290;0.586341;-0.412997;0.473065;-0.490532;0.627700;-0.376272;0.755108;-0.614144;0.079645;0.215164;0.677564;-0.289417;-0.128272;0.663845;-0.152430;-0.271552;0.162713;0.936242;0.569355;0.212097;-0.286424;-0.740818;-0.087482;-0.332039;0.129513;0.930228;-0.087482;-0.332039;0.129513;0.930228;-0.047768;0.639479;-0.626092;-0.443613;0.649923;0.749655;-0.046304;-0.116074;0.486491;0.650043;-0.484835;-0.325125;0.540675;-0.041750;-0.809863;0.223718;-0.374562;0.507297;0.596054;-0.497064;0.616485;0.064149;-0.780074;0.085525;0.616485;0.064149;-0.780074;0.085525;0.623183;0.320258;-0.214143;0.680603;0.458063;-0.489553;0.564179;-0.481890;0.488087;-0.452361;0.594410;-0.451460;0.429152;-0.521649;0.546304;-0.495240;0.657748;0.014714;0.751500;-0.048978;0.290954;0.583530;0.586610;0.480341;0.271197;0.607020;0.562289;0.491742;0.320461;0.541509;0.630929;0.453873;-0.091757;0.831972;0.067164;0.543040;0.521412;-0.471290;0.626656;-0.336627;0.521412;-0.471290;0.626656;-0.336627;0.606725;0.109861;0.776365;0.130662;0.336627;0.626656;0.471290;0.521412;0.606725;0.109861;0.776365;0.130662;0.521412;-0.471290;0.626656;-0.336627
26300222;1;0.530123;-0.443750;0.643145;-0.329271;0.517398;-0.467564;0.626046;-0.348926;0.442218;-0.535385;0.587944;-0.414882;0.474065;-0.486511;0.628985;-0.378083;0.758185;-0.613724;0.079900;0.205217;0.669109;-0.305096;-0.150333;0.660764;-0.137586;-0.301579;0.157269;0.930261;0.543377;0.164478;-0.267114;-0.778677;-0.124014;-0.268961;0.161439;0.941391;-0.124014;-0.268961;0.161439;0.941391;0.006024;-0.614093;0.625365;0.481428;0.644395;0.754592;-0.026342;-0.121047;0.494107;0.636988;-0.489219;-0.332821;0.551245;-0.052869;-0.801432;0.225922;-0.379251;0.509737;0.587808;-0.500817;0.624312;0.075198;-0.774400;0.069886;0.624312;0.075198;-0.774400;0.069886;0.604954;0.351812;-0.216822;0.680623;0.455034;-0.496130;0.554176;-0.489580;0.494301;-0.448234;0.593581;-0.449905;0.432767;-0.520546;0.547173;-0.492287;0.658230;0.016135;0.751336;-0.044344;0.304690;0.573794;0.579937;0.491525;0.281991;0.599743;0.553080;0.504869;0.325116;0.537707;0.629719;0.456755;-0.090471;0.828451;0.068975;0.548385;0.524949;-0.478245;0.622269;-0.329381;0.524949;-0.478245;0.622269;-0.329381;0.604103;0.101841;0.778180;0.138287;0.329381;0.622269;0.478245;0.524949;0.604103;0.101841;0.778180;0.138287;0.524949;-0.478245;0.622269;-0.329381
26333555;1;0.535756;-0.436570;0.648844;-0.318393;0.524226;-0.459120;0.633088;-0.337039;0.436187;-0.537081;0.590071;-0.416054;0.468147;-0.488032;0.631241;-0.379734;0.757562;-0.615973;0.081602;0.200044;0.669139;-0.292548;-0.148051;0.666895;-0.147218;-0.291571;0.149966;0.933179;0.584134;0.141208;-0.260707;-0.755566;-0.062227;-0.262786;0.137302;0.953006;-0.062227;-0.262786;0.137302;0.953006;0.032335;-0.621210;0.624489;0.472299;0.644788;0.753578;-0.012115;-0.127366;0.492791;0.639754;-0.487962;-0.331309;0.548750;-0.052083;-0.802919;0.226896;-0.374140;0.525430;0.580558;-0.496885;0.618810;0.069279;-0.779952;0.062845;0.618810;0.069279;-0.779952;0.062845;0.578353;0.383529;-0.231789;0.681680;0.452907;-0.499205;0.543299;-0.500495;0.499098;-0.444516;0.588884;-0.454447;0.438533;-0.514823;0.544586;-0.496056;0.664944;0.018379;0.745430;-0.042966;0.318015;0.564239;0.584561;0.488661;0.285665;0.601083;0.546621;0.508232;0.317309;0.544125;0.634711;0.447644;-0.089604;0.836453;0.067994;0.536372;0.521583;-0.480110;0.626834;-0.323303;0.521583;-0.480110;0.626834;-0.323303;0.597425;0.103749;0.782727;0.140205;0.323303;0.626834;0.480110;0.521583;0.597425;0.103749;0.782727;0.140205;0.521583;-0.480110;0.626834;-0.323303
26366888;1;0.535194;-0.436880;0.648959;-0.318678;0.524055;-0.458681;0.633738;-0.336681;0.436427;-0.535546;0.592012;-0.415022;0.468304;-0.486346;0.633052;-0.378687;0.759205;-0.614016;0.081726;0.199785;0.671901;-0.289595;-0.149129;0.665164;-0.143783;-0.290775;0.146814;0.934463;0.581622;0.136990;-0.255726;-0.759969;-0.064225;-0.255570;0.137281;0.954837;-0.064225;-0.255570;0.137281;0.954837;0.061739;-0.603867;0.640979;0.469765;0.642744;0.754783;-0.011426;-0.130583;0.490035;0.639652;-0.485233;-0.339499;0.554348;-0.048759;-0.801392;0.219299;-0.389552;0.530126;0.577333;-0.483634;0.619798;0.068463;-0.780807;0.038771;0.619798;0.068463;-0.780807;0.038771;0.582765;0.394579;-0.246459;0.666296;0.451106;-0.500782;0.542517;-0.501394;0.497156;-0.446466;0.588025;-0.455775;0.437482;-0.515458;0.545574;-0.495239;0.663629;0.018624;0.746585;-0.043129;0.318756;0.564091;0.584928;0.487910;0.286780;0.600607;0.547383;0.507346;0.314175;0.547449;0.634444;0.446177;-0.090812;0.838606;0.065470;0.533111;0.528581;-0.475335;0.627882;-0.316896;0.528581;-0.475335;0.627882;-0.316896;0.597843;0.107867;0.780092;0.149684;0.316896;0.627882;0.475335;0.528581;0.597843;0.107867;0.780092;0.149684;0.528581;-0.475335;0.627882;-0.316896
26400200;1;0.520020;-0.443033;0.669839;-0.290888;0.508711;-0.467915;0.652701;-0.310243;0.442738;-0.520217;0.614823;-0.394143;0.472920;-0.469237;0.654561;-0.357369;0.778922;-0.585863;0.086975;0.206105;0.689956;-0.261546;-0.130744;0.662163;-0.175430;-0.252748;0.147033;0.940066;0.558185;0.221132;-0.255981;-0.757630;0.010085;-0.330651;0.071384;0.940996;0.010085;-0.330651;0.071384;0.940996;0.192768;-0.605336;0.630916;0.445370;0.622938;0.770660;-0.040378;-0.128065;0.483910;0.640360;-0.474678;-0.361181;0.566602;-0.048823;-0.795610;0.208765;-0.365032;0.544055;0.572153;-0.493352;0.613571;0.119512;-0.780430;0.013256;0.613571;0.119512;-0.780430;0.013256;0.542989;0.434308;-0.247436;0.674770;-0.423694;0.531610;-0.525853;0.511226;0.501766;-0.438296;0.605832;-0.434851;0.448154;-0.505254;0.559132;-0.480883;0.661095;0.035519;0.749027;-0.025518;0.301689;0.552092;0.645353;0.433241;0.242471;0.631857;0.567495;0.468950;0.295103;0.558443;0.643078;0.433020;-0.095096;0.852357;0.063882;0.510258;0.536384;-0.485834;0.607367;-0.327663;0.536384;-0.485834;0.607367;-0.327663;0.610974;0.085937;0.773009;0.147588;0.327663;0.607367;0.485834;0.536384;0.610974;0.085937;0.773009;0.147588;0.536384;-0.485834;0.607367;-0.327663
26433555;1;0.521389;-0.441077;0.673039;-0.283941;0.511354;-0.463879;0.657531;-0.301639;0.451110;-0.503394;0.631331;-0.380153;0.480143;-0.451144;0.669666;-0.342753;0.795374;-0.563982;0.101906;0.197279;0.684474;-0.277774;-0.149491;0.657258;-0.154160;-0.280504;0.144304;0.936338;0.570639;0.179102;-0.258320;-0.758659;0.026765;-0.301077;0.090329;0.948935;0.026765;-0.301077;0.090329;0.948935;-0.375201;-0.484911;0.681252;0.399977;0.601810;0.786097;-0.048073;-0.132537;0.474548;0.638799;-0.489710;-0.356264;0.562582;-0.040958;-0.803868;0.188734;-0.358383;0.511134;0.593640;-0.507832;0.620510;0.145900;-0.769663;0.036062;0.620510;0.145900;-0.769663;0.036062;0.571161;0.398295;-0.212623;0.685513;-0.406228;0.546495;-0.497866;0.537076;0.517112;-0.419892;0.608463;-0.431344;0.460200;-0.491773;0.570868;-0.469558;0.661652;0.053447;0.747849;-0.009095;0.313896;0.537522;0.661479;0.418312;0.240193;0.639908;0.563031;0.464566;0.287905;0.568047;0.643549;0.424592;-0.094309;0.859443;0.057447;0.499163;0.538028;-0.488527;0.600497;-0.333572;0.538028;-0.488527;0.600497;-0.333572;0.616314;0.079174;0.770056;0.144572;0.333572;0.600497;0.488527;0.538028;0.616314;0.079174;0.770056;0.144572;0.538028;-0.488527;0.600497;-0.333572
26466877;1;0.520546;-0.425023;0.688192;-0.273457;0.498846;-0.474861;0.654798;-0.311286;0.469694;-0.483531;0.643952;-0.361816;0.497197;-0.430333;0.680654;-0.322985;0.811736;-0.535954;0.126293;0.194649;0.699166;-0.278353;-0.168366;0.636663;-0.106258;-0.299533;0.126914;0.939618;0.561810;0.199892;-0.263987;-0.758106;0.057871;-0.322887;0.073415;0.941810;0.057871;-0.322887;0.073415;0.941810;-0.130209;-0.604382;0.627386;0.473450;0.569667;0.813770;-0.032400;-0.110492;0.466212;0.637439;-0.509835;-0.341154;0.549523;-0.040129;-0.815260;0.178227;-0.365551;0.516226;0.589591;-0.502260;0.621157;0.163576;-0.766387;0.007588;0.621157;0.163576;-0.766387;0.007588;0.626662;0.361890;-0.200790;0.660314;-0.385690;0.565172;-0.476457;0.552098;0.526379;-0.406992;0.617092;-0.420096;0.463401;-0.489362;0.575508;-0.463223;0.659466;0.058465;0.749454;-0.002374;0.307536;0.512972;0.705446;0.380299;0.205669;0.669471;0.559102;0.443749;0.292327;0.568833;0.642553;0.422018;-0.089364;0.859307;0.056158;0.500451;0.510874;-0.507521;0.608618;-0.333188;0.510874;-0.507521;0.608618;-0.333188;0.596842;0.071487;0.789229;0.125643;0.333188;0.608618;0.507521;0.510874;0.596842;0.071487;0.789229;0.125643;0.510874;-0.507521;0.608618;-0.333188
26500222;1;0.506474;-0.434284;0.692459;-0.274558;0.489336;-0.474507;0.665542;-0.304053;0.483037;-0.468139;0.653200;-0.347636;0.509360;-0.414249;0.688638;-0.307780;0.824608;-0.514000;0.134030;0.194581;0.719356;-0.264910;-0.142306;0.626178;-0.114329;-0.266487;0.139330;0.946837;0.533691;0.213478;-0.264766;-0.774273;0.034906;-0.329400;0.084674;0.939738;0.034906;-0.329400;0.084674;0.939738;-0.031166;0.641538;-0.600415;-0.476403;0.546950;0.831207;-0.036139;-0.092920;0.458364;0.642872;-0.520502;-0.325109;0.535928;-0.026690;-0.826737;0.169042;-0.365253;0.507941;0.600287;-0.498239;0.617779;0.185243;-0.764221;-0.001152;0.617779;0.185243;-0.764221;-0.001152;0.655944;0.291044;-0.201353;0.666699;-0.369662;0.572531;-0.456658;0.571858;0.537867;-0.389534;0.620170;-0.417555;0.446798;-0.508914;0.563943;-0.472595;0.654326;0.036341;0.755058;-0.020600;0.307846;0.486507;0.741634;0.344270;0.183712;0.695532;0.550388;0.423742;0.276124;0.577954;0.659040;0.394196;-0.081245;0.877211;0.061391;0.469182;0.498218;-0.515515;0.614943;-0.328433;0.498218;-0.515515;0.614943;-0.328433;0.584530;0.070306;0.799355;0.120057;0.328433;0.614943;0.515515;0.498218;0.584530;0.070306;0.799355;0.120057;0.498218;-0.515515;0.614943;-0.328433
26533555;1;0.508663;-0.433379;0.690747;-0.276247;0.490875;-0.474685;0.663041;-0.306744;0.490243;-0.453900;0.667369;-0.329021;0.515050;-0.398920;0.701619;-0.288647;0.835942;-0.488646;0.161862;0.190334;0.714770;-0.274312;-0.163917;0.622084;-0.107120;-0.290560;0.133007;0.941493;0.534140;0.230075;-0.269207;-0.767650;-0.097291;-0.331437;0.124726;0.930122;-0.097291;-0.331437;0.124726;0.930122;-0.028329;-0.617281;0.629191;0.471467;0.524004;0.845619;-0.039133;-0.093902;0.470087;0.627325;-0.531404;-0.321079;0.540478;-0.041643;-0.821092;0.178764;-0.323519;0.532505;0.621561;-0.474801;0.574421;0.230131;-0.785455;-0.011904;0.574421;0.230131;-0.785455;-0.011904;0.636840;0.363632;-0.209023;0.646928;-0.349867;0.580673;-0.429816;0.596381;0.546279;-0.379656;0.614661;-0.423832;0.436394;-0.522534;0.558158;-0.474318;0.648191;0.022553;0.760588;-0.029076;0.324563;0.462487;0.756611;0.329095;0.177600;0.712450;0.527964;0.426763;0.280614;0.575472;0.665076;0.384399;-0.071124;0.879677;0.067365;0.465373;0.509127;-0.522874;0.595247;-0.336264;0.509127;-0.522874;0.595247;-0.336264;0.597782;0.051175;0.790631;0.122233;0.336264;0.595247;0.522874;0.509127;0.597782;0.051175;0.790631;0.122233;0.509127;-0.522874;0.595247;-0.336264
26566866;1;0.508654;-0.439069;0.689565;-0.270167;0.493779;-0.474642;0.665580;-0.296481;0.494144;-0.440115;0.675084;-0.326162;0.518709;-0.384560;0.708205;-0.285484;0.846017;-0.478109;0.160549;0.172888;0.707676;-0.277659;-0.155848;0.630723;-0.110958;-0.286892;0.138117;0.941438;0.570023;0.260209;-0.303403;-0.717852;-0.076689;-0.384734;0.108359;0.913431;-0.076689;-0.384734;0.108359;0.913431;-0.319526;-0.529702;0.709606;0.337310;0.510576;0.854028;-0.044530;-0.089248;0.466814;0.623366;-0.539665;-0.319783;0.538084;-0.047699;-0.823134;0.175047;-0.341378;0.534091;0.603435;-0.483813;0.591911;0.163938;-0.788994;0.015952;0.591911;0.163938;-0.788994;0.015952;0.624260;0.367571;-0.213019;0.655602;-0.339206;0.582569;-0.416038;0.610299;0.548640;-0.376683;0.608777;-0.431849;0.442975;-0.513315;0.567994;-0.466544;0.647383;0.036083;0.761073;-0.019000;0.332775;0.451985;0.762273;0.322350;0.178897;0.715848;0.522383;0.427402;0.279162;0.585206;0.655639;0.386962;-0.074038;0.879947;0.053827;0.466169;0.517455;-0.522237;0.588845;-0.335814;0.517455;-0.522237;0.588845;-0.335814;0.603352;0.047099;0.785654;0.128440;0.335814;0.588845;0.522237;0.517455;0.603352;0.047099;0.785654;0.128440;0.517455;-0.522237;0.588845;-0.335814
26600222;1;0.509762;-0.430298;0.695950;-0.265781;0.501426;-0.451305;0.682515;-0.281191;0.502366;-0.441142;0.669783;-0.323130;0.526661;-0.386009;0.703003;-0.281803;0.849007;-0.480446;0.161274;0.149500;0.719762;-0.282170;-0.174140;0.609917;-0.074888;-0.306129;0.127396;0.940450;0.519076;0.229444;-0.272176;-0.777069;-0.048753;-0.336352;0.116584;0.933220;-0.048753;-0.336352;0.116584;0.933220;-0.185922;-0.598868;0.627904;0.461007;0.506305;0.857462;-0.025822;-0.088014;0.468501;0.614181;-0.561430;-0.296791;0.525832;-0.048176;-0.830723;0.176291;-0.366558;0.530871;0.583600;-0.493176;0.612843;0.094798;-0.783215;0.044849;0.612843;0.094798;-0.783215;0.044849;0.685934;0.219897;-0.204166;0.662915;-0.314209;0.590555;-0.386082;0.635183;0.569778;-0.348867;0.613301;-0.421316;0.439157;-0.520674;0.542057;-0.492152;0.662649;0.012464;0.747772;-0.039723;0.355011;0.414265;0.780007;0.306496;0.167474;0.734445;0.490489;0.438136;0.290653;0.575112;0.661780;0.383164;-0.063138;0.877137;0.065232;0.471581;0.477008;-0.554703;0.598126;-0.327129;0.477008;-0.554703;0.598126;-0.327129;0.568611;0.030705;0.815173;0.105981;0.327129;0.598126;0.554703;0.477008;0.568611;0.030705;0.815173;0.105981;0.477008;-0.554703;0.598126;-0.327129
26633544;1;0.512259;-0.432263;0.690546;-0.271819;0.506315;-0.446966;0.681121;-0.282737;0.511467;-0.419848;0.683286;-0.308626;0.534569;-0.363701;0.714754;-0.266616;0.862685;-0.452107;0.158998;0.161533;0.723500;-0.272004;-0.175392;0.609753;-0.076788;-0.300677;0.119758;0.943056;0.521378;0.263459;-0.278838;-0.762236;-0.090377;-0.365113;0.117704;0.919059;-0.090377;-0.365113;0.117704;0.919059;0.069483;0.648820;-0.604842;-0.456477;0.481379;0.871395;-0.043820;-0.083812;0.437612;0.657602;-0.534268;-0.301022;0.501934;-0.040008;-0.846334;0.173725;-0.340786;0.534869;0.607292;-0.478515;0.584045;0.098451;-0.803241;0.063272;0.584045;0.098451;-0.803241;0.063272;0.662496;0.347655;-0.204938;0.631059;-0.293247;0.601680;-0.367460;0.645725;0.576527;-0.337833;0.618829;-0.412961;0.440442;-0.524502;0.550263;-0.477618;0.653365;0.015595;0.756345;-0.028525;0.360812;0.386060;0.798832;0.287470;0.155975;0.748291;0.476647;0.434212;0.280943;0.595186;0.646700;0.385490;-0.071816;0.880739;0.040439;0.466375;0.494515;-0.539089;0.580245;-0.357985;0.494515;-0.539089;0.580245;-0.357985;0.602809;0.029101;0.791489;0.096541;0.357985;0.580245;0.539089;0.494515;0.602809;0.029101;0.791489;0.096541;0.494515;-0.539089;0.580245;-0.357985
26666888;1;0.516073;-0.430070;0.692505;-0.262955;0.512923;-0.438239;0.687364;-0.269047;0.503968;-0.438412;0.671736;-0.320283;0.528030;-0.383131;0.704731;-0.278837;0.849194;-0.472886;0.150715;0.180373;0.723246;-0.256696;-0.153203;0.622535;-0.102715;-0.271743;0.124580;0.948728;0.569776;0.279744;-0.302352;-0.711113;0.032707;-0.409296;0.046372;0.910635;0.032707;-0.409296;0.046372;0.910635;-0.064409;0.677600;-0.603131;-0.415864;0.504516;0.858718;-0.049285;-0.075092;0.436856;0.653882;-0.539237;-0.301361;0.500389;-0.052844;-0.845899;0.176842;-0.336015;0.544789;0.602300;-0.477006;0.582294;0.127964;-0.801988;0.037071;0.582294;0.127964;-0.801988;0.037071;0.673765;0.297328;-0.213758;0.641828;-0.279886;0.600604;-0.358829;0.657404;0.586416;-0.318190;0.623118;-0.408162;-0.410107;0.555736;-0.515088;0.507595;0.652958;-0.031594;0.753406;-0.070905;0.362857;0.369084;0.810506;0.274210;0.142038;0.765144;0.455687;0.432121;0.312109;0.569962;0.662477;0.372634;-0.040465;0.874018;0.069220;0.479233;0.494213;-0.521609;0.609271;-0.335358;0.494213;-0.521609;0.609271;-0.335358;0.586596;0.061986;0.799654;0.112328;0.335358;0.609271;0.521609;0.494213;0.586596;0.061986;0.799654;0.112328;0.494213;-0.521609;0.609271;-0.335358
26700211;1;0.496683;-0.440918;0.699216;-0.264563;0.496241;-0.442084;0.698480;-0.265391;0.513011;-0.427075;0.677946;-0.307922;0.536052;-0.371333;0.710011;-0.265790;0.859541;-0.459073;0.171357;0.145181;0.720154;-0.270980;-0.170968;0.615400;-0.088526;-0.295806;0.123121;0.943135;0.523196;0.263376;-0.276735;-0.761785;-0.053013;-0.368626;0.100319;0.922627;-0.053013;-0.368626;0.100319;0.922627;0.116324;0.635499;-0.614375;-0.452938;0.484411;0.871157;-0.035060;-0.072125;0.446667;0.637223;-0.550051;-0.303115;0.510720;-0.056612;-0.839884;0.174799;-0.356211;0.537902;0.589808;-0.485697;0.600733;0.100337;-0.791925;0.043673;0.600733;0.100337;-0.791925;0.043673;0.660936;0.273705;-0.216567;0.664340;-0.277425;0.598944;-0.340393;0.669652;0.604751;-0.305798;0.617355;-0.399546;-0.415372;0.558915;-0.495185;0.519492;0.665010;-0.047903;0.741458;-0.075541;0.354582;0.345093;0.829473;0.259148;0.126434;0.775751;0.453072;0.420655;0.288159;0.590570;0.656421;0.370544;-0.056108;0.884276;0.050499;0.460823;0.484116;-0.525559;0.618843;-0.326270;0.484116;-0.525559;0.618843;-0.326270;0.573030;0.065962;0.809215;0.111614;0.326270;0.618843;0.525559;0.484116;0.573030;0.065962;0.809215;0.111614;0.484116;-0.525559;0.618843;-0.326270
26733555;1;0.505584;-0.422653;0.704931;-0.262338;0.505168;-0.423769;0.704261;-0.263138;0.511042;-0.428163;0.675150;-0.315731;0.534715;-0.372642;0.707311;-0.273732;0.854679;-0.461052;0.146665;0.188268;0.714135;-0.276451;-0.172173;0.619630;-0.123045;-0.296084;0.135659;0.937439;0.541999;0.290318;-0.293187;-0.732116;-0.135729;-0.393859;0.122957;0.900741;-0.135729;-0.393859;0.122957;0.900741;-0.011177;-0.634920;0.641372;0.430574;0.498294;0.858849;-0.068049;-0.097212;0.459943;0.620305;-0.560777;-0.298668;0.515228;-0.074991;-0.832842;0.187859;-0.312401;0.563628;0.596886;-0.477971;0.566234;0.086647;-0.816359;0.073685;0.566234;0.086647;-0.816359;0.073685;0.677248;0.320520;-0.202832;0.630446;-0.263107;0.604609;-0.323377;0.678712;0.612262;-0.298371;0.617365;-0.393663;-0.423969;0.549583;-0.492684;0.524854;0.674841;-0.043032;0.733051;-0.073313;0.355784;0.332099;0.836426;0.252029;0.121472;0.780774;0.447480;0.418805;0.303493;0.583901;0.656662;0.368438;-0.043710;0.879766;0.055295;0.470153;0.498130;-0.528659;0.614697;-0.307464;0.498130;-0.528659;0.614697;-0.307464;0.569641;0.060838;0.808474;0.134821;0.307464;0.614697;0.528659;0.498130;0.569641;0.060838;0.808474;0.134821;0.498130;-0.528659;0.614697;-0.307464
26766877;1;0.490801;-0.438232;0.708811;-0.254270;0.494532;-0.427633;0.715256;-0.246937;0.512326;-0.418750;0.682742;-0.309895;0.535527;-0.362650;0.714124;-0.267811;0.864089;-0.452923;0.150074;0.160276;0.707715;-0.283956;-0.157646;0.627420;-0.096918;-0.293666;0.138723;0.940810;0.534002;0.305195;-0.314468;-0.723055;-0.028071;-0.429871;0.085115;0.898431;-0.028071;-0.429871;0.085115;0.898431;0.078097;0.662421;-0.627836;-0.401150;0.483815;0.868814;-0.056841;-0.088623;0.454787;0.638550;-0.551898;-0.284308;-0.496822;0.073272;0.840814;-0.202064;-0.298370;0.564948;0.598491;-0.483340;0.557834;0.058831;-0.820912;0.107068;0.557834;0.058831;-0.820912;0.107068;0.651280;0.307160;-0.207634;0.662099;-0.252621;0.608664;-0.318550;0.681349;0.616852;-0.286321;0.624507;-0.384064;-0.426110;0.549608;-0.497343;0.518664;0.672016;-0.039733;0.736389;-0.067432;0.350167;0.315645;0.846515;0.247312;0.111157;0.783997;0.448904;0.414099;0.298128;0.588261;0.654282;0.370115;-0.048728;0.881169;0.050564;0.467558;0.472294;-0.540321;0.622762;-0.311703;0.472294;-0.540321;0.622762;-0.311703;0.554370;0.058295;0.822424;0.113556;0.311703;0.622762;0.540321;0.472294;0.554370;0.058295;0.822424;0.113556;0.472294;-0.540321;0.622762;-0.311703
26800222;1;0.494403;-0.433359;0.703901;-0.268867;0.504068;-0.406858;0.719544;-0.250278;0.514712;-0.404038;0.690955;-0.307255;0.537694;-0.347327;0.721131;-0.264989;0.870739;-0.438416;0.137617;0.175117;0.713218;-0.289602;-0.173676;0.614237;-0.119629;-0.304500;0.145988;0.933625;0.536178;0.287027;-0.303431;-0.733525;-0.106505;-0.399090;0.123216;0.902331;-0.106505;-0.399090;0.123216;0.902331;-0.127256;-0.634762;0.641988;0.410774;0.472672;0.872175;-0.065168;-0.107911;0.459749;0.635284;-0.553104;-0.281284;-0.494454;0.087374;0.837780;-0.214488;-0.274124;0.578499;0.597991;-0.482287;0.529343;-0.015547;-0.831873;0.165954;0.529343;-0.015547;-0.831873;0.165954;0.667119;0.261915;-0.207368;0.665846;-0.231753;0.615519;-0.304949;0.688791;0.621782;-0.273019;0.630367;-0.376145;-0.432835;0.547158;-0.508242;0.504938;0.667147;-0.030232;0.742423;-0.053008;0.336300;0.302112;0.861592;0.230847;0.099951;0.796107;0.446959;0.395539;0.295884;0.588881;0.664113;0.353023;-0.038246;0.888454;0.057045;0.453799;0.507886;-0.522715;0.597467;-0.334447;0.507886;-0.522715;0.597467;-0.334447;0.595619;0.052857;0.792088;0.122640;0.334447;0.597467;0.522715;0.507886;0.595619;0.052857;0.792088;0.122640;0.507886;-0.522715;0.597467;-0.334447
26833544;1;0.489190;-0.430952;0.706575;-0.275181;0.499090;-0.404366;0.722120;-0.256790;0.513774;-0.402736;0.693410;-0.304997;0.536578;-0.345832;0.723473;-0.262814;0.871431;-0.435442;0.143868;0.174070;0.728084;-0.269431;-0.156975;0.610458;-0.097877;-0.280957;0.135269;0.945085;-0.496019;-0.323373;0.291818;0.751157;-0.168279;-0.410847;0.144682;0.884282;-0.168279;-0.410847;0.144682;0.884282;-0.047076;0.649587;-0.623393;-0.432669;0.464171;0.879582;-0.032694;-0.099059;0.467558;0.625793;-0.562328;-0.271219;0.501715;-0.057286;-0.839374;0.201128;-0.327368;0.545894;0.585399;-0.502132;0.598659;0.152818;-0.785710;0.030232;0.598659;0.152818;-0.785710;0.030232;0.701040;0.251964;-0.184737;0.641038;-0.232038;0.614111;-0.302528;0.691016;0.626923;-0.267658;0.630126;-0.371844;-0.420712;0.564414;-0.490563;0.513601;0.664651;-0.055016;0.742057;-0.067558;0.329561;0.285410;0.870084;0.229967;0.085915;0.800283;0.444970;0.392641;0.272934;0.590182;0.674180;0.350247;-0.052549;0.896359;0.063359;0.435620;0.481636;-0.564058;0.597545;-0.304639;0.481636;-0.564058;0.597545;-0.304639;0.555980;0.023678;0.821378;0.125156;0.304639;0.597545;0.564058;0.481636;0.555980;0.023678;0.821378;0.125156;0.481636;-0.564058;0.597545;-0.304639
26866888;1;0.502951;-0.425916;0.700335;-0.274167;0.511244;-0.403900;0.713259;-0.258371;0.502882;-0.411190;0.693789;-0.310947;0.526199;-0.354229;0.724530;-0.269618;0.860809;-0.441802;0.137605;0.211859;0.724078;-0.284013;-0.173913;0.603988;-0.120915;-0.299189;0.146271;0.935131;-0.470592;-0.315756;0.275688;0.776426;-0.208869;-0.385263;0.165162;0.883554;-0.208869;-0.385263;0.165162;0.883554;0.025590;0.635085;-0.625014;-0.453176;0.478555;0.869117;-0.043772;-0.117065;0.469460;0.628065;-0.559767;-0.267961;-0.498735;0.060315;0.839146;-0.208469;-0.338928;0.541678;0.570698;-0.515767;0.611697;0.076154;-0.783143;0.081945;0.611697;0.076154;-0.783143;0.081945;0.710877;0.219067;-0.171400;0.645976;-0.219085;0.613114;-0.287148;0.702595;0.641683;-0.248623;0.629758;-0.360324;-0.445095;0.538180;-0.498671;0.513400;0.681733;-0.030592;0.729223;-0.050368;0.326106;0.278563;0.872985;0.232282;0.071745;0.808531;0.431190;0.393962;0.291509;0.586613;0.667957;0.353187;-0.041443;0.889532;0.061390;0.450829;0.485174;-0.508981;0.644463;-0.300353;0.485174;-0.508981;0.644463;-0.300353;0.555452;0.095800;0.815608;0.130688;0.300353;0.644463;0.508981;0.485174;0.555452;0.095800;0.815608;0.130688;0.485174;-0.508981;0.644463;-0.300353
26900211;1;0.500286;-0.412135;0.706847;-0.283243;0.504347;-0.401826;0.712758;-0.275947;0.512354;-0.392179;0.697455;-0.311843;0.535711;-0.334985;0.726659;-0.269752;0.875561;-0.433495;0.131228;0.168091;0.714039;-0.293168;-0.154985;0.616588;-0.115783;-0.291773;0.157595;0.936283;-0.495893;-0.304340;0.297970;0.756757;-0.188097;-0.391605;0.167494;0.884992;-0.188097;-0.391605;0.167494;0.884992;0.039767;-0.618235;0.654208;0.433838;0.458430;0.882165;-0.023295;-0.105283;0.461670;0.639065;-0.554523;-0.266386;-0.491889;0.052938;0.844451;-0.205293;-0.339358;0.538961;0.574500;-0.514108;0.598479;-0.004165;-0.787726;0.145923;0.598479;-0.004165;-0.787726;0.145923;0.668474;0.280020;-0.181577;0.664652;-0.210758;0.611088;-0.273193;0.712403;0.653655;-0.237387;0.625906;-0.353021;-0.460173;0.531430;-0.500463;0.505330;0.686723;-0.024449;0.725710;-0.034050;0.311477;0.259222;0.886135;0.224834;0.051387;0.821233;0.421848;0.380763;0.268845;0.610065;0.657486;0.351076;-0.056188;0.898706;0.037525;0.433316;0.484977;-0.550295;0.600623;-0.318159;0.484977;-0.550295;0.600623;-0.318159;0.567903;0.035587;0.813822;0.117958;0.318159;0.600623;0.550295;0.484977;0.567903;0.035587;0.813822;0.117958;0.484977;-0.550295;0.600623;-0.318159
26933555;1;0.499952;-0.409640;0.708849;-0.282447;0.503009;-0.401868;0.713284;-0.276965;0.511582;-0.398279;0.694226;-0.312584;0.535001;-0.341324;0.723929;-0.270552;0.874678;-0.440783;0.139058;0.145983;0.708391;-0.297376;-0.141568;0.624267;-0.092663;-0.288651;0.158601;0.939649;0.547100;0.278995;-0.331718;-0.716105;-0.059283;-0.415968;0.121845;0.899228;-0.059283;-0.415968;0.121845;0.899228;0.008257;-0.647539;0.651541;0.395121;0.461543;0.880477;-0.005571;-0.108196;0.467713;0.641316;-0.552716;-0.253895;-0.490351;0.031324;0.846050;-0.206820;-0.349957;0.518754;0.576250;-0.525701;0.608870;-0.014086;-0.775223;0.167655;0.608870;-0.014086;-0.775223;0.167655;0.673186;0.274014;-0.167461;0.666103;-0.207084;0.604507;-0.272103;0.719478;0.659826;-0.226998;0.622887;-0.353714;-0.466881;0.527613;-0.504230;0.499399;0.687301;-0.019035;0.725688;-0.025146;0.298143;0.253974;0.891068;0.229362;0.038518;0.821665;0.428160;0.374249;0.287525;0.604255;0.653512;0.353733;-0.044788;0.891871;0.038730;0.448398;0.446466;-0.565256;0.634997;-0.279164;0.446466;-0.565256;0.634997;-0.279164;0.513098;0.049314;0.848707;0.118300;0.279164;0.634997;0.565256;0.446466;0.513098;0.049314;0.848707;0.118300;0.446466;-0.565256;0.634997;-0.279164
26966877;1;0.503227;-0.402587;0.703710;-0.299130;0.508375;-0.390232;0.710636;-0.290294;0.522710;-0.390294;0.690607;-0.312261;0.546068;-0.333654;0.719682;-0.269337;0.876986;-0.433374;0.124100;0.166376;0.697494;-0.309321;-0.147279;0.629390;-0.115373;-0.298086;0.168864;0.932373;0.507634;0.299773;-0.316151;-0.743299;-0.116404;-0.410375;0.146311;0.892544;-0.116404;-0.410375;0.146311;0.892544;0.046183;0.656167;-0.630574;-0.411932;0.461681;0.878374;-0.053894;-0.111380;0.462585;0.639753;-0.543518;-0.285167;0.511119;-0.027201;-0.839020;0.184560;-0.376712;0.517503;0.589719;-0.492454;0.604811;-0.019159;-0.784353;0.136477;0.604811;-0.019159;-0.784353;0.136477;0.687519;0.207105;-0.204327;0.665339;-0.186085;0.611387;-0.259732;0.723960;0.661808;-0.217384;0.627733;-0.347427;0.476031;-0.514745;0.514837;-0.493331;0.689506;-0.002370;0.724132;-0.014486;0.292413;0.238521;0.899191;0.221489;0.026351;0.833323;0.413473;0.365950;0.267401;0.619493;0.651704;0.346420;-0.053997;0.901302;0.026767;0.428979;0.444335;-0.551561;0.635747;-0.306877;0.444335;-0.551561;0.635747;-0.306877;0.531187;0.059529;0.839553;0.097197;0.306877;0.635747;0.551561;0.444335;0.531187;0.059529;0.839553;0.097197;0.444335;-0.551561;0.635747;-0.306877
27000222;1;0.497019;-0.412917;0.705412;-0.291315;0.502785;-0.398629;0.713584;-0.281247;0.519826;-0.384111;0.700083;-0.303518;0.542492;-0.326732;0.728632;-0.260854;0.881206;-0.421527;0.132702;0.167873;0.700047;-0.313858;-0.139397;0.626095;-0.119028;-0.292737;0.179564;0.931608;-0.495110;-0.284898;0.313518;0.758555;-0.193324;-0.377695;0.191851;0.884966;-0.193324;-0.377695;0.191851;0.884966;0.010379;0.648820;-0.631654;-0.424192;0.452421;0.881866;-0.056335;-0.120220;0.473334;0.628568;-0.553872;-0.272182;0.507294;-0.043730;-0.836636;0.201943;-0.332480;0.531553;0.592260;-0.506099;0.590028;0.024890;-0.795425;0.136185;0.590028;0.024890;-0.795425;0.136185;0.688871;0.180371;-0.191370;0.675500;-0.175102;0.604868;-0.255168;0.733733;0.670668;-0.200599;0.625129;-0.345222;0.483533;-0.509293;0.516856;-0.489568;0.692161;0.002966;0.721707;-0.006559;0.282645;0.221549;0.908415;0.214032;0.017157;0.839046;0.412618;0.354195;0.261058;0.628568;0.648450;0.340975;-0.054717;0.905404;0.018070;0.420622;0.463170;-0.535352;0.617063;-0.343664;0.463170;-0.535352;0.617063;-0.343664;0.570518;0.057779;0.814880;0.084503;0.343664;0.617063;0.535352;0.463170;0.570518;0.057779;0.814880;0.084503;0.463170;-0.535352;0.617063;-0.343664
27033544;1;0.505645;-0.404639;0.703636;-0.292381;0.511323;-0.390658;0.711493;-0.282333;0.517657;-0.397701;0.693971;-0.303757;0.540350;-0.340769;0.723629;-0.261266;0.874047;-0.430744;0.124868;0.186843;0.697137;-0.318342;-0.128432;0.629415;-0.103026;-0.290320;0.183170;0.933568;0.537593;0.266220;-0.340292;-0.724101;-0.044173;-0.410489;0.134797;0.900765;-0.044173;-0.410489;0.134797;0.900765;-0.004904;0.650833;-0.650083;-0.392153;0.459716;0.879586;-0.028513;-0.119071;0.481718;0.635734;-0.545191;-0.257987;0.507363;-0.008624;-0.837446;0.202959;-0.335101;0.502245;0.610542;-0.512539;0.593712;0.044190;-0.789340;0.149983;0.593712;0.044190;-0.789340;0.149983;0.688128;0.178138;-0.185550;0.678467;-0.167213;0.604319;-0.249980;0.737800;0.672962;-0.196434;0.623824;-0.345514;0.490706;-0.501267;0.522368;-0.484842;0.693909;0.012591;0.719950;0.001794;0.280383;0.216515;0.910180;0.214661;0.010252;0.842970;0.405779;0.353043;0.236707;0.634720;0.652929;0.338797;-0.070479;0.912816;0.017009;0.401883;0.453560;-0.531273;0.654385;-0.289504;0.453560;-0.531273;0.654385;-0.289504;0.525425;0.087053;0.838387;0.116005;0.289504;0.654385;0.531273;0.453560;0.525425;0.087053;0.838387;0.116005;0.453560;-0.531273;0.654385;-0.289504
27066888;1;0.507069;-0.410905;0.690379;-0.312115;0.516227;-0.389954;0.702425;-0.296722;0.530532;-0.386269;0.695671;-0.292187;0.552255;-0.329237;0.724407;-0.248701;0.882809;-0.415012;0.105901;0.192869;0.677965;-0.328204;-0.128481;0.645088;-0.142163;-0.292945;0.195980;0.924967;-0.468468;-0.280739;0.306097;0.779761;-0.027830;-0.394494;0.129937;0.909239;-0.027830;-0.394494;0.129937;0.909239;0.050128;0.635213;-0.633661;-0.438710;0.443928;0.887668;-0.036655;-0.116751;0.481760;0.632063;-0.534598;-0.287418;0.528113;-0.010919;-0.827755;0.189206;-0.388915;0.485282;0.610078;-0.490970;0.625602;0.139740;-0.766920;0.030479;0.625602;0.139740;-0.766920;0.030479;0.700072;0.134865;-0.202612;0.671311;-0.143675;0.603406;-0.236888;0.747758;0.678701;-0.183022;0.621909;-0.345103;0.505103;-0.484275;0.533845;-0.474718;0.696965;0.032832;0.716101;0.019010;0.261795;0.196930;0.921756;0.207480;-0.010150;0.857114;0.392074;0.333961;0.217988;0.669274;0.627014;0.333778;-0.080486;0.918999;-0.025666;0.385103;0.435831;-0.540551;0.640722;-0.327615;0.435831;-0.540551;0.640722;-0.327615;0.539838;0.070832;0.835286;0.076521;0.327615;0.640722;0.540551;0.435831;0.539838;0.070832;0.835286;0.076521;0.435831;-0.540551;0.640722;-0.327615
27100211;1;0.504359;-0.414415;0.695463;-0.300356;0.512163;-0.395788;0.706229;-0.286847;0.517900;-0.393661;0.701128;-0.291943;0.539644;-0.336167;0.730439;-0.249470;0.879825;-0.419159;0.105024;0.197947;0.678473;-0.335801;-0.136176;0.639036;-0.121641;-0.306831;0.192772;0.924065;-0.464578;-0.270525;0.309885;0.784190;-0.153348;-0.363470;0.192621;0.898483;-0.153348;-0.363470;0.192621;0.898483;-0.079101;-0.622654;0.643200;0.438566;0.448200;0.884905;-0.019344;-0.125243;0.486940;0.631356;-0.533633;-0.281984;0.532255;0.011366;-0.826587;0.182567;-0.453536;0.510970;0.592538;-0.426747;0.622721;0.027414;-0.781947;0.005179;0.622721;0.027414;-0.781947;0.005179;0.684056;0.274756;-0.270204;0.619327;-0.132167;0.595097;-0.228710;0.759001;0.691862;-0.164521;0.615983;-0.338859;0.530064;-0.460274;0.543017;-0.460774;0.704785;0.056478;0.705648;0.046361;0.248610;0.185541;0.928356;0.204753;-0.021346;0.862433;0.390425;0.321437;0.203682;0.676637;0.627968;0.326085;-0.085251;0.924808;-0.030147;0.369532;0.476968;-0.503169;0.643866;-0.323665;0.476968;-0.503169;0.643866;-0.323665;0.566133;0.099488;0.811076;0.108401;0.323665;0.643866;0.503169;0.476968;0.566133;0.099488;0.811076;0.108401;0.476968;-0.503169;0.643866;-0.323665
27133555;1;0.510719;-0.408402;0.700752;-0.285168;0.515191;-0.397203;0.707160;-0.277008;0.524043;-0.392486;0.699534;-0.286331;0.545317;-0.335124;0.728755;-0.243384;0.885857;-0.417905;0.120938;0.161202;0.672150;-0.334135;-0.115387;0.650580;-0.109498;-0.294418;0.195649;0.929005;-0.488297;-0.276539;0.329528;0.759278;-0.122496;-0.389724;0.182147;0.894389;-0.122496;-0.389724;0.182147;0.894389;-0.140792;-0.631956;0.645459;0.405206;0.438151;0.892695;0.007867;-0.105160;0.499710;0.619026;-0.535763;-0.282940;0.540977;0.000070;-0.818679;0.192635;-0.448471;0.505274;0.584550;-0.449303;0.634398;0.028555;-0.772130;0.023214;0.634398;0.028555;-0.772130;0.023214;0.704477;0.245720;-0.239087;0.621427;-0.099169;0.599126;-0.208545;0.766631;0.689898;-0.164108;0.612836;-0.348628;0.544509;-0.438726;0.562299;-0.441418;0.701381;0.085490;0.704160;0.070110;0.265752;0.164859;0.928269;0.201279;-0.016475;0.859769;0.386793;0.333043;0.218082;0.686299;0.604602;0.340426;-0.085264;0.915332;-0.053540;0.389912;0.435629;-0.529133;0.654027;-0.320148;0.435629;-0.529133;0.654027;-0.320148;0.534415;0.088314;0.836620;0.081658;0.320148;0.654027;0.529133;0.435629;0.534415;0.088314;0.836620;0.081658;0.435629;-0.529133;0.654027;-0.320148
27166888;1;0.504591;-0.416237;0.704270;-0.275931;0.510135;-0.401730;0.712645;-0.265542;0.520380;-0.401021;0.699318;-0.281677;0.541292;-0.343649;0.729225;-0.239038;0.881016;-0.419324;0.133934;0.173321;0.684123;-0.331684;-0.124836;0.637478;-0.100497;-0.298677;0.190764;0.929678;-0.479252;-0.256285;0.318772;0.776544;-0.023959;-0.381789;0.146746;0.912211;-0.023959;-0.381789;0.146746;0.912211;-0.058913;-0.619325;0.652903;0.432069;0.439855;0.893254;0.017401;-0.091226;0.500007;0.624809;-0.528056;-0.284190;0.538020;-0.007273;-0.818032;0.203236;-0.448943;0.659180;0.564773;-0.212047;-0.466708;0.063251;0.865729;0.169401;-0.466708;0.063251;0.865729;0.169401;0.672435;0.222347;-0.479979;0.517699;-0.074568;0.585638;-0.188854;0.784731;0.702962;-0.153610;0.595901;-0.356582;0.568092;-0.413125;0.563394;-0.434955;0.713458;0.104544;0.686826;0.091209;0.264507;0.145547;0.934786;0.187158;-0.017651;0.868899;0.374126;0.323625;0.176578;0.704276;0.604948;0.326884;-0.105267;0.928109;-0.065838;0.350995;0.456028;-0.531473;0.649890;-0.295326;0.456028;-0.531473;0.649890;-0.295326;0.531287;0.083733;0.835350;0.113634;0.295326;0.649890;0.531473;0.456028;0.531287;0.083733;0.835350;0.113634;0.456028;-0.531473;0.649890;-0.295326
27200222;1;0.523838;-0.403692;0.702277;-0.263501;0.530685;-0.384804;0.712802;-0.249426;0.513268;-0.407608;0.700163;-0.283165;0.534323;-0.350147;0.730596;-0.241093;0.880663;-0.426397;0.120178;0.167855;0.682909;-0.328038;-0.129227;0.639786;-0.103863;-0.299850;0.185468;0.930002;-0.463364;-0.263589;0.307229;0.788306;-0.118527;-0.362676;0.179819;0.906688;-0.118527;-0.362676;0.179819;0.906688;-0.076502;-0.614610;0.647615;0.443844;0.442049;0.891062;0.045888;-0.092167;0.475848;0.650497;-0.515558;-0.290899;0.518622;-0.020560;-0.829773;0.205147;0.522471;-0.604786;-0.570280;0.189839;0.505897;-0.032316;-0.830627;-0.230396;0.505897;-0.032316;-0.830627;-0.230396;0.676072;0.285610;-0.491033;0.469297;-0.063274;0.571580;-0.181026;0.797823;0.709385;-0.150526;0.580408;-0.370462;0.573503;-0.412663;0.559391;-0.433458;0.716223;0.102078;0.683645;0.096099;0.256181;0.144972;0.938007;0.183023;-0.020538;0.873647;0.370895;0.314254;0.189389;0.712003;0.594525;0.322061;-0.092850;0.926289;-0.078754;0.356603;0.453362;-0.527689;0.644127;-0.317974;0.453362;-0.527689;0.644127;-0.317974;0.545417;0.082334;0.828599;0.095734;0.317974;0.644127;0.527689;0.453362;0.545417;0.082334;0.828599;0.095734;0.453362;-0.527689;0.644127;-0.317974
27233533;1;0.518462;-0.416523;0.691561;-0.281865;0.536240;-0.369085;0.718001;-0.246370;0.518098;-0.392280;0.709883;-0.271583;0.538209;-0.334089;0.739055;-0.229160;0.889752;-0.406707;0.125235;0.165065;0.682210;-0.333480;-0.122721;0.638999;-0.094583;-0.299770;0.190806;0.929938;-0.462821;-0.273034;0.320579;0.780050;-0.103718;-0.380185;0.181045;0.901068;-0.103718;-0.380185;0.181045;0.901068;-0.097081;-0.615132;0.656247;0.426060;0.422173;0.898979;0.050421;-0.105186;0.500036;0.631658;-0.527732;-0.269205;0.516334;-0.039907;-0.822131;0.236446;0.562942;-0.539293;-0.567301;0.265384;0.596848;-0.025239;-0.782324;-0.176365;0.596848;-0.025239;-0.782324;-0.176365;0.678430;0.280348;-0.423615;0.530742;-0.042979;0.575975;-0.166835;0.799107;0.709458;-0.149968;0.580645;-0.370176;0.574987;-0.409804;0.560370;-0.432939;0.716902;0.104804;0.682321;0.097497;0.262770;0.121779;0.940616;0.177097;-0.023134;0.876864;0.361447;0.316117;0.184230;0.721167;0.583888;0.324117;-0.098043;0.925291;-0.092729;0.354437;0.453186;-0.543141;0.633759;-0.313002;0.453186;-0.543141;0.633759;-0.313002;0.541777;0.064076;0.832194;0.099125;0.313002;0.633759;0.543141;0.453186;0.541777;0.064076;0.832194;0.099125;0.453186;-0.543141;0.633759;-0.313002
27266888;1;0.518506;-0.416272;0.691759;-0.281670;0.536420;-0.368383;0.718406;-0.245845;0.518071;-0.391269;0.710896;-0.270439;0.538090;-0.333000;0.739984;-0.228022;0.890263;-0.405005;0.126268;0.165710;0.683265;-0.331328;-0.121310;0.639261;-0.094511;-0.297271;0.190065;0.930899;-0.464148;-0.268203;0.319115;0.781537;-0.107434;-0.374550;0.182975;0.902602;-0.107434;-0.374550;0.182975;0.902602;-0.103063;-0.610943;0.657707;0.428425;0.420741;0.899459;0.050178;-0.106926;0.500549;0.630281;-0.527163;-0.272572;0.519291;-0.040418;-0.820684;0.234908;0.569425;-0.541906;-0.560718;0.260171;0.599321;-0.036258;-0.778943;-0.180966;0.599321;-0.036258;-0.778943;-0.180966;0.686603;0.279969;-0.424028;0.519994;-0.042906;0.575994;-0.167117;0.799038;0.709371;-0.149721;0.580809;-0.370185;0.575240;-0.409154;0.560832;-0.432619;0.716856;0.105593;0.682190;0.097898;0.262788;0.121963;0.940568;0.177197;-0.023185;0.876882;0.361340;0.316185;0.184684;0.720937;0.584017;0.324139;-0.097735;0.925220;-0.092478;0.354772;0.455958;-0.538495;0.637662;-0.309051;0.455958;-0.538495;0.637662;-0.309051;0.540943;0.070122;0.831668;0.103879;0.309051;0.637662;0.538495;0.455958;0.540943;0.070122;0.831668;0.103879;0.455958;-0.538495;0.637662;-0.309051
27300222;1;0.521517;-0.410225;0.692827;-0.282360;0.541938;-0.354977;0.722693;-0.240853;0.521498;-0.378622;0.718729;-0.260986;0.540747;-0.319766;0.746778;-0.218324;0.896959;-0.388739;0.132918;0.163340;0.674445;-0.332444;-0.124499;0.647383;-0.098226;-0.302118;0.186397;0.929695;-0.465727;-0.202262;0.293690;0.809898;-0.206999;-0.279676;0.221234;0.911037;-0.206999;-0.279676;0.221234;0.911037;-0.065493;-0.588348;0.649992;0.476516;0.401719;0.909373;0.058976;-0.090467;0.498351;0.635160;-0.511153;-0.294859;0.519389;-0.080610;-0.811300;0.255988;0.634854;-0.574942;-0.374073;0.355627;0.693236;-0.119070;-0.675508;-0.221212;0.693236;-0.119070;-0.675508;-0.221212;0.638860;0.416428;-0.434505;0.479220;-0.026226;0.579986;-0.153878;0.799531;0.704073;-0.158944;0.578669;-0.379684;0.582045;-0.398491;0.575355;-0.413999;0.708575;0.123494;0.685025;0.115802;0.260946;0.105433;0.943738;0.173640;-0.022115;0.872743;0.374194;0.312744;0.164920;0.728721;0.579780;0.324996;-0.112420;0.927684;-0.100881;0.341448;0.443250;-0.528923;0.650456;-0.317297;0.443250;-0.528923;0.650456;-0.317297;0.537788;0.085937;0.833947;0.089062;0.317297;0.650456;0.528923;0.443250;0.537788;0.085937;0.833947;0.089062;0.443250;-0.528923;0.650456;-0.317297
27333555;1;0.521908;-0.396027;0.709749;-0.258903;0.535910;-0.354630;0.731313;-0.228516;0.529928;-0.390587;0.706030;-0.261036;0.549155;-0.332711;0.735079;-0.217698;0.891370;-0.396192;0.112511;0.189298;0.681772;-0.332648;-0.123017;0.639844;-0.102938;-0.297976;0.192348;0.929309;-0.461067;-0.237795;0.306893;0.797927;-0.178008;-0.324320;0.213415;0.904203;-0.178008;-0.324320;0.213415;0.904203;-0.061974;-0.613117;0.642524;0.455424;0.418635;0.904840;0.002618;-0.077473;0.427325;0.675016;-0.462145;-0.384926;0.530363;-0.130297;-0.807619;0.222463;0.594018;-0.522722;-0.312949;0.525326;0.755610;0.000616;-0.609241;-0.240580;0.755610;0.000616;-0.609241;-0.240580;0.554218;0.499541;-0.380613;0.546293;-0.016994;0.572730;-0.151617;0.805421;0.712499;-0.145315;0.574413;-0.375870;0.606429;-0.364258;0.582980;-0.399617;0.715630;0.153309;0.666269;0.143024;0.265709;0.097628;0.944134;0.168757;-0.020120;0.874722;0.368409;0.314215;0.171339;0.744248;0.554246;0.330983;-0.112249;0.920778;-0.129946;0.350261;0.440464;-0.522036;0.648825;-0.335406;0.440464;-0.522036;0.648825;-0.335406;0.548623;0.089653;0.827923;0.074287;0.335406;0.648825;0.522036;0.440464;0.548623;0.089653;0.827923;0.074287;0.440464;-0.522036;0.648825;-0.335406
27366866;1;0.518694;-0.406174;0.704440;-0.264090;0.537991;-0.349072;0.734412;-0.222155;0.524050;-0.388696;0.712313;-0.258647;0.543104;-0.330321;0.741189;-0.215789;0.892374;-0.393019;0.124953;0.183281;0.685789;-0.328315;-0.116097;0.639081;-0.100720;-0.289674;0.193282;0.931980;-0.437737;-0.282127;0.308373;0.796051;-0.178395;-0.361730;0.209383;0.890778;-0.178395;-0.361730;0.209383;0.890778;-0.099177;-0.603605;0.658050;0.439084;0.416123;0.905512;0.001641;-0.082989;0.434735;0.681947;-0.422296;-0.409414;0.548900;-0.115034;-0.793822;0.235209;0.559023;-0.487729;-0.297181;0.601080;0.786263;0.051008;-0.568853;-0.235786;0.786263;0.051008;-0.568853;-0.235786;0.510237;0.507261;-0.332448;0.609773;-0.007399;0.567588;-0.148147;0.809841;0.713224;-0.143618;0.568803;-0.383600;0.616514;-0.347889;0.590425;-0.387663;0.714324;0.170256;0.660021;0.158517;0.267575;0.090782;0.943823;0.171351;-0.022589;0.872440;0.371262;0.317023;0.166621;0.748952;0.545485;0.337276;-0.120086;0.917954;-0.139432;0.351423;0.460694;-0.504672;0.657169;-0.318113;0.460694;-0.504672;0.657169;-0.318113;0.550700;0.107831;0.821546;0.100820;0.318113;0.657169;0.504672;0.460694;0.550700;0.107831;0.821546;0.100820;0.460694;-0.504672;0.657169;-0.318113
27400222;1;0.518701;-0.406121;0.704478;-0.264056;0.538022;-0.348929;0.734487;-0.222056;0.524014;-0.388544;0.712537;-0.258328;0.543043;-0.330152;0.741401;-0.215474;0.892440;-0.392625;0.125214;0.183621;0.686054;-0.327635;-0.115611;0.639233;-0.100811;-0.288851;0.193069;0.932270;-0.438283;-0.280187;0.307980;0.796588;-0.180090;-0.359447;0.210130;0.891185;-0.180090;-0.359447;0.210130;0.891185;-0.101213;-0.602232;0.658435;0.439927;0.415855;0.905583;0.001679;-0.083553;0.434299;0.682007;-0.421792;-0.410295;0.549455;-0.114814;-0.793637;0.234642;0.559183;-0.486947;-0.297016;0.601646;0.786648;0.051671;-0.568037;-0.236325;0.786648;0.051671;-0.568037;-0.236325;0.509872;0.508379;-0.332490;0.609124;-0.007379;0.567522;-0.148260;0.809866;0.713269;-0.143438;0.568812;-0.383570;0.616659;-0.347597;0.590482;-0.387606;0.714386;0.170504;0.659855;0.158657;0.267597;0.090837;0.943805;0.171386;-0.022609;0.872451;0.371202;0.317060;0.166689;0.748899;0.545528;0.337290;-0.120047;0.917947;-0.139364;0.351481;0.461522;-0.504190;0.657075;-0.317872;0.461522;-0.504190;0.657075;-0.317872;0.551115;0.108106;0.821138;0.101576;0.317872;0.657075;0.504190;0.461522;0.551115;0.108106;0.821138;0.101576;0.461522;-0.504190;0.657075;-0.317872
27433555;1;0.526458;-0.384312;0.709339;-0.268300;0.549054;-0.316930;0.741898;-0.218363;0.534714;-0.367721;0.720808;-0.243510;0.552520;-0.308733;0.747976;-0.199845;0.904300;-0.365762;0.097597;0.197319;0.673389;-0.322922;-0.111681;0.655589;-0.123040;-0.282562;0.192119;0.931724;-0.481025;-0.302189;0.318261;0.758951;-0.150893;-0.401597;0.176998;0.885790;-0.150893;-0.401597;0.176998;0.885790;-0.046912;-0.642281;0.642424;0.415410;0.407789;0.900642;-0.068809;-0.133484;0.361545;0.732220;-0.342943;-0.464250;0.524202;-0.198412;-0.783830;0.267312;0.563334;-0.525162;-0.282077;0.572096;0.662434;0.185093;-0.566659;-0.453673;0.662434;0.185093;-0.566659;-0.453673;0.451644;0.440822;-0.428001;0.646922;-0.014043;0.564205;-0.137555;0.813974;0.718270;-0.153881;0.560026;-0.383120;0.598144;-0.383723;0.556718;-0.430170;0.731259;0.120836;0.661267;0.115693;0.285490;0.071146;0.943417;0.152967;-0.002368;0.867992;0.376331;0.323974;0.165829;0.737436;0.564022;0.332517;-0.117173;0.922810;-0.118178;0.347457;0.451435;-0.516112;0.629406;-0.365627;0.451435;-0.516112;0.629406;-0.365627;0.577750;0.080111;0.810004;0.060676;0.365627;0.629406;0.516112;0.451435;0.577750;0.080111;0.810004;0.060676;0.451435;-0.516112;0.629406;-0.365627
27466888;1;0.526156;-0.375944;0.714201;-0.267849;0.549323;-0.306047;0.746828;-0.216397;0.534157;-0.363828;0.722581;-0.245319;0.552110;-0.304710;0.749431;-0.201694;0.905357;-0.364335;0.099066;0.194355;0.679332;-0.319232;-0.115488;0.650586;-0.117460;-0.283011;0.187487;0.933251;-0.480500;-0.291559;0.314006;0.765189;-0.148864;-0.389977;0.177552;0.891198;-0.148864;-0.389977;0.177552;0.891198;-0.042864;-0.631532;0.647859;0.423803;0.406473;0.900229;-0.072045;-0.138479;0.371282;0.728439;-0.341331;-0.463702;0.523355;-0.203540;-0.778268;0.281015;0.587693;-0.514150;-0.302767;0.546441;0.639073;0.210176;-0.558430;-0.485353;0.639073;0.210176;-0.558430;-0.485353;0.460718;0.459969;-0.447983;0.612763;-0.019221;0.568011;-0.146546;0.809641;0.714755;-0.151230;0.566834;-0.380727;0.578335;-0.416745;0.557049;-0.426085;0.714462;0.097580;0.684870;0.104760;0.289628;0.073988;0.940251;0.162999;-0.007784;0.864786;0.376338;0.332347;0.192827;0.718672;0.574326;0.341288;-0.104061;0.916893;-0.097725;0.372731;0.451064;-0.522734;0.626932;-0.360898;0.451064;-0.522734;0.626932;-0.360898;0.574144;0.073679;0.812936;0.063756;0.360898;0.626932;0.522734;0.451064;0.574144;0.073679;0.812936;0.063756;0.451064;-0.522734;0.626932;-0.360898
27500200;1;0.526129;-0.375902;0.714221;-0.267905;0.549401;-0.305660;0.746985;-0.216203;0.534298;-0.362739;0.723171;-0.244888;0.552216;-0.303577;0.749931;-0.201252;0.905770;-0.363212;0.099891;0.194112;0.679897;-0.318149;-0.115176;0.650581;-0.117121;-0.282114;0.186803;0.933702;-0.477345;-0.291724;0.312080;0.767883;-0.140991;-0.390156;0.173997;0.893098;-0.140991;-0.390156;0.173997;0.893098;-0.051909;-0.630831;0.646520;0.425875;0.406439;0.899604;-0.076924;-0.140011;0.358364;0.730557;-0.342256;-0.469811;0.527461;-0.202774;-0.780856;0.266329;0.605432;-0.504872;-0.316248;0.527773;0.622688;0.226171;-0.551140;-0.507299;0.622688;0.226171;-0.551140;-0.507299;0.437839;0.452587;-0.483238;0.608230;-0.017964;0.567751;-0.145551;0.810032;0.714573;-0.151829;0.566156;-0.381838;0.579409;-0.412796;0.556258;-0.429491;0.717605;0.099814;0.681508;0.103088;0.287956;0.074201;0.941109;0.160899;-0.006748;0.865680;0.376469;0.329884;0.188793;0.722498;0.572100;0.339199;-0.105479;0.918016;-0.101991;0.368401;0.449216;-0.526625;0.626712;-0.357915;0.449216;-0.526625;0.626712;-0.357915;0.570728;0.070773;0.815532;0.064560;0.357915;0.626712;0.526625;0.449216;0.570728;0.070773;0.815532;0.064560;0.449216;-0.526625;0.626712;-0.357915
27533555;1;0.535442;-0.380315;0.707207;-0.261763;0.557161;-0.313963;0.739059;-0.211636;0.530148;-0.371799;0.723980;-0.237827;0.547513;-0.312543;0.751464;-0.194547;0.902049;-0.362715;0.097271;0.212800;0.681749;-0.313739;-0.116401;0.650566;-0.131509;-0.277402;0.187162;0.933126;-0.434504;-0.303213;0.286491;0.798243;-0.103527;-0.388508;0.151910;0.902921;-0.103527;-0.388508;0.151910;0.902921;0.036054;0.637375;-0.620002;-0.456126;0.413625;0.894152;-0.080901;-0.151199;0.363798;0.726785;-0.323558;-0.484505;0.547548;-0.171448;-0.776860;0.259394;0.614992;-0.473499;-0.315935;0.545682;0.642351;0.230778;-0.520344;-0.513195;0.642351;0.230778;-0.520344;-0.513195;0.452683;0.499854;-0.458181;0.579046;-0.021212;0.556664;-0.149504;0.816899;0.716752;-0.150714;0.556390;-0.392405;0.591248;-0.393780;0.559820;-0.426574;0.723886;0.115874;0.670597;0.113412;0.290329;0.094547;0.938475;0.161354;-0.002499;0.869060;0.366534;0.332237;0.158699;0.745299;0.551547;0.339321;-0.127110;0.919606;-0.132515;0.347287;0.451097;-0.512162;0.648025;-0.338031;0.451097;-0.512162;0.648025;-0.338031;0.557998;0.096070;0.820376;0.079950;0.338031;0.648025;0.512162;0.451097;0.557998;0.096070;0.820376;0.079950;0.451097;-0.512162;0.648025;-0.338031
27566877;1;0.534546;-0.378228;0.711928;-0.253699;0.553050;-0.320339;0.739784;-0.210330;0.525664;-0.380604;0.724042;-0.233627;0.542706;-0.321314;0.752232;-0.190720;0.899046;-0.365010;0.098352;0.220931;0.687083;-0.317323;-0.120218;0.642473;-0.124257;-0.282100;0.188587;0.932424;-0.388519;-0.314907;0.274499;0.821302;-0.104944;-0.386246;0.159154;0.902480;-0.104944;-0.386246;0.159154;0.902480;0.069481;0.627209;-0.618105;-0.468750;0.418097;0.892046;-0.069662;-0.156831;0.313474;0.759936;-0.315440;-0.474056;0.538414;-0.110810;-0.815307;0.181950;0.614322;-0.439283;-0.368010;0.542409;0.637186;0.289671;-0.494461;-0.515357;0.637186;0.289671;-0.494461;-0.515357;0.407571;0.532621;-0.468883;0.574760;-0.029990;0.557970;-0.156988;0.814325;0.713997;-0.152040;0.559391;-0.392650;0.593153;-0.384985;0.563153;-0.427568;0.725916;0.124467;0.666752;0.114000;0.276841;0.109370;0.941245;0.159550;-0.001767;0.872231;0.370214;0.319612;0.150507;0.747785;0.558409;0.326106;-0.123602;0.926114;-0.129415;0.332096;0.465572;-0.508900;0.648091;-0.322865;0.465572;-0.508900;0.648091;-0.322865;0.557509;0.098422;0.818116;0.100910;0.322865;0.648091;0.508900;0.465572;0.557509;0.098422;0.818116;0.100910;0.465572;-0.508900;0.648091;-0.322865
27600222;1;0.539912;-0.375374;0.709741;-0.252700;0.558727;-0.316225;0.737997;-0.207814;0.521456;-0.385395;0.724317;-0.234350;0.538570;-0.326068;0.752890;-0.191778;0.896138;-0.368892;0.112926;0.219322;0.684624;-0.315776;-0.127670;0.644419;-0.140644;-0.284611;0.187111;0.929626;-0.424501;-0.283313;0.276635;0.814252;-0.048862;-0.372486;0.134339;0.916962;-0.048862;-0.372486;0.134339;0.916962;0.077095;0.630013;-0.610108;-0.474245;0.415919;0.896649;-0.045688;-0.144721;0.291587;0.760745;-0.320613;-0.483168;0.547847;-0.080940;-0.821568;0.135419;0.649087;-0.395923;-0.400787;0.511175;0.612013;0.329354;-0.457067;-0.555027;0.612013;0.329354;-0.457067;-0.555027;0.534383;0.395295;-0.270227;0.696530;-0.025397;0.562207;-0.151392;0.812625;0.715198;-0.151816;0.562144;-0.386571;0.605051;-0.363887;0.564625;-0.427433;0.734182;0.140519;0.652880;0.122392;0.304748;0.104725;0.932068;0.165560;0.003832;0.865092;0.362313;0.346887;0.157925;0.750428;0.536161;0.352774;-0.137218;0.912464;-0.146991;0.356335;0.474057;-0.492530;0.644677;-0.342162;0.474057;-0.492530;0.644677;-0.342162;0.577155;0.107584;0.804127;0.093264;0.342162;0.644677;0.492530;0.474057;0.577155;0.107584;0.804127;0.093264;0.474057;-0.492530;0.644677;-0.342162
27633544;1;0.551755;-0.370150;0.700837;-0.259581;0.566540;-0.326781;0.722079;-0.225496;0.536211;-0.366422;0.726396;-0.224860;0.552517;-0.306990;0.753441;-0.181135;0.903183;-0.349325;0.137868;0.207906;0.679563;-0.331139;-0.121568;0.643243;-0.118765;-0.293452;0.195749;0.928150;0.508953;0.260536;-0.329908;-0.751164;-0.130141;-0.378387;0.183145;0.897967;-0.130141;-0.378387;0.183145;0.897967;0.142825;0.638546;-0.637426;-0.406876;0.391373;0.910909;-0.054840;-0.118595;0.326122;0.755719;-0.326968;-0.464355;0.530069;-0.131986;-0.812772;0.202503;0.639471;-0.439037;-0.385176;0.499963;0.599613;0.306558;-0.497128;-0.547130;0.599613;0.306558;-0.497128;-0.547130;0.560891;0.449122;-0.317511;0.618771;-0.017169;0.565709;-0.145487;0.811488;0.701671;-0.170445;0.558749;-0.407928;0.606240;-0.348345;0.574256;-0.425862;0.733895;0.158343;0.648760;0.124244;0.340725;0.099966;0.921751;0.155845;0.027022;0.856454;0.355012;0.373794;0.138724;0.772674;0.493076;0.374976;-0.166756;0.897928;-0.193074;0.358664;0.470297;-0.514544;0.642851;-0.317501;0.470297;-0.514544;0.642851;-0.317501;0.557057;0.090727;0.818402;0.108043;0.317501;0.642851;0.514544;0.470297;0.557057;0.090727;0.818402;0.108043;0.470297;-0.514544;0.642851;-0.317501
27666888;1;0.555550;-0.370804;0.693909;-0.268998;0.570444;-0.329243;0.714565;-0.235773;0.534822;-0.358498;0.734858;-0.213139;0.550191;-0.298413;0.761241;-0.169563;0.901672;-0.330730;0.157939;0.229480;0.680951;-0.328735;-0.137533;0.639784;-0.161721;-0.295252;0.199520;0.920252;-0.487595;-0.284109;0.307840;0.766008;-0.070797;-0.395391;0.138380;0.905265;-0.070797;-0.395391;0.138380;0.905265;0.015370;0.649048;-0.626128;-0.431816;0.376130;0.917877;-0.050647;-0.116031;0.326263;0.775551;-0.326781;-0.430450;0.500721;-0.112889;-0.833979;0.202519;0.622771;-0.464457;-0.410067;0.477788;0.574856;0.326966;-0.526278;-0.534476;0.574856;0.326966;-0.526278;-0.534476;0.615824;0.427253;-0.290057;0.595049;-0.020827;0.571210;-0.143379;0.807916;0.700818;-0.174703;0.562473;-0.402439;0.600990;-0.354726;0.566939;-0.437675;0.738493;0.148591;0.648040;0.112218;0.328247;0.106917;0.926350;0.150661;0.025176;0.864217;0.350164;0.360388;0.139900;0.769499;0.510232;0.357718;-0.153683;0.907690;-0.178735;0.347181;0.442099;-0.549764;0.624097;-0.335872;0.442099;-0.549764;0.624097;-0.335872;0.550109;0.052561;0.830046;0.075114;0.335872;0.624097;0.549764;0.442099;0.550109;0.052561;0.830046;0.075114;0.442099;-0.549764;0.624097;-0.335872
27700222;1;0.540311;-0.382412;0.710645;-0.238347;0.553182;-0.340704;0.731557;-0.206724;0.521802;-0.382753;0.734224;-0.205276;0.536583;-0.322640;0.762554;-0.162770;0.895684;-0.344103;0.159436;0.232215;0.692741;-0.323618;-0.137382;0.629689;-0.157653;-0.290008;0.198740;0.922791;-0.482334;-0.279018;0.305878;0.771972;-0.042157;-0.393112;0.129906;0.909291;-0.042157;-0.393112;0.129906;0.909291;0.087897;0.655763;-0.610238;-0.435727;0.397639;0.903390;-0.035448;-0.156567;0.352527;0.765559;-0.321339;-0.431724;0.527970;-0.032285;-0.829637;0.178627;-0.139460;0.665247;0.704183;-0.205242;-0.248139;-0.205992;0.946570;-0.000673;-0.248139;-0.205992;0.946570;-0.000673;0.727891;-0.271182;-0.554784;0.298078;-0.025496;0.575644;-0.155546;0.802365;0.696471;-0.169549;0.571728;-0.399135;0.602166;-0.346206;0.581327;-0.423789;0.729563;0.164836;0.652293;0.122806;0.348252;0.126704;0.916082;0.153167;0.040470;0.857660;0.345844;0.378382;0.146007;0.744383;0.543438;0.359514;-0.150372;0.913275;-0.137491;0.352722;0.475754;-0.522245;0.624236;-0.333538;0.475754;-0.522245;0.624236;-0.333538;0.572256;0.072119;0.810684;0.100562;0.333538;0.624236;0.522245;0.475754;0.572256;0.072119;0.810684;0.100562;0.475754;-0.522245;0.624236;-0.333538
27733555;1;0.541193;-0.382852;0.709373;-0.239425;0.552848;-0.345662;0.728219;-0.211122;0.526269;-0.380628;0.734916;-0.195093;0.540220;-0.320466;0.763073;-0.152261;0.894469;-0.334337;0.175769;0.239267;0.705926;-0.310448;-0.144205;0.620077;-0.154615;-0.286231;0.187737;0.926780;-0.489676;-0.300634;0.331495;0.748297;-0.013888;-0.431272;0.119477;0.894168;-0.013888;-0.431272;0.119477;0.894168;0.058707;0.684138;-0.605329;-0.402599;0.384060;0.913004;-0.024480;-0.135357;0.355355;0.757862;-0.340125;-0.428582;0.531347;-0.027230;-0.830240;0.166225;-0.133020;0.625496;0.731011;-0.238082;-0.267865;-0.157557;0.949104;-0.051241;-0.267865;-0.157557;0.949104;-0.051241;0.660699;-0.069512;-0.503439;0.552444;-0.031945;0.581478;-0.157845;0.797463;0.696948;-0.168772;0.578453;-0.388809;0.589247;-0.362224;0.569134;-0.444599;0.735080;0.144745;0.654901;0.099051;0.371573;0.120653;0.907399;0.154928;0.047238;0.849955;0.339751;0.399892;0.173673;0.737980;0.528351;0.382190;-0.146733;0.898313;-0.143712;0.388393;0.499739;-0.498174;0.611150;-0.358579;0.499739;-0.498174;0.611150;-0.358579;0.606923;0.079886;0.784411;0.099815;0.358579;0.611150;0.498174;0.499739;0.606923;0.079886;0.784411;0.099815;0.499739;-0.498174;0.611150;-0.358579
27766866;1;0.547011;-0.359287;0.720547;-0.229137;0.549710;-0.350650;0.724790;-0.222584;0.510897;-0.396276;0.733131;-0.210876;0.526162;-0.336207;0.762549;-0.169226;0.885020;-0.358827;0.199506;0.219500;0.729233;-0.280033;-0.103146;0.615761;-0.132871;-0.236426;0.182100;0.945139;0.564694;0.317385;-0.340330;-0.681589;-0.089782;-0.453102;0.106092;0.880558;-0.089782;-0.453102;0.106092;0.880558;0.050101;0.721243;-0.585890;-0.366104;0.403968;0.902701;-0.002281;-0.148105;0.424397;0.722831;-0.288068;-0.463054;0.591123;0.013777;-0.777996;0.212382;-0.297719;0.479186;0.659489;-0.496808;0.565631;0.150596;-0.801166;0.124562;0.565631;0.150596;-0.801166;0.124562;0.719132;-0.367395;-0.244731;0.536635;-0.047512;0.588283;-0.180737;0.786766;0.684146;-0.171196;0.591179;-0.391335;0.567595;-0.386035;0.583286;-0.434270;0.712593;0.137781;0.681849;0.091157;0.363106;0.139456;0.906842;0.162305;0.046490;0.850397;0.344328;0.395096;0.171243;0.733854;0.539166;0.376078;-0.144093;0.902965;-0.133144;0.382315;0.485756;-0.511800;0.626364;-0.331315;0.485756;-0.511800;0.626364;-0.331315;0.577756;0.081009;0.804804;0.109207;0.331315;0.626364;0.511800;0.485756;0.577756;0.081009;0.804804;0.109207;0.485756;-0.511800;0.626364;-0.331315
27800222;1;0.515652;-0.384252;0.728853;-0.235004;0.526187;-0.349358;0.746207;-0.210359;0.517615;-0.394843;0.731051;-0.204298;0.532332;-0.334946;0.760360;-0.162131;0.891731;-0.356790;0.183248;0.209611;0.703346;-0.311149;-0.121406;0.627496;-0.140746;-0.271794;0.194116;0.932007;0.547481;0.288074;-0.339286;-0.708635;-0.063936;-0.427690;0.123219;0.893203;-0.063936;-0.427690;0.123219;0.893203;0.237879;0.662385;-0.616529;-0.352919;0.404839;0.902613;-0.029126;-0.143341;0.391334;0.736255;-0.312841;-0.454881;0.570200;-0.006473;-0.799937;0.186899;-0.332461;0.497115;0.631758;-0.493182;0.575892;0.046844;-0.802525;0.148685;0.575892;0.046844;-0.802525;0.148685;0.751129;-0.222217;-0.212575;0.584154;-0.070126;0.593276;-0.206593;0.774872;0.674934;-0.171099;0.604516;-0.386977;0.565797;-0.385215;0.609668;-0.399735;0.687079;0.157087;0.700133;0.114280;0.347438;0.163177;0.906890;0.173810;0.046003;0.847126;0.362471;0.385844;0.151878;0.736096;0.547374;0.368074;-0.152180;0.910223;-0.128849;0.362952;0.468568;-0.535538;0.620360;-0.329843;0.468568;-0.535538;0.620360;-0.329843;0.564562;0.059978;0.817343;0.098094;0.329843;0.620360;0.535538;0.468568;0.564562;0.059978;0.817343;0.098094;0.468568;-0.535538;0.620360;-0.329843
27833544;1;0.528816;-0.378690;0.715715;-0.254360;0.543801;-0.332812;0.738167;-0.220513;0.540923;-0.357902;0.723861;-0.235231;0.558045;-0.298700;0.750231;-0.191095;0.896540;-0.345425;0.181933;0.209280;0.682605;-0.311647;-0.153009;0.643051;-0.144710;-0.302363;0.170624;0.926565;0.533144;0.268271;-0.306412;-0.741552;-0.098191;-0.384476;0.134298;0.908020;-0.098191;-0.384476;0.134298;0.908020;0.087862;0.654116;-0.620064;-0.424185;0.382380;0.919500;-0.060533;-0.068129;0.492030;0.609393;-0.545459;-0.298363;0.535173;-0.065894;-0.815196;0.211434;-0.418377;0.606623;0.536316;-0.411503;0.583332;0.032041;-0.809073;-0.064014;0.583332;0.032041;-0.809073;-0.064014;0.667966;0.255032;-0.304114;0.629520;-0.099386;0.595836;-0.226678;0.764015;0.666215;-0.183556;0.610545;-0.386910;0.497617;-0.473663;0.554144;-0.470048;0.688401;0.054656;0.723070;0.016923;0.337952;0.192794;0.902071;0.186779;0.040269;0.850101;0.358004;0.384110;0.236085;0.675636;0.600850;0.356032;-0.083443;0.905259;-0.048704;0.413730;0.493746;-0.506750;0.613789;-0.350260;0.493746;-0.506750;0.613789;-0.350260;0.596802;0.075688;0.792341;0.101460;0.350260;0.613789;0.506750;0.493746;0.596802;0.075688;0.792341;0.101460;0.493746;-0.506750;0.613789;-0.350260
27866888;1;0.518507;-0.382502;0.725506;-0.241834;0.534189;-0.330684;0.750543;-0.204878;0.537203;-0.363281;0.719369;-0.248894;0.555432;-0.304423;0.746185;-0.205012;0.888097;-0.355353;0.196026;0.215828;0.691438;-0.303336;-0.159082;0.636077;-0.146462;-0.300491;0.164392;0.928024;0.553172;0.267097;-0.308724;-0.726188;-0.070069;-0.391944;0.114157;0.910186;-0.070069;-0.391944;0.114157;0.910186;0.088001;0.649574;-0.630553;-0.415587;0.390805;0.917589;-0.057931;-0.044110;0.476021;0.638014;-0.515491;-0.317192;0.535801;-0.044533;-0.819030;0.200310;-0.450467;0.643906;0.537033;-0.306691;0.519600;0.023771;-0.838126;-0.164304;0.519600;0.023771;-0.838126;-0.164304;0.719420;0.316900;-0.376673;0.490027;-0.128128;0.598444;-0.241331;0.753132;0.663173;-0.193576;0.615595;-0.379173;0.481881;-0.490498;0.535578;-0.490264;0.691480;0.029484;0.721746;-0.008368;0.337686;0.213870;0.894738;0.199178;0.049167;0.838536;0.378273;0.389036;0.286581;0.646440;0.608812;0.359631;-0.049973;0.890362;-0.022685;0.451932;0.495009;-0.499387;0.633290;-0.323299;0.495009;-0.499387;0.633290;-0.323299;0.578631;0.094684;0.800924;0.121417;0.323299;0.633290;0.499387;0.495009;0.578631;0.094684;0.800924;0.121417;0.495009;-0.499387;0.633290;-0.323299
27900222;1;0.522168;-0.378185;0.719958;-0.256861;0.536850;-0.333610;0.741665;-0.224564;0.536466;-0.356287;0.723261;-0.249315;0.554731;-0.297139;0.749503;-0.205491;0.891277;-0.350536;0.195512;0.211007;0.698725;-0.282334;-0.145726;0.640964;-0.162624;-0.275035;0.159073;0.934133;0.517155;0.308762;-0.282101;-0.746750;-0.081750;-0.407712;0.093197;0.904656;-0.081750;-0.407712;0.093197;0.904656;0.091031;0.683322;-0.579809;-0.434287;0.390030;0.916264;-0.062032;-0.066999;0.475061;0.626074;-0.529691;-0.319023;0.540682;-0.046246;-0.818781;0.187405;-0.423377;0.540588;0.542140;-0.484355;0.642156;0.098046;-0.759302;-0.038516;0.642156;0.098046;-0.759302;-0.038516;0.721066;0.279669;-0.199742;0.601624;-0.144865;0.593189;-0.250555;0.751241;0.665085;-0.195132;0.613699;-0.378098;0.480857;-0.494447;0.530080;-0.493270;0.692865;0.022792;0.720620;-0.011184;0.332591;0.221635;0.892370;0.209613;0.043430;0.835990;0.382760;0.390805;0.304963;0.645845;0.594857;0.368819;-0.043448;0.880227;-0.032211;0.471461;0.448698;-0.538556;0.610052;-0.369409;0.448698;-0.538556;0.610052;-0.369409;0.578490;0.050555;0.812189;0.056066;0.369409;0.610052;0.538556;0.448698;0.578490;0.050555;0.812189;0.056066;0.448698;-0.538556;0.610052;-0.369409
27933555;1;0.517851;-0.400599;0.713628;-0.249170;0.539201;-0.330912;0.748493;-0.198789;0.538829;-0.358707;0.723121;-0.241016;0.556422;-0.299563;0.749558;-0.197029;0.890016;-0.345336;0.198765;0.221600;0.707993;-0.243436;-0.133200;0.649417;-0.167801;-0.243068;0.133870;0.945960;0.538535;0.336987;-0.265176;-0.725328;-0.052726;-0.427210;0.037019;0.901854;-0.052726;-0.427210;0.037019;0.901854;-0.001422;0.697847;-0.564881;-0.440360;0.388139;0.916213;-0.078397;-0.061279;0.471153;0.636699;-0.511012;-0.333911;0.546460;-0.041876;-0.815331;0.186714;-0.398099;0.588351;0.573974;-0.407325;0.557884;0.164828;-0.805255;-0.114725;0.557884;0.164828;-0.805255;-0.114725;0.712966;0.219160;-0.286608;0.601253;-0.151173;0.595936;-0.257101;0.745591;0.653797;-0.209993;0.614162;-0.388918;-0.452440;0.533200;-0.520545;0.489927;0.670468;-0.011520;0.741296;-0.028647;0.351767;0.237245;0.881941;0.205316;0.069206;0.827808;0.385715;0.401457;0.313579;0.627331;0.613486;0.362986;-0.033069;0.880214;-0.006008;0.473386;0.472979;-0.508498;0.622318;-0.361167;0.472979;-0.508498;0.622318;-0.361167;0.589830;0.080482;0.799608;0.079063;0.361167;0.622318;0.508498;0.472979;0.589830;0.080482;0.799608;0.079063;0.472979;-0.508498;0.622318;-0.361167
27966866;1;0.526651;-0.388670;0.712206;-0.253649;0.543909;-0.335137;0.738908;-0.214155;0.537516;-0.364222;0.718422;-0.249578;0.555799;-0.305437;0.745316;-0.205669;0.886478;-0.355539;0.211845;0.207052;0.718095;-0.258472;-0.166125;0.624447;-0.125268;-0.281072;0.124112;0.943347;0.541482;0.287269;-0.274034;-0.741067;0.006844;-0.393995;0.048846;0.917788;0.006844;-0.393995;0.048846;0.917788;0.083966;0.666177;-0.592665;-0.444866;0.390516;0.917826;-0.063063;-0.033391;0.438195;0.663010;-0.489532;-0.358834;0.547652;-0.007566;-0.824116;0.144410;-0.436846;0.777777;0.451890;0.004913;-0.227302;0.028876;0.899059;0.373084;-0.227302;0.028876;0.899059;0.373084;0.689545;0.110435;-0.628338;0.342816;-0.167141;0.597857;-0.263731;0.738293;0.648595;-0.223410;0.614106;-0.390239;-0.455391;0.522282;-0.521005;0.498392;0.678485;-0.003473;0.733881;-0.032617;0.363324;0.252052;0.869452;0.220271;0.077203;0.816931;0.389920;0.417882;0.335402;0.613789;0.607436;0.376549;-0.027096;0.866486;-0.000800;0.498464;0.476078;-0.515661;0.626417;-0.339184;0.476078;-0.515661;0.626417;-0.339184;0.576477;0.078317;0.807571;0.096798;0.339184;0.626417;0.515661;0.476078;0.576477;0.078317;0.807571;0.096798;0.476078;-0.515661;0.626417;-0.339184
28000222;1;0.513992;-0.396364;0.711641;-0.268838;0.533789;-0.338368;0.740976;-0.227005;0.531087;-0.371365;0.718339;-0.253031;0.549667;-0.312563;0.745806;-0.209627;0.886168;-0.366378;0.170760;0.226525;0.706335;-0.250249;-0.165174;0.641236;-0.156524;-0.274383;0.120918;0.941060;0.550486;0.254257;-0.247634;-0.755643;-0.154034;-0.338206;0.107636;0.922120;-0.154034;-0.338206;0.107636;0.922120;0.127472;0.671340;-0.551893;-0.477982;0.407988;0.907149;-0.066462;-0.078795;0.465667;0.638341;-0.498737;-0.356281;0.559853;-0.038217;-0.809171;0.174203;-0.358492;0.647734;0.597914;-0.307283;-0.429407;-0.270685;0.838922;0.196338;-0.429407;-0.270685;0.838922;0.196338;0.678775;0.354327;-0.363796;0.530442;-0.201755;0.588904;-0.286441;0.728312;0.649638;-0.226937;0.614331;-0.386092;-0.457835;0.522855;-0.518683;0.497974;0.679917;-0.005504;0.732630;-0.030587;0.339861;0.274801;0.870301;0.227059;0.071209;0.818572;0.403512;0.402550;0.304907;0.626405;0.613231;0.372285;-0.045772;0.879379;-0.005461;0.473886;0.508532;-0.493040;0.596423;-0.377606;0.508532;-0.493040;0.596423;-0.377606;0.626594;0.073103;0.770367;0.092579;0.377606;0.596423;0.493040;0.508532;0.626594;0.073103;0.770367;0.092579;0.508532;-0.493040;0.596423;-0.377606
28033544;1;0.504403;-0.401767;0.709551;-0.284073;0.524911;-0.345541;0.738567;-0.244108;0.527284;-0.373859;0.715803;-0.264247;0.546777;-0.315252;0.743479;-0.221111;0.880596;-0.374177;0.178088;0.229843;0.713531;-0.259668;-0.165798;0.629252;-0.143159;-0.279925;0.128680;0.940526;0.512479;0.302362;-0.259198;-0.760762;-0.056934;-0.391963;0.070507;0.915507;-0.056934;-0.391963;0.070507;0.915507;0.150550;0.645383;-0.601096;-0.446653;0.416970;0.903030;-0.061416;-0.083067;0.480833;0.618399;-0.526150;-0.330982;0.550592;-0.061362;-0.809620;0.193901;-0.148182;0.704860;0.660734;-0.211292;-0.241195;-0.467556;0.845452;0.091799;-0.241195;-0.467556;0.845452;0.091799;0.591160;0.389117;-0.353534;0.611663;-0.221816;0.591432;-0.297804;0.715765;0.643983;-0.239955;0.617208;-0.383096;-0.443963;0.537211;-0.504643;0.509545;0.678233;-0.025685;0.732797;-0.048460;0.330881;0.287547;0.868052;0.233066;0.070995;0.815328;0.413986;0.398516;0.303663;0.612992;0.631026;0.365835;-0.041983;0.882356;0.016597;0.468412;0.510204;-0.517251;0.606292;-0.323348;0.510204;-0.517251;0.606292;-0.323348;0.589410;0.062961;0.794464;0.132127;0.323348;0.606291;0.517251;0.510204;0.589410;0.062961;0.794464;0.132127;0.510204;-0.517251;0.606292;-0.323348
28066888;1;0.506070;-0.415128;0.704179;-0.275127;0.529883;-0.346468;0.740378;-0.225887;0.523881;-0.384346;0.709698;-0.272317;0.544031;-0.326195;0.738234;-0.229428;0.874933;-0.388205;0.177035;0.229015;0.711503;-0.245103;-0.178495;0.633899;-0.156613;-0.281728;0.112096;0.939966;0.542476;0.232890;-0.229650;-0.773785;-0.051952;-0.319049;0.072000;0.943570;-0.051952;-0.319049;0.072000;0.943570;0.085992;0.649369;-0.560708;-0.506491;0.437367;0.890030;-0.090815;-0.091159;0.466854;0.638803;-0.498782;-0.353828;0.551003;-0.070435;-0.807398;0.198854;-0.128051;0.665943;0.685781;-0.264249;-0.293630;-0.319288;0.901017;-0.002430;-0.293630;-0.319288;0.901017;-0.002430;0.620845;0.365774;-0.307415;0.621495;-0.233678;0.580002;-0.301799;0.719659;0.648711;-0.239437;0.608440;-0.389417;-0.440283;0.544110;-0.493859;0.515944;0.680117;-0.038221;0.729998;-0.055521;0.336116;0.302764;0.860059;0.235922;0.082536;0.810570;0.417480;0.402335;0.318326;0.600596;0.637383;0.362900;-0.029428;0.878081;0.029766;0.476679;0.503600;-0.528004;0.604332;-0.319971;0.503600;-0.528004;0.604332;-0.319971;0.582353;0.053973;0.800682;0.129846;0.319971;0.604332;0.528004;0.503600;0.582353;0.053973;0.800682;0.129846;0.503600;-0.528004;0.604332;-0.319971
28100222;1;0.501824;-0.418388;0.704670;-0.276701;0.520006;-0.367901;0.732296;-0.240800;0.524973;-0.393520;0.703223;-0.273903;0.545247;-0.335859;0.732516;-0.230922;0.868172;-0.394854;0.177070;0.242926;0.721238;-0.246857;-0.179540;0.621806;-0.150590;-0.282405;0.115848;0.940292;0.514982;0.211257;-0.219636;-0.801202;-0.000018;-0.296468;0.070540;0.952434;-0.000018;-0.296468;0.070540;0.952434;-0.025978;0.636239;-0.565422;-0.524235;0.438802;0.893348;-0.070443;-0.066482;0.441511;0.651139;-0.499408;-0.362875;0.549724;-0.039670;-0.819644;0.156250;-0.378237;0.659187;0.587858;-0.277185;-0.451090;-0.058787;0.881277;0.128112;-0.451090;-0.058787;0.881277;0.128112;0.637782;0.276855;-0.428212;0.577252;-0.251953;0.573517;-0.314576;0.713190;0.646143;-0.245450;0.606362;-0.393165;-0.439818;0.543035;-0.493736;0.517589;0.680942;-0.037552;0.729148;-0.057020;0.327965;0.319531;0.855063;0.243322;0.084379;0.806021;0.428386;0.399620;0.323952;0.597340;0.636169;0.365416;-0.027198;0.874948;0.031185;0.482445;0.495056;-0.519283;0.609779;-0.336800;0.495056;-0.519283;0.609779;-0.336800;0.588211;0.063991;0.798368;0.111904;0.336800;0.609779;0.519283;0.495056;0.588211;0.063991;0.798368;0.111904;0.495056;-0.519283;0.609779;-0.336800
28133544;1;0.505649;-0.411773;0.708642;-0.269423;0.513589;-0.390089;0.720806;-0.253961;0.527929;-0.413500;0.685655;-0.283173;0.548937;-0.357183;0.716606;-0.239925;0.856877;-0.416712;0.185922;0.239889;0.723318;-0.246567;-0.181974;0.618791;-0.140109;-0.285145;0.112258;0.941520;-0.485770;-0.269509;0.224796;0.800537;0.003671;-0.347227;0.051008;0.936386;0.003671;-0.347227;0.051008;0.936386;-0.032693;0.618509;-0.596182;-0.510828;0.463694;0.879703;-0.086721;-0.059907;0.444489;0.658752;-0.463477;-0.392000;0.567303;-0.047151;-0.804079;0.171469;-0.300188;0.642572;0.627881;-0.320552;-0.434323;-0.151873;0.885476;0.065034;-0.434323;-0.151873;0.885476;0.065034;0.569378;0.312990;-0.385750;0.655014;-0.262767;0.566960;-0.321282;0.711539;0.643301;-0.251760;0.601101;-0.401820;-0.442509;0.540013;-0.498925;0.513464;0.679953;-0.031725;0.730705;-0.052230;0.333313;0.333339;0.846633;0.246983;0.095502;0.800812;0.431919;0.403765;0.325922;0.592381;0.640031;0.364991;-0.025463;0.874154;0.037408;0.483536;0.477583;-0.542967;0.615313;-0.313832;0.477583;-0.542967;0.615313;-0.313832;0.559615;0.051156;0.819028;0.115790;0.313832;0.615313;0.542967;0.477583;0.559615;0.051156;0.819028;0.115790;0.477583;-0.542967;0.615313;-0.313832
28166888;1;0.506003;-0.430358;0.695645;-0.273552;0.517981;-0.398104;0.714593;-0.250132;0.519593;-0.416979;0.689275;-0.284697;0.540750;-0.360361;0.720494;-0.242113;0.855792;-0.420765;0.185772;0.236781;0.700701;-0.265073;-0.192279;0.633864;-0.130753;-0.307982;0.111275;0.935772;0.590359;0.177404;-0.242180;-0.749235;-0.153167;-0.272564;0.125826;0.941497;-0.153167;-0.272564;0.125826;0.941497;0.009779;-0.617114;0.617152;0.488056;0.464731;0.880242;-0.082723;-0.048538;0.435150;0.662674;-0.488344;-0.364729;0.551170;-0.003625;-0.823167;0.136361;-0.339789;0.509215;0.661512;-0.433182;0.544749;0.086942;-0.830264;0.079695;0.544749;0.086942;-0.830264;0.079695;0.722798;0.101611;-0.273565;0.626418;-0.274960;0.560119;-0.329840;0.708427;0.634203;-0.265974;0.593147;-0.418593;-0.430639;0.547023;-0.494887;0.520002;0.676152;-0.039617;0.732802;-0.065190;0.341135;0.351697;0.832866;0.257430;0.108770;0.791662;0.436555;0.413352;0.337659;0.578569;0.645218;0.367340;-0.018705;0.868059;0.050779;0.493504;0.501985;-0.524214;0.607107;-0.323468;0.501985;-0.524214;0.607107;-0.323468;0.583684;0.058614;0.799965;0.126231;0.323468;0.607107;0.524214;0.501985;0.583684;0.058614;0.799965;0.126231;0.501985;-0.524214;0.607107;-0.323468
28200211;1;0.500648;-0.440887;0.691245;-0.277760;0.508764;-0.419929;0.704174;-0.262599;0.526504;-0.410269;0.689405;-0.281414;0.547376;-0.353662;0.720085;-0.238285;0.865277;-0.418257;0.192811;0.197944;0.697122;-0.258896;-0.180591;0.643724;-0.128367;-0.296323;0.108779;0.940150;0.561372;0.217298;-0.242579;-0.760788;-0.078452;-0.312289;0.092405;0.942222;-0.078452;-0.312289;0.092405;0.942222;0.050003;-0.616208;0.617701;0.486039;0.454017;0.887334;-0.064081;-0.049004;0.435260;0.664873;-0.513826;-0.323227;0.522457;0.003141;-0.840276;0.144796;-0.333921;0.508262;0.659813;-0.441377;0.552967;0.185487;-0.811960;0.023324;0.552967;0.185487;-0.811960;0.023324;0.774046;0.127491;-0.255731;0.564978;-0.288764;0.560598;-0.342679;0.696359;0.627455;-0.275101;0.596703;-0.417809;-0.439104;0.534199;-0.505891;0.515649;0.679081;-0.022713;0.731554;-0.056231;0.332729;0.370019;0.826589;0.262921;0.116413;0.783359;0.454388;0.407833;0.334102;0.584927;0.637581;0.373802;-0.025839;0.867206;0.040921;0.495592;0.462681;-0.575970;0.590400;-0.324981;0.462681;-0.575970;0.590400;-0.324981;0.556962;0.010204;0.824748;0.097369;0.324981;0.590400;0.575970;0.462681;0.556962;0.010204;0.824748;0.097369;0.462681;-0.575970;0.590400;-0.324981
28233555;1;0.487497;-0.473874;0.674691;-0.287371;0.503590;-0.433277;0.701452;-0.258133;0.519050;-0.409178;0.691747;-0.290941;0.540710;-0.352387;0.722332;-0.248379;0.858736;-0.420290;0.169214;0.239364;0.690229;-0.278860;-0.182535;0.642264;-0.159571;-0.305419;0.133421;0.929223;0.523346;0.036351;-0.196372;-0.828387;-0.422266;-0.059199;0.190732;0.884199;-0.422266;-0.059199;0.190732;0.884199;-0.190592;-0.574842;0.499455;0.619497;0.473413;0.869359;-0.117900;-0.078711;0.434530;0.663068;-0.518652;-0.320193;0.511587;-0.044224;-0.840657;0.172102;-0.390358;0.540373;0.577346;-0.471476;0.612088;0.094937;-0.785060;0.004020;0.612088;0.094937;-0.785060;0.004020;0.684422;0.350874;-0.215286;0.601752;-0.313164;0.554853;-0.368840;0.676774;0.612690;-0.291821;0.598980;-0.425058;-0.422326;0.542587;-0.500014;0.526523;0.674853;-0.032916;0.733320;-0.075713;0.326764;0.397326;0.811909;0.275973;0.126413;0.772497;0.469333;0.408649;0.328816;0.578039;0.646206;0.374390;-0.029941;0.868371;0.051919;0.492280;0.501874;-0.540807;0.592738;-0.322975;0.501874;-0.540807;0.592738;-0.322975;0.583256;0.036721;0.801537;0.126500;0.322975;0.592738;0.540807;0.501874;0.583256;0.036721;0.801537;0.126500;0.501874;-0.540807;0.592738;-0.322975
28266888;1;0.499744;-0.476625;0.658220;-0.299719;0.519667;-0.428939;0.690243;-0.263669;0.523936;-0.411916;0.682332;-0.300400;0.546338;-0.355871;0.713167;-0.257416;0.854619;-0.430444;0.152668;0.247056;0.698616;-0.282219;-0.183471;0.631368;-0.143529;-0.308381;0.134946;0.930640;-0.472365;0.029779;0.059327;0.878900;-0.290145;0.017520;0.064027;0.954678;-0.290145;0.017520;0.064027;0.954678;-0.162775;-0.535694;0.273629;0.782089;0.492851;0.848869;-0.165744;-0.095124;0.442459;0.671360;-0.454901;-0.382845;0.556086;-0.043970;-0.809770;0.181958;-0.310987;0.537088;0.623515;-0.475450;0.568123;0.229831;-0.790198;-0.001454;0.568123;0.229831;-0.790198;-0.001454;0.659361;0.310488;-0.210736;0.651483;-0.324437;0.547324;-0.377539;0.672786;0.604618;-0.302979;0.591889;-0.438529;-0.437198;0.523128;-0.520059;0.514523;0.676947;-0.004877;0.733814;-0.056876;0.330741;0.426604;0.789425;0.292282;0.144831;0.759132;0.478400;0.416984;0.335914;0.577314;0.636783;0.385200;-0.032551;0.861294;0.045756;0.504995;0.507462;-0.532857;0.587278;-0.337121;0.507462;-0.532857;0.587278;-0.337121;0.597210;0.038482;0.792055;0.120449;0.337121;0.587278;0.532857;0.507462;0.597210;0.038482;0.792055;0.120449;0.507462;-0.532857;0.587278;-0.337121
28300222;1;0.505133;-0.475769;0.652928;-0.303595;0.521087;-0.439086;0.678141;-0.275313;0.519584;-0.424756;0.673998;-0.308774;0.542672;-0.369338;0.705890;-0.266112;0.843214;-0.444489;0.155659;0.259209;0.711097;-0.270691;-0.197926;0.617974;-0.150677;-0.310833;0.125821;0.929972;-0.348799;-0.184503;0.060451;0.916866;-0.444218;-0.177038;0.079708;0.874628;-0.444218;-0.177038;0.079708;0.874628;-0.078032;-0.589176;0.408059;0.693016;0.505350;0.844844;-0.151860;-0.088310;0.450572;0.665865;-0.473871;-0.359241;0.535928;-0.079264;-0.813417;0.211781;-0.172003;0.582452;0.676714;-0.416200;-0.450270;-0.417086;0.789450;0.008026;-0.450270;-0.417086;0.789450;0.008026;0.570632;0.493311;-0.132324;0.643051;-0.349990;0.532341;-0.395562;0.661552;0.597587;-0.314315;0.584028;-0.450564;0.437642;-0.523027;0.529453;-0.504571;0.670285;0.001856;0.740446;-0.049542;0.317427;0.456418;0.773388;0.304619;0.151198;0.750077;0.493766;0.413182;0.331564;0.578191;0.636009;0.388911;-0.038259;0.861370;0.044622;0.504566;0.513561;-0.529640;0.580892;-0.343950;0.513561;-0.529640;0.580892;-0.343950;0.606352;0.036241;0.785265;0.119933;0.343950;0.580892;0.529640;0.513561;0.606352;0.036241;0.785265;0.119933;0.513561;-0.529640;0.580892;-0.343950
28333544;1;0.495276;-0.478539;0.657903;-0.304736;0.504642;-0.457550;0.672670;-0.288963;0.514467;-0.432793;0.671400;-0.311827;0.537817;-0.377557;0.703945;-0.269566;0.844196;-0.456050;0.143687;0.242295;0.718995;-0.216638;-0.123151;0.648805;-0.151684;-0.221375;0.114416;0.956501;-0.482785;-0.372058;0.229438;0.758847;-0.042428;-0.436874;0.014493;0.898405;-0.042428;-0.436874;0.014493;0.898405;-0.032250;0.683982;-0.556401;-0.470687;0.512182;0.842969;-0.135129;-0.093881;0.458854;0.647469;-0.468518;-0.388238;0.567307;-0.075459;-0.795632;0.198591;-0.228481;0.614561;0.647839;-0.387835;-0.450132;-0.247829;0.857882;0.000835;-0.450132;-0.247829;0.857882;0.000835;0.468686;0.411994;-0.301015;0.721099;-0.370599;0.539533;-0.435223;0.618176;0.567539;-0.347766;0.599662;-0.444256;0.441133;-0.509685;0.549270;-0.493888;0.665259;0.025345;0.745129;-0.039635;0.297796;0.483663;0.758656;0.319106;0.157332;0.731821;0.523361;0.407157;0.310531;0.587120;0.631523;0.400049;-0.061092;0.864508;0.035282;0.497643;0.496161;-0.521339;0.590544;-0.365085;0.496161;-0.521339;0.590544;-0.365085;0.608993;0.048936;0.786220;0.092685;0.365085;0.590544;0.521339;0.496161;0.608993;0.048936;0.786220;0.092685;0.496161;-0.521339;0.590544;-0.365085
28366888;1;0.501134;-0.482018;0.648748;-0.309272;0.508634;-0.465815;0.660479;-0.296775;0.506326;-0.449011;0.658399;-0.329446;0.531114;-0.394766;0.692286;-0.287781;0.826203;-0.478892;0.144447;0.259204;0.720916;-0.246954;-0.169132;0.625050;-0.136562;-0.275736;0.116455;0.944330;-0.469663;-0.291887;0.226872;0.801716;0.025666;-0.367722;0.038071;0.928802;0.025666;-0.367722;0.038071;0.928802;-0.078262;0.635766;-0.580457;-0.502738;0.537419;0.826312;-0.140883;-0.092416;0.468919;0.640480;-0.462164;-0.395354;0.576709;-0.080523;-0.785701;0.208798;-0.126923;0.639647;0.688379;-0.317609;-0.341509;-0.354325;0.870327;-0.018895;-0.341509;-0.354325;0.870327;-0.018895;0.555677;0.404418;-0.254388;0.680409;-0.398174;0.514613;-0.453293;0.609226;0.565658;-0.351083;0.589115;-0.457946;0.433993;-0.515089;0.544052;-0.500341;0.664742;0.017779;0.745239;-0.049202;0.286591;0.513795;0.736828;0.333114;0.167156;0.719785;0.537399;0.406411;0.315974;0.578454;0.634898;0.403059;-0.059296;0.860767;0.043771;0.503635;0.517868;-0.515006;0.591961;-0.340829;0.517868;-0.515006;0.591961;-0.340829;0.607190;0.054415;0.782744;0.125185;0.340829;0.591961;0.515006;0.517868;0.607190;0.054415;0.782744;0.125185;0.517868;-0.515006;0.591961;-0.340829
28400200;1;0.500356;-0.483676;0.646535;-0.312560;0.503677;-0.476719;0.651682;-0.307179;0.495586;-0.467404;0.650371;-0.336075;0.520941;-0.413743;0.685759;-0.295250;0.815250;-0.497827;0.134181;0.263689;0.707723;-0.263514;-0.159357;0.635841;-0.143149;-0.277829;0.132834;0.940571;-0.499544;-0.297985;0.256356;0.771973;-0.108008;-0.380485;0.098714;0.913138;-0.108008;-0.380485;0.098714;0.913138;0.085853;-0.617500;0.623950;0.471178;0.554948;0.817583;-0.128204;-0.084580;0.470980;0.638808;-0.471755;-0.384121;0.572594;-0.072409;-0.790813;0.203735;-0.274468;0.593867;0.628410;-0.420820;0.502265;0.181259;-0.845413;0.012314;0.502265;0.181259;-0.845413;0.012314;0.547763;0.500355;-0.225023;0.631636;-0.426338;0.493091;-0.469813;0.595292;0.555922;-0.366993;0.573750;-0.476527;0.432196;-0.514419;0.547620;-0.498691;0.662316;0.020769;0.747311;-0.049316;0.274513;0.544905;0.708243;0.355123;0.184100;0.695249;0.561388;0.409365;0.322707;0.566121;0.633638;0.416977;-0.064271;0.851209;0.051593;0.518315;0.522988;-0.513101;0.578930;-0.357841;0.522988;-0.513101;0.578930;-0.357841;0.622840;0.046548;0.772183;0.116777;0.357841;0.578930;0.513101;0.522988;0.622840;0.046548;0.772183;0.116777;0.522988;-0.513101;0.578930;-0.357841
28433555;1;0.501171;-0.477196;0.644018;-0.326118;0.496444;-0.486381;0.637109;-0.333270;0.495516;-0.469894;0.642237;-0.348131;0.521838;-0.416878;0.677851;-0.307273;0.811006;-0.510133;0.123185;0.258572;0.693438;-0.285596;-0.173329;0.638385;-0.129118;-0.305226;0.135812;0.933660;0.520572;0.234386;-0.262502;-0.777921;-0.067371;-0.333581;0.112108;0.933604;-0.067371;-0.333581;0.112108;0.933604;0.071427;-0.611841;0.630423;0.472351;0.561809;0.813761;-0.113859;-0.095917;0.477157;0.638721;-0.480062;-0.365920;0.560209;-0.079630;-0.795036;0.218500;-0.226010;0.623539;0.640159;-0.387705;-0.448548;-0.211738;0.868200;-0.014158;-0.448548;-0.211738;0.868200;-0.014158;0.537863;0.451136;-0.253740;0.665429;-0.450799;0.475678;-0.485017;0.579024;0.546202;-0.382354;0.561536;-0.490048;0.441389;-0.502013;0.564542;-0.484202;0.658644;0.041590;0.750594;-0.032675;0.277865;0.564190;0.671781;0.391395;0.210348;0.666307;0.570650;0.431448;0.311322;0.568492;0.624835;0.435289;-0.085296;0.846722;0.043796;0.523325;0.525297;-0.499683;0.598174;-0.341420;0.525297;-0.499683;0.598174;-0.341420;0.612861;0.069644;0.776302;0.130021;0.341420;0.598174;0.499683;0.525297;0.612861;0.069644;0.776302;0.130021;0.525297;-0.499683;0.598174;-0.341420
28466877;1;0.494663;-0.482813;0.644536;-0.326761;0.485998;-0.499412;0.631762;-0.339515;0.485877;-0.487847;0.629167;-0.360663;0.513235;-0.435821;0.666263;-0.320538;0.793576;-0.531473;0.121597;0.270163;0.704597;-0.269483;-0.177143;0.632094;-0.146948;-0.295255;0.129712;0.935097;-0.493430;-0.275909;0.246747;0.787094;-0.021987;-0.363250;0.071128;0.928712;-0.021987;-0.363250;0.071128;0.928712;-0.098260;0.619941;-0.610679;-0.482792;0.584529;0.798446;-0.118341;-0.082492;0.472347;0.645006;-0.463940;-0.381596;0.571268;-0.062029;-0.792102;0.205863;-0.156782;0.688061;0.661361;-0.254152;-0.298014;-0.141866;0.943769;-0.019001;-0.298014;-0.141866;0.943769;-0.019001;0.608823;0.201353;-0.411729;0.647510;-0.474987;0.459000;-0.513723;0.547535;0.528101;-0.404569;0.557598;-0.496506;0.431052;-0.509819;0.557280;-0.493677;0.657991;0.030856;0.750947;-0.046622;0.234295;0.598784;0.660660;0.387417;0.197318;0.657697;0.602049;0.407476;0.315549;0.555281;0.629521;0.442488;-0.087290;0.840689;0.056439;0.531448;0.499118;-0.510470;0.610126;-0.343581;0.499118;-0.510470;0.610126;-0.343581;0.595878;0.070467;0.792381;0.109981;0.343581;0.610126;0.510470;0.499118;0.595878;0.070467;0.792381;0.109981;0.499118;-0.510470;0.610126;-0.343581
28500222;1;0.499507;-0.476217;0.647699;-0.322794;0.488825;-0.496880;0.631987;-0.338753;0.467463;-0.518346;0.607273;-0.379493;0.496391;-0.467977;0.646885;-0.340783;0.774012;-0.570132;0.102539;0.255618;0.703165;-0.266169;-0.152945;0.641343;-0.153644;-0.273424;0.139561;0.939231;-0.461806;-0.313406;0.241927;0.793715;-0.011489;-0.391881;0.056403;0.918213;-0.011489;-0.391881;0.056403;0.918213;-0.072879;0.631600;-0.599272;-0.486461;0.617485;0.776668;-0.082886;-0.092897;0.482781;0.646082;-0.484433;-0.338859;0.548569;-0.049102;-0.806031;0.216738;-0.310027;0.527811;0.603392;-0.511094;0.591765;0.131633;-0.790784;0.084548;0.591765;0.131633;-0.790784;0.084548;0.578808;0.360654;-0.198149;0.704022;0.492763;-0.442958;0.530601;-0.528616;0.519576;-0.414850;0.552850;-0.502292;0.420328;-0.519502;0.549338;-0.501667;0.656021;0.018314;0.752148;-0.059778;0.218879;0.617822;0.641231;0.399010;0.202724;0.643172;0.615820;0.407428;0.320895;0.538341;0.639541;0.445199;-0.085292;0.835753;0.075472;0.537165;0.490545;-0.510469;0.626153;-0.326679;0.490545;-0.510469;0.626153;-0.326679;0.577865;0.081800;0.803713;0.115871;0.326679;0.626153;0.510469;0.490545;0.577865;0.081800;0.803713;0.115871;0.490545;-0.510469;0.626153;-0.326679
28533544;1;0.500434;-0.477042;0.647001;-0.321538;0.497639;-0.482610;0.642858;-0.325847;0.458347;-0.529355;0.591079;-0.400408;0.488981;-0.480250;0.631626;-0.362362;0.761922;-0.595899;0.084398;0.239281;0.695411;-0.269711;-0.119071;0.655348;-0.178047;-0.245518;0.163227;0.938817;-0.481500;-0.288816;0.251585;0.788320;-0.000206;-0.377601;0.064241;0.923737;-0.000206;-0.377601;0.064241;0.923737;-0.109073;0.630192;-0.603313;-0.476419;0.640109;0.756083;-0.091365;-0.101243;0.480254;0.655069;-0.455836;-0.363943;0.554844;-0.068816;-0.795088;0.235047;-0.221845;0.556742;0.641352;-0.479053;0.521437;0.222645;-0.819587;0.082524;0.521437;0.222645;-0.819587;0.082524;0.678324;0.126160;-0.227062;0.687316;0.492656;-0.443764;0.544712;-0.513470;0.511813;-0.422818;0.561119;-0.494386;0.410572;-0.530349;0.543530;-0.504714;0.651269;0.006474;0.755699;-0.068748;0.199356;0.625235;0.645471;0.390776;0.185923;0.647038;0.623632;0.397312;0.318225;0.534821;0.641983;0.447836;-0.089020;0.834973;0.079705;0.537162;0.497689;-0.512024;0.614974;-0.334580;0.497689;-0.512024;0.614974;-0.334580;0.588503;0.072797;0.796908;0.115336;0.334580;0.614974;0.512024;0.497689;0.588503;0.072797;0.796908;0.115336;0.497689;-0.512024;0.614974;-0.334580
28566888;1;0.510648;-0.470910;0.638668;-0.331037;0.508539;-0.474950;0.635670;-0.334267;0.448503;-0.540329;0.577822;-0.415947;0.480414;-0.492251;0.619292;-0.378640;0.748876;-0.616168;0.073978;0.232482;0.679725;-0.278487;-0.128936;0.666179;-0.180118;-0.261266;0.160996;0.934547;0.507618;0.309531;-0.266660;-0.758556;-0.036606;-0.403238;0.065695;0.912000;-0.036606;-0.403238;0.065695;0.912000;0.116904;-0.613734;0.632985;0.457158;0.651877;0.749278;-0.048833;-0.106090;0.488998;0.649832;-0.473599;-0.338087;0.551177;-0.038599;-0.803174;0.222770;-0.329830;0.513334;0.585698;-0.533534;0.623675;0.147540;-0.764713;0.066901;0.623675;0.147540;-0.764713;0.066901;0.674288;0.251191;-0.158325;0.676145;0.506386;-0.430300;0.531020;-0.525769;0.527183;-0.408601;0.547884;-0.504922;0.414104;-0.528452;0.534929;-0.512940;0.659529;0.001740;0.748214;-0.072068;0.222838;0.616675;0.625923;0.422227;0.207316;0.639215;0.602908;0.430031;0.325039;0.528230;0.642867;0.449495;-0.085320;0.830951;0.084954;0.543161;0.500902;-0.493467;0.629511;-0.330611;0.500902;-0.493467;0.629511;-0.330611;0.587968;0.096197;0.794065;0.120414;0.330611;0.629511;0.493467;0.500902;0.587968;0.096197;0.794065;0.120414;0.500902;-0.493467;0.629511;-0.330611
28600211;1;0.507156;-0.477615;0.634525;-0.334746;0.505402;-0.480920;0.632024;-0.337388;0.446595;-0.538084;0.583538;-0.412919;0.478270;-0.489555;0.624810;-0.375775;0.750836;-0.610315;0.064300;0.244185;0.679638;-0.278239;-0.116566;0.668646;-0.194044;-0.248675;0.170778;0.933457;0.508126;0.311300;-0.264555;-0.758229;-0.047116;-0.402939;0.067357;0.911528;-0.047116;-0.402939;0.067357;0.911528;-0.113624;0.629015;-0.618356;-0.457236;0.652157;0.744775;-0.071867;-0.121807;0.496462;0.650062;-0.469921;-0.331842;0.549253;-0.038169;-0.801217;0.234339;-0.339372;0.534388;0.582600;-0.509738;0.607636;0.091992;-0.785195;0.076057;0.607636;0.091992;-0.785195;0.076057;0.696717;0.159927;-0.185533;0.674231;0.503217;-0.436133;0.531550;-0.523465;0.526564;-0.411513;0.550824;-0.499981;0.421921;-0.522967;0.537923;-0.509045;0.662320;0.007788;0.746457;-0.063830;0.218113;0.617482;0.632117;0.414210;0.201845;0.641749;0.607487;0.422347;0.319160;0.535353;0.638974;0.450828;-0.090478;0.833248;0.077203;0.539955;0.511825;-0.503623;0.613652;-0.328374;0.511825;-0.503623;0.613652;-0.328374;0.594111;0.077802;0.790033;0.129720;0.328374;0.613652;0.503623;0.511825;0.594111;0.077802;0.790033;0.129720;0.511825;-0.503623;0.613652;-0.328374
28633555;1;0.508419;-0.478359;0.632894;-0.334854;0.506545;-0.481878;0.630219;-0.337682;0.447833;-0.541169;0.581968;-0.409750;0.479250;-0.492756;0.623492;-0.372518;0.750639;-0.610608;0.068274;0.242978;0.675408;-0.274729;-0.114111;0.674779;-0.203772;-0.244296;0.169755;0.932727;0.510207;0.302333;-0.257588;-0.762845;-0.088765;-0.388207;0.083976;0.913435;-0.088765;-0.388207;0.083976;0.913435;-0.109238;0.641372;-0.601550;-0.463515;0.652587;0.744391;-0.068408;-0.123825;0.500366;0.651599;-0.463335;-0.332224;0.549672;-0.038594;-0.798606;0.242073;-0.382541;0.510879;0.616051;-0.461677;0.598091;0.092855;-0.794918;0.042079;0.598091;0.092855;-0.794918;0.042079;0.699502;0.133262;-0.235384;0.661462;0.503682;-0.436066;0.530533;-0.524104;0.527249;-0.411282;0.549963;-0.500397;0.422299;-0.523012;0.538678;-0.507885;0.661774;0.008294;0.747027;-0.062743;0.217836;0.615991;0.634380;0.413116;0.201282;0.640825;0.609304;0.421400;0.306533;0.543184;0.641954;0.445965;-0.096038;0.840833;0.073836;0.527565;0.501195;-0.499802;0.627519;-0.324378;0.501195;-0.499802;0.627519;-0.324378;0.583768;0.090310;0.797136;0.125029;0.324378;0.627519;0.499802;0.501195;0.583768;0.090310;0.797136;0.125029;0.501195;-0.499802;0.627519;-0.324378
28666877;1;0.507890;-0.478361;0.632029;-0.337280;0.505539;-0.482732;0.628697;-0.340793;0.445657;-0.538106;0.586250;-0.410052;0.477105;-0.489360;0.627514;-0.372992;0.753956;-0.608898;0.070454;0.236283;0.670773;-0.282903;-0.129177;0.673307;-0.186273;-0.264737;0.163203;0.931977;0.519133;0.274562;-0.265461;-0.764622;-0.116214;-0.365056;0.112196;0.916864;-0.116214;-0.365056;0.112196;0.916864;-0.041703;0.637612;-0.612457;-0.465412;0.649054;0.747981;-0.059970;-0.125126;0.501271;0.649052;-0.460372;-0.339879;0.554956;-0.042920;-0.794587;0.242514;-0.402415;0.460622;0.639908;-0.465195;0.612834;0.116201;-0.779842;0.052714;0.612834;0.116201;-0.779842;0.052714;0.682480;0.218739;-0.232433;0.657532;0.503155;-0.438741;0.530673;-0.522234;0.529188;-0.411119;0.552342;-0.495843;0.425418;-0.522353;0.531812;-0.513169;0.667680;0.003914;0.741659;-0.064268;0.215135;0.614852;0.636875;0.412388;0.198219;0.640359;0.611243;0.420751;0.318409;0.536662;0.632028;0.459511;-0.097160;0.829318;0.071390;0.545614;0.490884;-0.508665;0.629157;-0.323194;0.490884;-0.508665;0.629157;-0.323194;0.575640;0.085201;0.804562;0.118575;0.323194;0.629157;0.508665;0.490884;0.575640;0.085201;0.804562;0.118575;0.490884;-0.508665;0.629157;-0.323194
28700222;1;0.502794;-0.473930;0.634718;-0.346008;0.491159;-0.494520;0.618810;-0.362335;0.451952;-0.532711;0.598680;-0.391842;0.481920;-0.482986;0.639472;-0.354336;0.764151;-0.590505;0.087352;0.244430;0.681177;-0.270325;-0.116842;0.670277;-0.184400;-0.246389;0.161308;0.937693;0.506752;0.273717;-0.255418;-0.776559;-0.081413;-0.361741;0.096450;0.923695;-0.081413;-0.361741;0.096450;0.923695;-0.096778;0.640770;-0.597814;-0.471876;0.632246;0.763470;-0.043817;-0.124335;0.510546;0.633352;-0.490036;-0.313166;0.550895;-0.032981;-0.800114;0.235043;-0.372027;0.555792;0.568940;-0.478537;0.606070;0.119798;-0.786286;-0.009050;0.606070;0.119798;-0.786286;-0.009050;0.660688;0.322503;-0.223996;0.639773;0.494812;-0.452200;0.532819;-0.516507;0.522180;-0.422616;0.556570;-0.488828;0.439214;-0.511448;0.542625;-0.501069;0.668938;0.019375;0.741637;-0.046048;0.208066;0.615471;0.644939;0.402440;0.191757;0.641010;0.619581;0.410432;0.297951;0.547905;0.640668;0.447850;-0.103484;0.843252;0.069642;0.522845;0.487657;-0.516045;0.623749;-0.326842;0.487657;-0.516045;0.623749;-0.326842;0.575937;0.076158;0.805956;0.113714;0.326842;0.623749;0.516045;0.487657;0.575937;0.076158;0.805956;0.113714;0.487657;-0.516045;0.623749;-0.326842
28733544;1;0.500328;-0.475460;0.637565;-0.342230;0.481446;-0.508651;0.611413;-0.368320;0.461965;-0.517542;0.614552;-0.375584;0.490597;-0.466592;0.654076;-0.337328;0.777133;-0.565815;0.102819;0.255628;0.677883;-0.288863;-0.144397;0.660441;-0.160469;-0.282592;0.156315;0.932715;0.504657;0.274608;-0.269605;-0.772803;-0.008508;-0.376624;0.079065;0.922947;-0.008508;-0.376624;0.079065;0.922947;0.027601;-0.620401;0.630471;0.465670;0.613710;0.777556;-0.065357;-0.120392;0.498680;0.642480;-0.477959;-0.331802;0.550583;-0.048537;-0.799293;0.235868;-0.389030;0.542344;0.536473;-0.516445;0.646254;0.125960;-0.752379;-0.020378;0.646254;0.125960;-0.752379;-0.020378;0.590136;0.444175;-0.213777;0.639334;0.487293;-0.459297;0.526384;-0.523939;0.526862;-0.416698;0.560706;-0.484136;0.438673;-0.512884;0.538831;-0.504160;0.670724;0.015667;0.739947;-0.048601;0.219423;0.608783;0.648991;0.400058;0.197034;0.643803;0.614285;0.411521;0.298454;0.550791;0.643423;0.439956;-0.097568;0.847210;0.069531;0.517572;0.503499;-0.504611;0.613912;-0.339069;0.503499;-0.504611;0.613912;-0.339069;0.595786;0.077288;0.790915;0.116269;0.339069;0.613912;0.504611;0.503499;0.595786;0.077288;0.790915;0.116269;0.503499;-0.504611;0.613912;-0.339069
28766888;1;0.503612;-0.468305;0.636564;-0.349072;0.481381;-0.506264;0.606812;-0.379142;0.471576;-0.498139;0.627377;-0.368607;0.499617;-0.446223;0.665304;-0.329603;0.791434;-0.546788;0.113307;0.248628;0.691320;-0.268529;-0.126891;0.658686;-0.170147;-0.253623;0.154547;0.939596;-0.498625;-0.306244;0.259014;0.768439;0.015571;-0.398690;0.043813;0.915906;0.015571;-0.398690;0.043813;0.915906;0.119461;-0.618828;0.621944;0.464721;0.595685;0.790087;-0.085545;-0.116637;0.485756;0.656610;-0.464662;-0.342043;0.540339;-0.070095;-0.801333;0.246954;-0.390402;0.561846;0.515235;-0.516186;0.646037;0.117272;-0.753250;-0.038699;0.646037;0.117272;-0.753250;-0.038699;0.543477;0.487462;-0.247791;0.636878;-0.474604;0.476524;-0.521851;0.524735;0.524850;-0.421844;0.566965;-0.474479;0.451121;-0.503548;0.545472;-0.495367;0.673347;0.027056;0.738065;-0.033654;0.220383;0.599731;0.661834;0.392084;0.190057;0.648300;0.614351;0.407625;0.295751;0.558268;0.633271;0.447031;-0.104542;0.845387;0.057099;0.520703;0.505672;-0.508268;0.600799;-0.353554;0.505672;-0.508268;0.600799;-0.353554;0.607564;0.065429;0.784229;0.107563;0.353554;0.600799;0.508268;0.505672;0.607564;0.065429;0.784229;0.107563;0.505672;-0.508268;0.600799;-0.353554
28800211;1;0.501316;-0.472734;0.641808;-0.336582;0.482407;-0.506705;0.615342;-0.363164;0.473677;-0.491577;0.639102;-0.354303;0.500564;-0.438742;0.676465;-0.315176;0.800336;-0.530402;0.120758;0.252098;0.701668;-0.248164;-0.124777;0.656131;-0.178392;-0.238269;0.142768;0.943939;-0.488758;-0.326135;0.236869;0.773721;-0.032342;-0.401059;0.040280;0.914594;-0.032342;-0.401059;0.040280;0.914594;-0.126594;0.641256;-0.585659;-0.479341;0.582034;0.800407;-0.081422;-0.118136;0.496344;0.644224;-0.474887;-0.336304;0.548224;-0.061341;-0.797985;0.242710;-0.312435;0.538826;0.577865;-0.527374;0.612934;0.213750;-0.760639;0.007085;0.612934;0.213750;-0.760639;0.007085;0.554547;0.513101;-0.157349;0.635961;-0.464868;0.483315;-0.506926;0.541600;0.533922;-0.410297;0.567649;-0.473665;0.453028;-0.501400;0.554339;-0.485873;0.668035;0.034874;0.742871;-0.025619;0.246323;0.587016;0.658619;0.401197;0.209006;0.644373;0.602632;0.421824;0.303484;0.553885;0.639101;0.438929;-0.093305;0.846380;0.064258;0.520391;0.507869;-0.496663;0.604875;-0.359890;0.507869;-0.496663;0.604875;-0.359890;0.613598;0.076518;0.778905;0.104637;0.359890;0.604875;0.496663;0.507869;0.613598;0.076518;0.778905;0.104637;0.507869;-0.496663;0.604875;-0.359890
28833555;1;0.507167;-0.467351;0.642785;-0.333455;0.495917;-0.488254;0.627054;-0.349967;0.478368;-0.480379;0.640661;-0.360492;0.505736;-0.427455;0.677120;-0.320969;0.805274;-0.527845;0.125314;0.239187;0.697028;-0.265763;-0.145505;0.649885;-0.160921;-0.267460;0.142363;0.939309;-0.489361;-0.290940;0.247368;0.784021;-0.079704;-0.371569;0.088168;0.920766;-0.079704;-0.371569;0.088168;0.920766;-0.064101;0.633370;-0.601406;-0.482747;0.578606;0.800762;-0.103985;-0.114813;0.477128;0.647330;-0.473756;-0.358981;0.558014;-0.055957;-0.800219;0.212460;-0.306039;0.537737;0.601079;-0.505850;0.591220;0.233586;-0.771941;0.001796;0.591220;0.233586;-0.771941;0.001796;0.626669;0.419360;-0.162075;0.636518;-0.447286;0.499552;-0.496393;0.551341;0.535574;-0.406650;0.574978;-0.466044;0.454781;-0.499758;0.556457;-0.483500;0.667608;0.037549;0.743219;-0.022715;0.263132;0.571713;0.668688;0.395933;0.209765;0.653488;0.589034;0.426604;0.289566;0.568764;0.641097;0.426208;-0.094281;0.858239;0.055203;0.501488;0.489898;-0.519369;0.600286;-0.360434;0.489898;-0.519369;0.600286;-0.360434;0.601275;0.057217;0.791716;0.091545;0.360434;0.600286;0.519369;0.489898;0.601275;0.057217;0.791716;0.091545;0.489898;-0.519369;0.600286;-0.360434
28866877;1;0.506845;-0.465649;0.645540;-0.330994;0.502897;-0.473248;0.639990;-0.336962;0.483672;-0.467166;0.647488;-0.358575;0.510870;-0.413738;0.682866;-0.318633;0.813702;-0.517123;0.124779;0.234313;0.701043;-0.276846;-0.153597;0.638986;-0.142482;-0.281416;0.145054;0.937797;-0.495999;-0.268440;0.259877;0.783830;-0.149218;-0.348801;0.133917;0.915499;-0.149218;-0.348801;0.133917;0.915499;-0.017553;0.644471;-0.596169;-0.478467;0.568831;0.804888;-0.121699;-0.117371;0.470272;0.647570;-0.475150;-0.365690;0.553296;-0.082460;-0.798946;0.220792;-0.276395;0.570296;0.599847;-0.488418;0.560511;0.201631;-0.802744;0.027821;0.560511;0.201631;-0.802744;0.027821;0.620998;0.417877;-0.174245;0.639827;-0.426831;0.516660;-0.477286;0.568398;0.544094;-0.395691;0.581530;-0.457397;0.462088;-0.493444;0.562189;-0.476372;0.667766;0.046125;0.742835;-0.012557;0.276396;0.552076;0.691140;0.375690;0.200750;0.672450;0.574695;0.420994;0.280658;0.577060;0.651026;0.405459;-0.085987;0.870998;0.056360;0.480408;0.531667;-0.512382;0.580098;-0.343920;0.531667;-0.512382;0.580098;-0.343920;0.619133;0.047882;0.772500;0.132758;0.343920;0.580098;0.512382;0.531667;0.619133;0.047882;0.772500;0.132758;0.531667;-0.512382;0.580098;-0.343920
28900222;1;0.502055;-0.474141;0.652985;-0.311033;0.501609;-0.475076;0.652305;-0.311751;0.497868;-0.450315;0.655975;-0.345023;0.523933;-0.396260;0.689974;-0.303986;0.830800;-0.496554;0.139240;0.209325;0.708424;-0.263172;-0.130763;0.641699;-0.143301;-0.254420;0.147068;0.945043;-0.487707;-0.331940;0.266317;0.762255;-0.083437;-0.417146;0.084252;0.901071;-0.083437;-0.417146;0.084252;0.901071;-0.071636;0.648914;-0.605702;-0.454867;0.541883;0.827732;-0.111077;-0.094260;0.455905;0.657270;-0.480103;-0.360066;0.538653;-0.091361;-0.808799;0.217601;-0.211996;0.584185;0.638791;-0.453577;-0.495026;-0.207838;0.840315;-0.074985;-0.495026;-0.207838;0.840315;-0.074985;0.647327;0.353438;-0.188157;0.648572;-0.393585;0.539976;-0.461922;0.583220;0.541062;-0.389216;0.594535;-0.449768;0.447491;-0.503762;0.562261;-0.479415;0.659596;0.038786;0.750204;-0.024963;0.305212;0.521202;0.709693;0.362670;0.202495;0.685288;0.552890;0.428590;0.275854;0.585119;0.652148;0.395276;-0.082255;0.877447;0.051458;0.469757;0.483527;-0.554799;0.580217;-0.348924;0.483527;-0.554799;0.580217;-0.348924;0.588631;0.017973;0.802578;0.095178;0.348924;0.580217;0.554799;0.483527;0.588631;0.017973;0.802578;0.095178;0.483527;-0.554799;0.580217;-0.348924
28933544;1;0.497656;-0.478949;0.660758;-0.293846;0.500878;-0.471607;0.666018;-0.288320;0.503863;-0.443629;0.663245;-0.330789;0.528768;-0.389013;0.696685;-0.289317;0.837325;-0.479916;0.150407;0.214347;0.711514;-0.261064;-0.139948;0.637188;-0.135711;-0.261224;0.139649;0.945433;0.502514;0.320191;-0.271587;-0.755776;-0.061938;-0.412697;0.077219;0.905473;-0.061938;-0.412697;0.077219;0.905473;-0.024165;0.663662;-0.596981;-0.450092;0.526034;0.839422;-0.103088;-0.089618;0.463622;0.647047;-0.497973;-0.344105;0.530795;-0.104260;-0.809800;0.227180;-0.231064;0.588824;0.609533;-0.477875;0.530561;0.268132;-0.803959;0.016125;0.530561;0.268132;-0.803959;0.016125;0.547022;0.475440;-0.172951;0.666942;-0.363890;0.560833;-0.435606;0.602742;0.551669;-0.373193;0.604181;-0.437441;0.442971;-0.511025;0.554649;-0.484762;0.660157;0.028229;0.749919;-0.031882;0.335541;0.484169;0.729155;0.348319;0.198320;0.701964;0.522793;0.441139;0.285949;0.574862;0.661282;0.387909;-0.069820;0.876609;0.065093;0.471640;0.479290;-0.538468;0.595162;-0.355127;0.479290;-0.538468;0.595162;-0.355127;0.590022;0.040089;0.801598;0.087797;0.355127;0.595162;0.538468;0.479290;0.590022;0.040089;0.801598;0.087797;0.479290;-0.538468;0.595162;-0.355127
28966888;1;0.499250;-0.476467;0.666128;-0.282847;0.504298;-0.464306;0.674661;-0.273745;0.509242;-0.447321;0.665048;-0.313507;0.532744;-0.392548;0.698779;-0.271660;0.842668;-0.471813;0.149886;0.211746;0.695145;-0.276263;-0.141366;0.648435;-0.168698;-0.268446;0.155699;0.935540;0.565463;0.308894;-0.300698;-0.703148;-0.121119;-0.419802;0.097985;0.894145;-0.121119;-0.419802;0.097985;0.894145;0.025128;0.649790;-0.639082;-0.410750;0.512831;0.851828;-0.077595;-0.073302;0.439411;0.669257;-0.510499;-0.313695;0.507655;-0.040520;-0.840757;0.183772;-0.276494;0.548438;0.650858;-0.446263;0.518421;0.133680;-0.840553;0.082696;0.518421;0.133680;-0.840553;0.082696;0.648939;0.243502;-0.251839;0.675398;-0.344516;0.562003;-0.406691;0.632506;0.576381;-0.341989;0.603585;-0.431872;0.443841;-0.514450;0.540986;-0.495663;0.668416;0.016130;0.742593;-0.038934;0.339666;0.451230;0.763930;0.312136;0.175150;0.732853;0.500094;0.426796;0.270789;0.594749;0.658097;0.373972;-0.070865;0.888365;0.048832;0.451000;0.484821;-0.523383;0.572996;-0.403354;0.484821;-0.523383;0.572996;-0.403354;0.628034;0.035082;0.775257;0.057606;0.403354;0.572996;0.523383;0.484821;0.628034;0.035082;0.775257;0.057606;0.484821;-0.523383;0.572996;-0.403354
29000211;1;0.502985;-0.469623;0.666034;-0.287852;0.510986;-0.450447;0.679150;-0.273397;0.521230;-0.431452;0.666001;-0.314023;0.544734;-0.376653;0.698456;-0.271212;0.855954;-0.464553;0.131389;0.185124;0.688352;-0.308442;-0.143077;0.640753;-0.124720;-0.295088;0.168909;0.932115;0.605944;0.242273;-0.345337;-0.674446;0.020529;-0.413061;0.085641;0.906435;0.020529;-0.413061;0.085641;0.906435;-0.163985;-0.632362;0.667394;0.357509;0.494894;0.863454;-0.043831;-0.087215;0.456731;0.637570;-0.557584;-0.272033;-0.493388;0.056244;0.845122;-0.197920;-0.323065;0.546811;0.595121;-0.492400;0.584877;0.104578;-0.801396;0.068901;0.584877;0.104578;-0.801396;0.068901;0.663857;0.275623;-0.203784;0.664679;-0.318851;0.570536;-0.382537;0.653061;0.586961;-0.325864;0.604722;-0.428487;0.444415;-0.511532;0.531573;-0.508193;0.677606;0.011518;0.733806;-0.047392;0.367240;0.415067;0.775076;0.303499;0.167835;0.745501;0.466060;0.445924;0.276938;0.605177;0.635461;0.391478;-0.078964;0.879925;0.025466;0.467811;0.480636;-0.555213;0.581998;-0.349293;0.480636;-0.555213;0.581998;-0.349293;0.586848;0.018940;0.804130;0.092873;0.349293;0.581998;0.555213;0.480636;0.586848;0.018940;0.804130;0.092873;0.480636;-0.555213;0.581998;-0.349293
29033555;1;0.506822;-0.463322;0.666127;-0.291099;0.517073;-0.438791;0.682536;-0.272474;0.529837;-0.412639;0.678098;-0.298639;0.552079;-0.356931;0.709005;-0.255188;0.869454;-0.439580;0.132591;0.182314;0.679817;-0.309340;-0.145487;0.648838;-0.163617;-0.292482;0.176953;0.925403;0.545193;0.279597;-0.311759;-0.726221;-0.110939;-0.397742;0.131031;0.901290;-0.110939;-0.397742;0.131031;0.901290;0.103049;0.651819;-0.630656;-0.408394;0.470361;0.876925;-0.053967;-0.082767;0.444519;0.651958;-0.548825;-0.275945;-0.488711;0.042268;0.851158;-0.186827;-0.318758;0.540971;0.615532;-0.476303;0.563633;0.063664;-0.816992;0.103866;0.563633;0.063664;-0.816992;0.103866;0.635794;0.279003;-0.227740;0.682684;-0.300372;0.578704;-0.363879;0.665184;0.595063;-0.315944;0.606234;-0.422563;0.452931;-0.508084;0.539788;-0.495312;0.674587;0.019839;0.737222;-0.032299;0.373924;0.392745;0.788715;0.289587;0.160228;0.754654;0.454723;0.445030;0.260506;0.610252;0.642545;0.383231;-0.084815;0.888414;0.026954;0.450333;0.483594;-0.556324;0.566351;-0.368628;0.483594;-0.556324;0.566351;-0.368628;0.602612;0.007090;0.793852;0.081293;0.368628;0.566351;0.556324;0.483594;0.602612;0.007090;0.793852;0.081293;0.483594;-0.556324;0.566351;-0.368628
29066877;1;0.502467;-0.464200;0.665757;-0.298014;0.517461;-0.428503;0.689274;-0.271145;0.527360;-0.420576;0.671937;-0.305792;0.550184;-0.365337;0.703500;-0.262516;0.859196;-0.447539;0.138809;0.205484;0.680977;-0.314411;-0.158120;0.642194;-0.155930;-0.306094;0.173675;0.922946;0.543803;0.278791;-0.314361;-0.726451;-0.090862;-0.401034;0.125376;0.902883;-0.090862;-0.401034;0.125376;0.902883;0.050380;0.650246;-0.636773;-0.411293;0.484340;0.868206;-0.077264;-0.075256;0.461506;0.632767;-0.555810;-0.278736;0.500572;-0.062150;-0.839915;0.200273;-0.320019;0.540962;0.611200;-0.481023;0.574160;0.120118;-0.807327;0.064307;0.574160;0.120118;-0.807327;0.064307;0.645844;0.291523;-0.217596;0.671232;-0.285820;0.580464;-0.343748;0.680593;0.611038;-0.298697;0.604911;-0.414120;-0.436519;0.530940;-0.508244;0.518885;0.679525;-0.018765;0.730924;-0.060370;0.369492;0.371408;0.806519;0.273970;0.142985;0.769534;0.442928;0.437249;0.285832;0.598213;0.645334;0.379452;-0.064111;0.881922;0.037292;0.465524;0.496011;-0.549329;0.598305;-0.306989;0.496011;-0.549329;0.598305;-0.306989;0.567807;0.034632;0.811500;0.133659;0.306989;0.598305;0.549329;0.496011;0.567807;0.034632;0.811500;0.133659;0.496011;-0.549329;0.598305;-0.306989
29100222;1;0.495533;-0.469395;0.674210;-0.282057;0.510934;-0.429844;0.700089;-0.253092;0.529625;-0.415541;0.676183;-0.299330;0.551924;-0.359978;0.707329;-0.255894;0.861793;-0.437954;0.146114;0.210143;0.693605;-0.296854;-0.157397;0.637194;-0.153977;-0.294148;0.162399;0.929190;0.530373;0.307488;-0.301917;-0.730070;-0.061127;-0.420940;0.092266;0.900311;-0.061127;-0.420940;0.092266;0.900311;0.116118;0.656895;-0.623838;-0.407224;0.475398;0.873533;-0.076660;-0.071132;0.448941;0.643739;-0.560391;-0.264603;-0.485084;0.044473;0.852326;-0.190411;-0.319320;0.542982;0.608051;-0.483197;0.574525;0.106561;-0.808208;0.073250;0.574525;0.106561;-0.808208;0.073250;0.651133;0.247661;-0.220410;0.682722;-0.281697;0.571430;-0.328854;0.697115;0.627845;-0.283504;0.595266;-0.413636;-0.434146;0.537295;-0.487169;0.534320;0.688660;-0.038199;0.720400;-0.072883;0.375204;0.350478;0.816524;0.263961;0.138119;0.774085;0.436220;0.437526;0.284294;0.592294;0.654531;0.374106;-0.061376;0.884167;0.047974;0.460631;0.498854;-0.538179;0.601343;-0.316060;0.498854;-0.538179;0.601343;-0.316060;0.576231;0.044663;0.805764;0.129255;0.316060;0.601343;0.538179;0.498854;0.576231;0.044663;0.805764;0.129255;0.498854;-0.538179;0.601343;-0.316060
29133555;1;0.497517;-0.455322;0.672777;-0.304186;0.518521;-0.404664;0.704411;-0.266812;0.535692;-0.402042;0.674930;-0.309621;0.558797;-0.346623;0.704997;-0.265664;0.866679;-0.437406;0.123349;0.205741;0.689622;-0.305270;-0.146382;0.640159;-0.151693;-0.290836;0.173298;0.928640;0.564111;0.314338;-0.335094;-0.686063;-0.148799;-0.439268;0.134684;0.875650;-0.148799;-0.439268;0.134684;0.875650;-0.028156;0.656130;-0.651666;-0.379516;0.474410;0.870764;-0.101156;-0.080459;0.466311;0.624510;-0.560974;-0.279016;0.506671;-0.058792;-0.837405;0.196420;-0.274573;0.559309;0.631998;-0.460827;0.526135;0.095003;-0.838584;0.104564;0.526135;0.095003;-0.838584;0.104564;0.649091;0.253352;-0.235008;0.677691;-0.265342;0.583089;-0.319648;0.698159;0.628239;-0.279135;0.603566;-0.403865;-0.437573;0.535011;-0.493343;0.528116;0.686735;-0.032189;0.723180;-0.066100;0.374709;0.336716;0.823377;0.261278;0.126033;0.780659;0.426432;0.439138;0.285911;0.592905;0.651192;0.377713;-0.062784;0.882272;0.045182;0.464342;0.529290;-0.532240;0.580292;-0.315966;0.529290;-0.532240;0.580292;-0.315966;0.597686;0.033978;0.786678;0.150843;0.315966;0.580292;0.532240;0.529290;0.597686;0.033978;0.786678;0.150843;0.529290;-0.532240;0.580292;-0.315966
29166888;1;0.499156;-0.457132;0.669486;-0.306042;0.524209;-0.396288;0.707204;-0.260813;0.538905;-0.389687;0.681550;-0.305312;0.561653;-0.333776;0.710606;-0.261112;0.875529;-0.426764;0.112797;0.196463;0.675238;-0.326912;-0.156809;0.642334;-0.124294;-0.318729;0.172836;0.923629;0.550815;0.291883;-0.343848;-0.702265;-0.009409;-0.440895;0.095071;0.892460;-0.009409;-0.440895;0.095071;0.892460;-0.067511;-0.653611;0.654794;0.373468;0.463246;0.875002;-0.111250;-0.086012;0.464488;0.636250;-0.556979;-0.263079;-0.487808;0.069112;0.842771;-0.216802;-0.268261;0.567143;0.613520;-0.479560;0.532994;0.057577;-0.833513;0.133638;0.532994;0.057577;-0.833513;0.133638;0.635513;0.311935;-0.206425;0.675432;-0.250419;0.590065;-0.314664;0.700071;0.624891;-0.276548;0.608896;-0.402839;-0.429158;0.549531;-0.500309;0.513351;0.670445;-0.037555;0.738449;-0.061527;0.361482;0.326089;0.837574;0.247924;0.116077;0.789775;0.429029;0.422748;0.288692;0.595430;0.653546;0.367420;-0.053562;0.885691;0.045021;0.458973;0.489828;-0.531298;0.611079;-0.323070;0.489828;-0.531298;0.611079;-0.323070;0.574806;0.056413;0.807782;0.117915;0.323070;0.611079;0.531298;0.489828;0.574806;0.056413;0.807782;0.117915;0.489828;-0.531298;0.611079;-0.323070
29200200;1;0.496493;-0.466245;0.669724;-0.295939;0.521989;-0.401584;0.710384;-0.248220;0.540215;-0.378509;0.687400;-0.303940;0.562849;-0.322166;0.715540;-0.259640;0.883491;-0.419228;0.107021;0.179552;0.685715;-0.308940;-0.144874;0.642933;-0.121954;-0.297932;0.166339;0.932038;0.513196;0.334704;-0.324582;-0.720590;-0.024719;-0.458780;0.083072;0.884313;-0.024719;-0.458780;0.083072;0.884313;0.048847;0.667215;-0.634454;-0.387177;0.454313;0.878273;-0.122692;-0.084755;0.464755;0.640661;-0.538518;-0.289058;0.504710;-0.068362;-0.834131;0.211707;-0.229143;0.574853;0.641629;-0.453155;-0.468505;0.020582;0.861232;-0.195856;-0.468505;0.020582;0.861232;-0.195856;0.611701;0.349508;-0.211282;0.677515;-0.239321;0.587005;-0.307938;0.709454;0.632231;-0.262783;0.608596;-0.401050;-0.442389;0.533517;-0.508986;0.510475;0.677775;-0.020014;0.733277;-0.050260;0.341405;0.325455;0.850723;0.231932;0.107527;0.801661;0.432362;0.398548;0.266092;0.617336;0.651148;0.352274;-0.059042;0.899398;0.027922;0.432224;0.498357;-0.529314;0.608685;-0.317757;0.498357;-0.529314;0.608685;-0.317757;0.577080;0.056124;0.804687;0.127704;0.317757;0.608685;0.529314;0.498357;0.577080;0.056124;0.804687;0.127704;0.498357;-0.529314;0.608685;-0.317757
29233555;1;0.504759;-0.452075;0.667691;-0.308277;0.529308;-0.393227;0.703957;-0.263913;0.544300;-0.373295;0.690159;-0.296765;0.566346;-0.316746;0.717872;-0.252160;0.886069;-0.409049;0.116151;0.184578;0.707740;-0.293575;-0.143108;0.626449;-0.115501;-0.284205;0.160914;0.938079;-0.481459;-0.374276;0.312655;0.728259;-0.062069;-0.479546;0.088721;0.870811;-0.062069;-0.479546;0.088721;0.870811;-0.082020;0.659397;-0.630787;-0.400720;0.444465;0.884183;-0.116061;-0.084857;0.462252;0.642101;-0.549206;-0.269077;-0.493088;0.052177;0.843326;-0.207228;-0.318421;0.539139;0.602574;-0.494815;0.582724;0.104726;-0.801747;0.081651;0.582724;0.104726;-0.801747;0.081651;0.658691;0.300625;-0.196831;0.661066;-0.223432;0.592113;-0.293168;0.716612;0.639983;-0.252681;0.610527;-0.392213;-0.449192;0.524860;-0.504915;0.517503;0.687503;-0.016743;0.724232;-0.050469;0.343651;0.305321;0.858466;0.227418;0.095225;0.809913;0.417338;0.401001;0.278281;0.613992;0.647978;0.354540;-0.051984;0.894851;0.027986;0.442443;0.497610;-0.550318;0.596195;-0.306734;0.497610;-0.550318;0.596195;-0.306734;0.568758;0.032440;0.810707;0.134970;0.306734;0.596195;0.550318;0.497610;0.568758;0.032440;0.810707;0.134970;0.497610;-0.550318;0.596195;-0.306734
29266888;1;0.499169;-0.468369;0.670380;-0.286445;0.521460;-0.410420;0.707343;-0.243516;0.536707;-0.388137;0.691624;-0.288012;0.558075;-0.331423;0.720523;-0.244044;0.878503;-0.411138;0.116561;0.213568;0.690215;-0.313912;-0.159421;0.632177;-0.131542;-0.308913;0.168903;0.926683;0.514939;0.326276;-0.321655;-0.724514;-0.137834;-0.435473;0.142412;0.878114;-0.137834;-0.435473;0.142412;0.878114;0.072177;0.665914;-0.631559;-0.390490;0.454347;0.878083;-0.114579;-0.097015;0.465618;0.639130;-0.555307;-0.257578;-0.489297;0.045479;0.845450;-0.209130;-0.326734;0.543595;0.612181;-0.472213;0.570287;0.099742;-0.812596;0.067176;0.570287;0.099742;-0.812596;0.067176;0.661331;0.279451;-0.224469;0.658909;-0.202906;0.588007;-0.278569;0.731763;0.655267;-0.227934;0.609464;-0.383700;-0.466547;0.508609;-0.510590;0.512786;0.696447;-0.001126;0.716754;-0.034979;0.341850;0.291003;0.866529;0.218134;0.087692;0.818368;0.407154;0.395993;0.266318;0.628009;0.640802;0.352210;-0.058925;0.899690;0.013059;0.432337;0.470477;-0.519194;0.644693;-0.305711;0.470477;-0.519194;0.644693;-0.305711;0.548848;0.088741;0.822993;0.116507;0.305711;0.644693;0.519194;0.470477;0.548848;0.088741;0.822993;0.116507;0.470477;-0.519194;0.644693;-0.305711
29300222;1;0.503903;-0.446733;0.672615;-0.306757;0.527085;-0.390810;0.706576;-0.264953;0.533604;-0.383808;0.693827;-0.294215;0.555479;-0.326931;0.722371;-0.250476;0.880993;-0.413904;0.105625;0.203417;0.700995;-0.313651;-0.151557;0.622302;-0.121910;-0.301416;0.174628;0.929404;-0.471957;-0.350818;0.312956;0.745817;-0.049506;-0.458755;0.102754;0.881212;-0.049506;-0.458755;0.102754;0.881212;-0.056118;0.657218;-0.631063;-0.408258;0.453611;0.877608;-0.098937;-0.119386;0.469445;0.629372;-0.565842;-0.251665;-0.488472;0.053916;0.844617;-0.212391;-0.324795;0.531931;0.612117;-0.486693;0.573809;0.056700;-0.808964;0.114480;0.573809;0.056700;-0.808964;0.114480;0.669420;0.266678;-0.207925;0.661458;-0.193190;0.599068;-0.275911;0.726408;0.653421;-0.223283;0.620647;-0.371460;0.469009;-0.503618;0.518075;-0.507935;0.694785;0.007718;0.718556;-0.029853;0.320860;0.279664;0.878413;0.217318;0.062388;0.830654;0.399727;0.382544;0.260300;0.625314;0.650833;0.342991;-0.056652;0.904777;0.022065;0.421523;0.484388;-0.534585;0.610024;-0.327808;0.484388;-0.534585;0.610024;-0.327808;0.574309;0.053343;0.809361;0.110719;0.327808;0.610024;0.534585;0.484388;0.574309;0.053343;0.809361;0.110719;0.484388;-0.534585;0.610024;-0.327808
29333533;1;0.503938;-0.453882;0.674148;-0.292510;0.527284;-0.394060;0.710775;-0.247967;0.543181;-0.372788;0.693807;-0.290885;0.564759;-0.315949;0.721468;-0.246389;0.889283;-0.405224;0.110777;0.180824;0.702610;-0.325425;-0.140780;0.616943;-0.099033;-0.302641;0.184739;0.929770;-0.482741;-0.332845;0.339610;0.735418;-0.133867;-0.443796;0.170781;0.869459;-0.133867;-0.443796;0.170781;0.869459;0.020205;0.664233;-0.641386;-0.383420;0.440394;0.886346;-0.105202;-0.096832;0.475007;0.621630;-0.563997;-0.264297;0.501505;-0.058570;-0.837308;0.209706;-0.395848;0.494294;0.587738;-0.503530;0.636464;0.071327;-0.764640;0.071774;0.636464;0.071327;-0.764640;0.071774;0.674521;0.226760;-0.194117;0.675218;-0.167347;0.598976;-0.261968;0.737967;0.656493;-0.212608;0.618262;-0.376254;0.474579;-0.493015;0.524719;-0.506340;0.697597;0.019952;0.715781;-0.024864;0.338167;0.262021;0.880547;0.204022;0.072866;0.831591;0.390404;0.388241;0.254896;0.636456;0.641210;0.344677;-0.061762;0.905895;0.007416;0.418908;0.462105;-0.562855;0.608899;-0.314475;0.462105;-0.562855;0.608899;-0.314475;0.549125;0.032558;0.828555;0.104390;0.314475;0.608899;0.562855;0.462105;0.549125;0.032558;0.828555;0.104390;0.462105;-0.562855;0.608899;-0.314475
29366888;1;0.516451;-0.435129;0.663724;-0.321577;0.542745;-0.375034;0.699440;-0.274883;0.548669;-0.369581;0.689065;-0.295909;0.570632;-0.313132;0.716483;-0.250957;0.890098;-0.408096;0.092485;0.180635;0.676008;-0.339846;-0.136310;0.639482;-0.129206;-0.308074;0.197905;0.921537;-0.481744;-0.311715;0.329642;0.749728;-0.019677;-0.437931;0.118518;0.890945;-0.019677;-0.437931;0.118518;0.890945;-0.037002;0.653603;-0.639876;-0.402483;0.442091;0.883650;-0.113149;-0.104476;0.475945;0.635808;-0.545809;-0.267053;0.500135;-0.051637;-0.836356;0.218418;-0.345505;0.531549;0.559840;-0.533536;0.631345;0.092700;-0.766402;0.073743;0.631345;0.092700;-0.766402;0.073743;0.658050;0.308880;-0.162807;0.667126;-0.159620;0.597964;-0.251795;0.744016;0.663947;-0.206094;0.615255;-0.371701;0.484534;-0.483980;0.523536;-0.506853;0.704979;0.025566;0.708532;-0.018243;0.318544;0.251477;0.888463;0.214293;0.039110;0.843789;0.374930;0.381992;0.260780;0.633573;0.641552;0.344950;-0.057763;0.904115;0.009666;0.423256;0.429421;-0.565011;0.627620;-0.320083;0.429421;-0.565011;0.627620;-0.320083;0.529979;0.044271;0.843318;0.077314;0.320083;0.627620;0.565011;0.429421;0.529979;0.044271;0.843318;0.077314;0.429421;-0.565011;0.627620;-0.320083
29400222;1;0.498724;-0.440717;0.671904;-0.324942;0.529147;-0.370199;0.713189;-0.272612;0.529546;-0.379095;0.694766;-0.305236;0.552318;-0.322158;0.722929;-0.261787;0.879453;-0.418497;0.105452;0.200753;0.692203;-0.345382;-0.148657;0.616010;-0.109688;-0.319421;0.198388;0.920099;-0.453953;-0.322603;0.331732;0.761451;-0.086076;-0.433230;0.162575;0.882311;-0.086076;-0.433230;0.162575;0.882311;-0.048125;-0.640949;0.653197;0.400252;0.457786;0.873085;-0.107958;-0.128449;0.489620;0.607444;-0.565568;-0.267240;0.514753;-0.061359;-0.827702;0.214883;-0.340820;0.520646;0.601039;-0.501520;0.598504;0.078480;-0.791303;0.097328;0.598504;0.078480;-0.791303;0.097328;0.658514;0.237282;-0.201180;0.685262;-0.163972;0.595885;-0.254833;0.743703;0.671651;-0.193847;0.618461;-0.358908;0.476713;-0.501085;0.510841;-0.510589;0.702081;0.004438;0.711598;-0.026287;0.293592;0.235426;0.902910;0.207681;0.022231;0.851144;0.382328;0.359006;0.276919;0.637390;0.636766;0.334034;-0.038654;0.903477;0.003468;0.426876;0.506166;-0.530696;0.608965;-0.302190;0.506166;-0.530696;0.608965;-0.302190;0.571594;0.055345;0.805862;0.144233;0.302190;0.608965;0.530696;0.506166;0.571594;0.055345;0.805862;0.144233;0.506166;-0.530696;0.608965;-0.302190
29433555;1;0.498291;-0.434216;0.672388;-0.333252;0.526066;-0.372420;0.708486;-0.287411;0.536387;-0.385656;0.688332;-0.299594;0.558685;-0.329215;0.717042;-0.255615;0.882329;-0.421502;0.095771;0.186170;0.677115;-0.356296;-0.142716;0.627854;-0.105768;-0.325813;0.202881;0.917332;0.510415;0.235868;-0.342734;-0.752579;-0.194388;-0.346292;0.230614;0.888320;-0.194388;-0.346292;0.230614;0.888320;-0.066678;-0.636428;0.651310;0.407809;0.452785;0.879769;-0.066176;-0.128890;0.484898;0.618906;-0.568724;-0.241624;-0.498684;0.030373;0.839982;-0.211713;-0.352344;0.513519;0.573881;-0.531802;0.622599;0.027723;-0.769592;0.139029;0.622599;0.027723;-0.769592;0.139029;0.671859;0.205903;-0.165360;0.692001;-0.158911;0.589757;-0.250982;0.750961;0.678503;-0.184982;0.613708;-0.358856;0.492881;-0.483688;0.518543;-0.504209;0.709016;0.022298;0.704762;-0.010467;0.275206;0.222470;0.910391;0.214374;0.001510;0.853333;0.387399;0.348915;0.250940;0.654430;0.627134;0.339785;-0.061258;0.908707;-0.015239;0.412634;0.452836;-0.539954;0.638218;-0.309947;0.452836;-0.539954;0.638218;-0.309947;0.539369;0.069483;0.833093;0.101038;0.309947;0.638218;0.539954;0.452836;0.539369;0.069483;0.833093;0.101038;0.452836;-0.539954;0.638218;-0.309947
29466866;1;0.486611;-0.448569;0.671289;-0.333718;0.517560;-0.379150;0.712803;-0.283354;0.528610;-0.391806;0.695150;-0.289525;0.550126;-0.334798;0.724332;-0.246201;0.876738;-0.415055;0.092751;0.224625;0.679641;-0.352668;-0.145648;0.626499;-0.126159;-0.320963;0.206326;0.915694;-0.474965;-0.299875;0.336745;0.755702;-0.092762;-0.417694;0.169865;0.887735;-0.092762;-0.417694;0.169865;0.887735;-0.063097;-0.637386;0.656217;0.398919;0.456361;0.875414;-0.078646;-0.138566;0.484875;0.624494;-0.563565;-0.239371;-0.496996;0.022662;0.840883;-0.213066;-0.363887;0.500093;0.576096;-0.534421;0.627062;0.009153;-0.762821;0.157522;0.627062;0.009153;-0.762821;0.157522;0.653939;0.218969;-0.167053;0.704635;-0.136367;0.593011;-0.239589;0.756531;0.685877;-0.166223;0.617647;-0.347065;0.526292;-0.453024;0.548747;-0.465470;0.705413;0.065626;0.704599;0.040319;0.260752;0.203129;0.919201;0.214049;-0.015788;0.858471;0.386227;0.337056;0.236074;0.667684;0.619761;0.338177;-0.070766;0.912856;-0.029752;0.400999;0.456901;-0.528588;0.651868;-0.294796;0.456901;-0.528588;0.651868;-0.294796;0.531530;0.087172;0.834708;0.114626;0.294796;0.651868;0.528588;0.456901;0.531530;0.087172;0.834708;0.114626;0.456901;-0.528588;0.651868;-0.294796
29500222;1;0.488878;-0.454282;0.665255;-0.334757;0.521691;-0.380995;0.709774;-0.280895;0.534277;-0.377786;0.705948;-0.271041;0.554292;-0.319957;0.733970;-0.227323;0.888064;-0.391314;0.099411;0.219848;0.685693;-0.338747;-0.125762;0.631870;-0.134899;-0.294939;0.208750;0.922625;0.533130;0.208889;-0.332602;-0.749342;-0.162763;-0.330758;0.211797;0.905124;-0.162763;-0.330758;0.211797;0.905124;-0.022019;0.652417;-0.635432;-0.412425;0.432759;0.887018;-0.070197;-0.144885;0.492720;0.621367;-0.558746;-0.242762;0.503343;-0.026112;-0.835232;0.219892;-0.347216;0.508988;0.574674;-0.538630;0.613149;-0.016669;-0.767490;0.186358;0.613149;-0.016669;-0.767490;0.186358;0.681733;0.224734;-0.153589;0.679076;-0.113205;0.589501;-0.215065;0.770337;0.694657;-0.164198;0.605689;-0.351613;0.563473;-0.415651;0.569872;-0.430091;0.706789;0.107318;0.693239;0.091388;0.254927;0.187044;0.927340;0.200167;-0.016075;0.865031;0.382909;0.323796;0.228038;0.686808;0.605953;0.330325;-0.071079;0.916644;-0.053023;0.389744;0.452582;-0.538746;0.632647;-0.323543;0.452582;-0.538746;0.632647;-0.323543;0.548803;0.066398;0.828300;0.091244;0.323543;0.632647;0.538746;0.452582;0.548803;0.066398;0.828300;0.091244;0.452582;-0.538746;0.632647;-0.323543
29533544;1;0.487655;-0.451382;0.676185;-0.318152;0.516126;-0.383904;0.716652;-0.269522;0.534193;-0.380186;0.705792;-0.268242;0.553984;-0.322362;0.734007;-0.224539;0.889626;-0.391663;0.108733;0.208191;0.692645;-0.333316;-0.135919;0.625036;-0.123352;-0.300686;0.197892;0.924776;-0.463450;-0.300757;0.318638;0.770214;-0.245548;-0.373712;0.228744;0.864709;-0.245548;-0.373712;0.228744;0.864709;0.099716;0.648923;-0.628706;-0.416755;0.427986;0.892337;-0.045380;-0.136031;0.500105;0.618053;-0.551104;-0.253358;0.514458;-0.028952;-0.827567;0.222772;-0.412887;0.513538;0.594240;-0.461173;0.614724;0.008131;-0.785352;0.072599;0.614724;0.008131;-0.785352;0.072599;0.705706;0.210649;-0.229920;0.636194;-0.081225;0.592494;-0.198753;0.776434;0.698518;-0.150645;0.606560;-0.348516;0.609394;-0.346303;0.612879;-0.364817;0.693255;0.187269;0.674953;0.169609;0.267536;0.164665;0.927628;0.202030;-0.021059;0.864770;0.373803;0.334664;0.195672;0.706957;0.586357;0.343669;-0.103619;0.917070;-0.080935;0.376424;0.454252;-0.533621;0.622147;-0.349052;0.454252;-0.533621;0.622147;-0.349052;0.568021;0.062598;0.817251;0.074387;0.349052;0.622147;0.533621;0.454252;0.568021;0.062598;0.817251;0.074387;0.454252;-0.533621;0.622147;-0.349052
29566888;1;0.492054;-0.448312;0.673408;-0.321591;0.519342;-0.385004;0.711501;-0.275358;0.531059;-0.382884;0.706744;-0.268120;0.550850;-0.324975;0.735173;-0.224669;0.889110;-0.393714;0.123504;0.198039;0.686016;-0.330369;-0.116548;0.637695;-0.117220;-0.287501;0.200177;0.929264;-0.433293;-0.309786;0.308937;0.787939;-0.137417;-0.396819;0.184239;0.888655;-0.137417;-0.396819;0.184239;0.888655;0.096400;0.658051;-0.610301;-0.430359;0.426552;0.895771;-0.030939;-0.121204;0.497019;0.629239;-0.547002;-0.240455;0.502610;-0.018474;-0.833554;0.228539;-0.455448;0.519696;0.614413;-0.380762;0.593159;-0.037116;-0.803872;0.023967;0.593159;-0.037116;-0.803872;0.023967;0.715488;0.187119;-0.303892;0.600594;-0.064820;0.592485;-0.187631;0.780740;0.699709;-0.149322;0.603328;-0.352286;0.617311;-0.333109;0.618086;-0.354874;0.691831;0.200370;0.669355;0.182169;0.257182;0.148396;0.935520;0.191412;-0.024169;0.869892;0.374776;0.319762;0.173548;0.725253;0.576687;0.333648;-0.112386;0.923116;-0.100635;0.353693;0.441119;-0.537403;0.645249;-0.316647;0.441119;-0.537403;0.645249;-0.316647;0.535821;0.076259;0.836262;0.088015;0.316647;0.645249;0.537403;0.441119;0.535821;0.076259;0.836262;0.088015;0.441119;-0.537403;0.645249;-0.316647
29600222;1;0.490241;-0.449258;0.682570;-0.303198;0.514579;-0.388672;0.718797;-0.259757;0.530633;-0.380303;0.711918;-0.258787;0.549677;-0.321987;0.740123;-0.215401;0.892356;-0.384894;0.126453;0.198914;0.698256;-0.315950;-0.124719;0.630126;-0.113448;-0.283829;0.186602;0.933676;0.539468;0.279543;-0.342314;-0.716695;-0.118689;-0.411490;0.161243;0.889151;-0.118689;-0.411490;0.161243;0.889151;0.001825;0.658202;-0.646278;-0.386124;0.417883;0.899507;-0.022863;-0.125456;0.480669;0.636665;-0.554939;-0.235918;-0.491431;0.009024;0.844523;-0.212593;-0.436108;0.598431;0.579850;-0.339801;0.551367;-0.054750;-0.831474;-0.040602;0.551367;-0.054750;-0.831474;-0.040602;0.741097;0.179684;-0.339492;0.550667;-0.046901;0.591307;-0.176292;0.785543;0.707386;-0.136694;0.601745;-0.344708;0.625074;-0.318958;0.606406;-0.373924;0.710661;0.202132;0.650990;0.174116;0.282348;0.126643;0.931261;0.192341;-0.021253;0.865477;0.366303;0.341058;0.178616;0.724689;0.564793;0.352038;-0.121785;0.914436;-0.108627;0.370371;0.460923;-0.538534;0.630297;-0.316633;0.460923;-0.538534;0.630297;-0.316633;0.549816;0.064886;0.826488;0.102028;0.316633;0.630297;0.538534;0.460923;0.549816;0.064886;0.826488;0.102028;0.460923;-0.538534;0.630297;-0.316633
29633555;1;0.498109;-0.441532;0.680664;-0.305997;0.529197;-0.362663;0.725761;-0.248388;0.537066;-0.385413;0.704977;-0.256953;0.555942;-0.327638;0.733614;-0.213056;0.895553;-0.390189;0.102249;0.187837;0.686948;-0.336472;-0.121130;0.632627;-0.104401;-0.296553;0.199855;0.928017;-0.480659;-0.274861;0.332128;0.763616;-0.192801;-0.371308;0.219061;0.881459;-0.192801;-0.371308;0.219061;0.881459;-0.095953;-0.620324;0.662177;0.409283;0.419571;0.896852;-0.007077;-0.139881;0.502645;0.614793;-0.554928;-0.247855;0.513188;-0.029088;-0.827689;0.225216;-0.416336;0.644612;0.568611;-0.296346;0.504816;-0.062858;-0.857259;-0.079484;0.504816;-0.062858;-0.857259;-0.079484;0.736466;0.197546;-0.383947;0.520747;-0.039430;0.578587;-0.177103;0.795184;0.704270;-0.142469;0.588123;-0.371237;0.626079;-0.314049;0.610348;-0.369964;0.708579;0.208412;0.650338;0.177598;0.269558;0.139828;0.934834;0.184045;-0.020019;0.874592;0.358469;0.325865;0.159439;0.729224;0.577192;0.331150;-0.120658;0.926222;-0.103025;0.341966;0.466962;-0.540124;0.623493;-0.318541;0.466962;-0.540124;0.623493;-0.318541;0.555435;0.058951;0.822802;0.104950;0.318541;0.623493;0.540124;0.466962;0.555435;0.058951;0.822802;0.104950;0.466962;-0.540124;0.623493;-0.318541
29666866;1;0.491412;-0.459629;0.677519;-0.297022;0.523098;-0.376256;0.727134;-0.236806;0.535759;-0.375958;0.711886;-0.254630;0.554453;-0.317658;0.739742;-0.210846;0.895967;-0.379197;0.109688;0.203521;0.684422;-0.331307;-0.114441;0.639301;-0.107170;-0.288983;0.198368;0.930405;-0.494916;-0.292769;0.339809;0.744227;-0.236801;-0.384500;0.230963;0.861824;-0.236801;-0.384500;0.230963;0.861824;-0.113558;-0.641801;0.651139;0.388862;0.413347;0.899263;-0.025284;-0.140822;0.498470;0.616544;-0.562340;-0.234893;0.503768;-0.021916;-0.834190;0.223306;-0.449850;0.607754;0.554489;-0.347581;0.567827;-0.102678;-0.816259;-0.027399;0.567827;-0.102678;-0.816259;-0.027399;0.749151;0.196956;-0.328849;0.540221;-0.029237;0.569267;-0.166790;0.804526;0.714628;-0.135131;0.577652;-0.370628;0.634927;-0.317256;0.608434;-0.354999;0.704313;0.204883;0.651265;0.194471;0.300145;0.117492;0.926583;0.193786;-0.018873;0.862366;0.358641;0.356854;0.167493;0.744067;0.529522;0.371372;-0.143524;0.903389;-0.147187;0.376331;0.489567;-0.521988;0.622233;-0.317299;0.489567;-0.521988;0.622233;-0.317299;0.570540;0.070884;0.809087;0.121812;0.317299;0.622233;0.521988;0.489567;0.570540;0.070884;0.809087;0.121812;0.489567;-0.521988;0.622233;-0.317299
29700222;1;0.487199;-0.465315;0.673182;-0.304868;0.523833;-0.370373;0.729737;-0.236447;0.542125;-0.372161;0.711245;-0.248449;0.560303;-0.313925;0.738799;-0.204174;0.898494;-0.372121;0.106250;0.207233;0.669448;-0.338086;-0.117135;0.651012;-0.108181;-0.298906;0.196667;0.927510;-0.483403;-0.269799;0.326982;0.765907;-0.159121;-0.373133;0.201197;0.891612;-0.159121;-0.373133;0.201197;0.891612;-0.155724;-0.620543;0.650386;0.409481;0.404968;0.906532;-0.029879;-0.115363;0.497921;0.615655;-0.537081;-0.290839;0.525174;-0.082291;-0.812844;0.238128;-0.440665;0.663538;0.504524;-0.333149;0.543036;-0.073864;-0.830283;-0.101417;0.543036;-0.073864;-0.830283;-0.101417;0.661283;0.369050;-0.383949;0.528290;-0.027614;0.570925;-0.167991;0.803157;0.714347;-0.132221;0.580304;-0.368068;0.630452;-0.324791;0.609026;-0.355145;0.701274;0.199937;0.657013;0.191241;0.283744;0.115969;0.933566;0.185727;-0.020193;0.867841;0.363027;0.338608;0.155954;0.745949;0.543267;0.352278;-0.138220;0.914278;-0.138786;0.354583;0.460867;-0.539943;0.635214;-0.304247;0.460867;-0.539943;0.635214;-0.304247;0.541018;0.067367;0.830961;0.110747;0.304247;0.635214;0.539943;0.460867;0.541018;0.067367;0.830961;0.110747;0.460867;-0.539943;0.635214;-0.304247
29733544;1;0.487213;-0.465279;0.673221;-0.304814;0.523863;-0.370259;0.729808;-0.236339;0.542139;-0.371998;0.711406;-0.248201;0.560297;-0.313750;0.738947;-0.203925;0.898593;-0.371805;0.106249;0.207371;0.669665;-0.337679;-0.117280;0.650974;-0.107975;-0.298782;0.196242;0.927664;-0.483251;-0.269572;0.326560;0.766262;-0.158958;-0.372739;0.200938;0.891864;-0.158958;-0.372739;0.200938;0.891864;-0.155307;-0.619882;0.650780;0.410013;0.404701;0.906603;-0.029747;-0.115770;0.497948;0.615594;-0.536795;-0.291448;0.525608;-0.082363;-0.812602;0.237972;-0.440563;0.663361;0.504284;-0.333996;0.543598;-0.073956;-0.829989;-0.100750;0.543598;-0.073956;-0.829989;-0.100750;0.661770;0.369387;-0.382957;0.528164;-0.027656;0.570945;-0.168076;0.803123;0.714350;-0.132137;0.580368;-0.367991;0.630494;-0.324693;0.609099;-0.355036;0.701227;0.200058;0.656996;0.191347;0.283613;0.116034;0.933576;0.185838;-0.020362;0.867890;0.362954;0.338549;0.155771;0.745983;0.543299;0.352235;-0.138321;0.914324;-0.138786;0.354424;0.461493;-0.539265;0.635536;-0.303827;0.461493;-0.539265;0.635536;-0.303827;0.541164;0.068074;0.830710;0.111487;0.303827;0.635536;0.539265;0.461493;0.541164;0.068074;0.830710;0.111487;0.461493;-0.539265;0.635536;-0.303827
29766888;1;0.492672;-0.462205;0.671620;-0.304248;0.530374;-0.363753;0.729651;-0.232370;0.547492;-0.360911;0.716303;-0.238552;0.564859;-0.302306;0.742938;-0.193878;0.906532;-0.357884;0.107412;0.196422;0.666551;-0.343022;-0.125076;0.649924;-0.112044;-0.307582;0.196727;0.924196;-0.490696;-0.208968;0.312259;0.786158;-0.224787;-0.294964;0.232744;0.899054;-0.224787;-0.294964;0.232744;0.899054;-0.096948;-0.607541;0.646234;0.451527;0.385376;0.916204;-0.010410;-0.109299;0.504769;0.617273;-0.525617;-0.296494;0.519745;-0.116219;-0.802367;0.269381;-0.417377;0.658399;0.467208;-0.417162;0.584098;-0.020711;-0.807058;-0.084011;0.584098;-0.020711;-0.807058;-0.084011;0.597494;0.470785;-0.339315;0.553379;-0.023305;0.567628;-0.162946;0.806662;0.712492;-0.139302;0.573940;-0.378870;0.622928;-0.337438;0.603694;-0.365581;0.703322;0.187135;0.662132;0.178607;0.291467;0.111115;0.932213;0.183521;-0.016831;0.866777;0.360562;0.344107;0.166273;0.742233;0.542661;0.356317;-0.133726;0.911273;-0.136625;0.364736;0.457648;-0.524766;0.642011;-0.320937;0.457648;-0.524766;0.642011;-0.320937;0.550543;0.082905;0.825036;0.096669;0.320937;0.642011;0.524766;0.457648;0.550543;0.082905;0.825036;0.096669;0.457648;-0.524766;0.642011;-0.320937
29800211;1;0.492678;-0.462194;0.671628;-0.304237;0.530384;-0.363724;0.729666;-0.232346;0.547496;-0.360867;0.716336;-0.238507;0.564859;-0.302259;0.742968;-0.193833;0.906555;-0.357816;0.107390;0.196450;0.666573;-0.342954;-0.125171;0.649920;-0.111993;-0.307623;0.196604;0.924215;-0.490592;-0.209119;0.312158;0.786223;-0.224585;-0.295098;0.232574;0.899104;-0.224585;-0.295098;0.232574;0.899104;-0.096647;-0.607562;0.646207;0.451602;0.385316;0.916227;-0.010423;-0.109321;0.504745;0.617275;-0.525619;-0.296527;0.519754;-0.116238;-0.802367;0.269354;-0.417365;0.658357;0.467230;-0.417216;0.584132;-0.020652;-0.807038;-0.083981;0.584132;-0.020652;-0.807038;-0.083981;0.597487;0.470762;-0.339269;0.553435;-0.023313;0.567623;-0.162971;0.806661;0.712497;-0.139275;0.573948;-0.378859;0.622928;-0.337432;0.603692;-0.365590;0.703328;0.187138;0.662126;0.178601;0.291455;0.111119;0.932211;0.183549;-0.016860;0.866776;0.360560;0.344110;0.166154;0.742259;0.542661;0.356320;-0.133812;0.911290;-0.136643;0.364654;0.457614;-0.524726;0.642183;-0.320706;0.457614;-0.524726;0.642183;-0.320706;0.550355;0.083055;0.825130;0.096809;0.320706;0.642183;0.524726;0.457614;0.550355;0.083055;0.825130;0.096809;0.457614;-0.524726;0.642183;-0.320706
29833555;1;0.509511;-0.438437;0.668856;-0.317496;0.549507;-0.338791;0.724441;-0.241758;0.560123;-0.350002;0.713661;-0.233343;0.577031;-0.291644;0.739430;-0.187674;0.909247;-0.345924;0.097973;0.209780;0.659020;-0.342104;-0.125540;0.657949;-0.117181;-0.308619;0.193777;0.923836;-0.495585;-0.245875;0.320628;0.768855;-0.234924;-0.332614;0.229401;0.884055;-0.234924;-0.332614;0.229401;0.884055;-0.054739;-0.628833;0.645491;0.430017;0.371717;0.924812;-0.028538;-0.075730;0.471989;0.645040;-0.508631;-0.320069;-0.494703;0.174047;0.802801;-0.283703;0.548405;-0.583783;-0.290588;0.523458;0.747881;-0.118168;-0.641311;-0.124219;0.747881;-0.118168;-0.641311;-0.124219;0.579554;0.458063;-0.370024;0.563363;-0.018475;0.573021;-0.156574;0.804233;0.704780;-0.152304;0.574222;-0.387761;0.600137;-0.372061;0.600007;-0.376029;0.694642;0.159842;0.683966;0.155285;0.295722;0.109110;0.932539;0.176108;-0.010305;0.868190;0.357378;0.344122;0.162848;0.739456;0.551272;0.350407;-0.131948;0.915326;-0.128566;0.358103;0.424026;-0.540039;0.654372;-0.316792;0.424026;-0.540039;0.654372;-0.316792;0.523838;0.080845;0.844576;0.075825;0.316792;0.654372;0.540039;0.424026;0.523838;0.080845;0.844576;0.075825;0.424026;-0.540039;0.654372;-0.316792
29866877;1;0.509502;-0.438426;0.668875;-0.317486;0.549504;-0.338759;0.724467;-0.241734;0.560084;-0.349955;0.713733;-0.233285;0.576988;-0.291592;0.739498;-0.187619;0.909270;-0.345839;0.097992;0.209812;0.658998;-0.342035;-0.125700;0.657977;-0.117129;-0.308722;0.193596;0.923846;-0.495157;-0.246562;0.320454;0.768984;-0.233256;-0.333529;0.228564;0.884369;-0.233256;-0.333529;0.228564;0.884369;-0.053882;-0.629108;0.645247;0.430088;0.371654;0.924825;-0.028478;-0.075894;0.471880;0.645172;-0.508403;-0.320327;-0.494845;0.173903;0.802794;-0.283564;0.548347;-0.583513;-0.290574;0.523827;0.748108;-0.117849;-0.641119;-0.124148;0.748108;-0.117849;-0.641119;-0.124148;0.579572;0.458407;-0.369633;0.563321;-0.018450;0.573026;-0.156621;0.804220;0.704761;-0.152259;0.574252;-0.387767;0.600153;-0.371935;0.599998;-0.376142;0.694732;0.159925;0.683870;0.155216;0.295669;0.109111;0.932546;0.176158;-0.010375;0.868199;0.357377;0.344101;0.162767;0.739505;0.551222;0.350419;-0.132014;0.915326;-0.128636;0.358055;0.423902;-0.539967;0.654605;-0.316599;0.423902;-0.539967;0.654605;-0.316599;0.523613;0.081061;0.844690;0.075875;0.316599;0.654605;0.539967;0.423902;0.523613;0.081061;0.844690;0.075875;0.423902;-0.539967;0.654605;-0.316599
29900222;1;0.509504;-0.438422;0.668877;-0.317483;0.549506;-0.338751;0.724471;-0.241729;0.560084;-0.349948;0.713740;-0.233276;0.576987;-0.291584;0.739505;-0.187609;0.909272;-0.345826;0.097999;0.209821;0.658968;-0.342039;-0.125712;0.658002;-0.117173;-0.308733;0.193594;0.923838;-0.495164;-0.246665;0.320459;0.768944;-0.233200;-0.333649;0.228509;0.884353;-0.233200;-0.333649;0.228509;0.884353;-0.053865;-0.629224;0.645159;0.430052;0.371641;0.924830;-0.028460;-0.075906;0.471862;0.645207;-0.508364;-0.320343;-0.494843;0.173877;0.802804;-0.283556;0.548305;-0.583479;-0.290588;0.523901;0.748134;-0.117771;-0.641108;-0.124124;0.748134;-0.117771;-0.641108;-0.124124;0.579553;0.458450;-0.369559;0.563354;-0.018444;0.573019;-0.156638;0.804222;0.704765;-0.152233;0.574257;-0.387763;0.600176;-0.371880;0.600003;-0.376152;0.694755;0.159967;0.683836;0.155225;0.295663;0.109108;0.932545;0.176175;-0.010394;0.868197;0.357378;0.344104;0.162738;0.739509;0.551221;0.350426;-0.132040;0.915328;-0.128640;0.358040;0.423973;-0.539878;0.654603;-0.316661;0.423973;-0.539878;0.654603;-0.316661;0.523707;0.081122;0.844625;0.075881;0.316661;0.654603;0.539878;0.423973;0.523707;0.081122;0.844625;0.075881;0.423973;-0.539878;0.654603;-0.316661
29933544;1;0.510023;-0.437003;0.669624;-0.317032;0.550103;-0.336795;0.725215;-0.240871;0.560560;-0.347297;0.714775;-0.232924;0.577434;-0.288859;0.740324;-0.187220;0.910147;-0.343585;0.099602;0.208952;0.655830;-0.343292;-0.125070;0.660602;-0.124295;-0.308324;0.196030;0.922529;-0.493700;-0.257129;0.321413;0.766054;-0.223664;-0.346194;0.222647;0.883489;-0.223664;-0.346194;0.222647;0.883489;0.052521;0.641665;-0.635144;-0.426731;0.369489;0.925870;-0.037429;-0.069581;0.478112;0.634872;-0.532903;-0.290449;-0.493820;0.134152;0.817956;-0.262858;0.511849;-0.532252;-0.316786;0.595285;0.784898;-0.093585;-0.612281;-0.016985;0.784898;-0.093585;-0.612281;-0.016985;0.566560;0.524681;-0.280835;0.569957;-0.018883;0.571219;-0.161154;0.804600;0.706480;-0.145688;0.575409;-0.385442;0.604568;-0.362275;0.599710;-0.378949;0.699802;0.166581;0.676830;0.156298;0.293590;0.110729;0.932648;0.178080;-0.013483;0.869506;0.354952;0.343200;0.170161;0.739815;0.547943;0.351393;-0.127466;0.913272;-0.131208;0.363967;0.431097;-0.534531;0.651472;-0.322516;0.431097;-0.534531;0.651472;-0.322516;0.532884;0.082690;0.838631;0.076779;0.322516;0.651472;0.534531;0.431097;0.532884;0.082690;0.838631;0.076779;0.431097;-0.534531;0.651472;-0.322516
29966888;1;0.521502;-0.419346;0.676311;-0.307875;0.558226;-0.324407;0.726642;-0.234809;0.565239;-0.345150;0.713119;-0.229863;0.581852;-0.286851;0.738501;-0.183794;0.912378;-0.340568;0.099563;0.204124;0.670705;-0.332303;-0.142575;0.647612;-0.138364;-0.308917;0.187945;0.922010;-0.461977;-0.284156;0.299753;0.784844;-0.200490;-0.362063;0.198763;0.888373;-0.200490;-0.362063;0.198763;0.888373;0.082434;0.636074;-0.626161;-0.443325;0.368163;0.924688;-0.031961;-0.091572;0.466226;0.639152;-0.532480;-0.300970;-0.498919;0.124497;0.822527;-0.242962;0.515519;-0.507436;-0.316270;0.613776;0.801349;-0.070919;-0.593708;-0.017927;0.801349;-0.070919;-0.593708;-0.017927;0.577765;0.441267;-0.205815;0.655066;-0.019618;0.565392;-0.162141;0.808491;0.706827;-0.146883;0.569598;-0.392912;0.602166;-0.355082;0.582016;-0.415415;0.723699;0.159058;0.659072;0.128780;0.319372;0.118969;0.923027;0.178521;-0.002996;0.866587;0.339254;0.365957;0.180658;0.738690;0.535766;0.366953;-0.131016;0.904006;-0.139041;0.382461;0.451861;-0.512231;0.635412;-0.360129;0.451861;-0.512231;0.635412;-0.360129;0.574164;0.087102;0.811506;0.064865;0.360129;0.635412;0.512231;0.451861;0.574164;0.087102;0.811506;0.064865;0.451861;-0.512231;0.635412;-0.360129
30000222;1;0.521479;-0.419082;0.676515;-0.307825;0.558188;-0.324144;0.726797;-0.234783;0.564367;-0.345262;0.713927;-0.229328;0.580940;-0.286898;0.739316;-0.183331;0.912099;-0.339981;0.102276;0.205008;0.669945;-0.331383;-0.139061;0.649632;-0.141528;-0.305300;0.189591;0.922397;-0.465429;-0.279770;0.299760;0.784378;-0.208155;-0.356931;0.201812;0.888000;-0.208155;-0.356931;0.201812;0.888000;0.085918;0.636240;-0.624883;-0.444228;0.367458;0.925138;-0.029742;-0.090611;0.462839;0.645659;-0.528312;-0.299652;-0.496020;0.117618;0.825927;-0.240781;0.518302;-0.507767;-0.331557;0.602997;0.794264;-0.051296;-0.604257;-0.037245;0.794264;-0.051296;-0.604257;-0.037245;0.567462;0.448949;-0.226875;0.651889;-0.019568;0.565597;-0.164290;0.807914;0.707317;-0.143657;0.571238;-0.390834;0.604215;-0.351014;0.584128;-0.412926;0.723391;0.163450;0.657704;0.131964;0.320141;0.119001;0.922548;0.179591;-0.003430;0.866059;0.339312;0.367147;0.181866;0.738887;0.533848;0.368751;-0.131434;0.902807;-0.140538;0.384595;0.451046;-0.519419;0.633213;-0.354686;0.451046;-0.519419;0.633213;-0.354686;0.569739;0.080464;0.815034;0.068137;0.354686;0.633213;0.519419;0.451046;0.569739;0.080464;0.815034;0.068137;0.451046;-0.519419;0.633213;-0.354686
30033555;1;0.512827;-0.421657;0.683849;-0.302596;0.547958;-0.328722;0.733066;-0.233019;0.563361;-0.338919;0.720585;-0.220262;0.579210;-0.280041;0.745444;-0.174375;0.913964;-0.327426;0.107330;0.214341;0.664899;-0.334344;-0.129943;0.655163;-0.149588;-0.299447;0.197491;0.921386;-0.495881;-0.219106;0.303610;0.783528;-0.255955;-0.295534;0.229883;0.891236;-0.255955;-0.295534;0.229883;0.891236;0.085365;0.650783;-0.597550;-0.460574;0.359405;0.926808;-0.039953;-0.101285;0.469833;0.644336;-0.558193;-0.229147;-0.476186;0.018817;0.852288;-0.215634;-0.476460;0.535105;0.526780;-0.457330;0.660387;-0.029626;-0.750305;0.007358;0.660387;-0.029626;-0.750305;0.007358;0.745027;0.269572;-0.215295;0.570889;-0.029762;0.575131;-0.162758;0.801155;0.704367;-0.153223;0.577795;-0.382808;0.599803;-0.362027;0.585061;-0.408506;0.717194;0.156296;0.666163;0.132031;0.351579;0.107095;0.913061;0.176755;0.016472;0.849981;0.350158;0.393256;0.171959;0.738498;0.521084;0.391818;-0.154763;0.893597;-0.149189;0.394051;0.446270;-0.532976;0.636466;-0.334202;0.446270;-0.532976;0.636466;-0.334202;0.551877;0.073178;0.826920;0.079244;0.334202;0.636466;0.532976;0.446270;0.551877;0.073178;0.826920;0.079244;0.446270;-0.532976;0.636466;-0.334202
30066866;1;0.514623;-0.420292;0.683767;-0.301631;0.549852;-0.326619;0.733146;-0.231258;0.563273;-0.337268;0.721452;-0.220186;0.579116;-0.278326;0.746175;-0.174306;0.913450;-0.325721;0.103557;0.220887;0.670880;-0.330903;-0.128442;0.651096;-0.154622;-0.293705;0.199328;0.922008;0.507737;0.212825;-0.305547;-0.776884;-0.216450;-0.303292;0.216027;0.902494;-0.216450;-0.303292;0.216027;0.902494;0.099268;0.651378;-0.596945;-0.457722;0.362177;0.923290;-0.053875;-0.116021;0.469400;0.639301;-0.563283;-0.231668;-0.479495;0.019338;0.851833;-0.209977;-0.461153;0.509550;0.513821;-0.513502;0.688677;-0.005887;-0.723615;0.045497;0.688677;-0.005887;-0.723615;0.045497;0.749539;0.264688;-0.150588;0.587753;-0.033542;0.573615;-0.167179;0.801182;0.704960;-0.150709;0.578211;-0.382086;0.598305;-0.355953;0.576325;-0.427994;0.729807;0.154364;0.655612;0.117161;0.357568;0.113193;0.909184;0.180877;0.015790;0.849548;0.342963;0.400493;0.196413;0.729354;0.520595;0.398052;-0.141755;0.886888;-0.143172;0.415737;0.464569;-0.520174;0.635225;-0.331789;0.464569;-0.520174;0.635225;-0.331789;0.563110;0.081353;0.816990;0.093889;0.331789;0.635225;0.520174;0.464569;0.563110;0.081353;0.816990;0.093889;0.464569;-0.520174;0.635225;-0.331789
30100222;1;0.508998;-0.433856;0.688265;-0.281035;0.542099;-0.337602;0.740247;-0.210211;0.559163;-0.342488;0.722659;-0.218638;0.574896;-0.283433;0.747797;-0.173093;0.908790;-0.326290;0.116377;0.232577;0.670361;-0.327065;-0.151712;0.648558;-0.152897;-0.310660;0.182971;0.920127;-0.464166;-0.271345;0.287427;0.792659;-0.142392;-0.357615;0.168387;0.907459;-0.142392;-0.357615;0.168387;0.907459;0.105804;0.628345;-0.620122;-0.457643;0.363658;0.924814;-0.059417;-0.094565;0.474736;0.627998;-0.563265;-0.250951;-0.493955;0.041854;0.842554;-0.210616;-0.455252;0.569234;0.531831;-0.431132;0.623690;0.032429;-0.778344;-0.064343;0.623690;0.032429;-0.778344;-0.064343;0.777491;0.185723;-0.231512;0.554452;-0.029379;0.579369;-0.179404;0.794533;0.696577;-0.143997;0.589218;-0.383233;0.580610;-0.381127;0.594492;-0.405233;0.701386;0.149329;0.686404;0.120863;0.366125;0.119253;0.906356;0.173924;0.027250;0.849000;0.338862;0.404510;0.164364;0.729467;0.537601;0.389677;-0.158541;0.898776;-0.131081;0.387150;0.474141;-0.515776;0.644851;-0.305503;0.474141;-0.515776;0.644851;-0.305503;0.551292;0.091270;0.820687;0.119246;0.305503;0.644851;0.515776;0.474141;0.551292;0.091270;0.820687;0.119246;0.474141;-0.515776;0.644851;-0.305503
30133544;1;0.513729;-0.420082;0.687541;-0.294790;0.548765;-0.323609;0.737875;-0.222880;0.567726;-0.338773;0.713973;-0.230570;0.584388;-0.280426;0.738841;-0.184300;0.910377;-0.334948;0.098368;0.222142;0.667906;-0.324932;-0.121626;0.658428;-0.138345;-0.289749;0.190839;0.927624;0.514040;0.249594;-0.314416;-0.758029;-0.073309;-0.372197;0.150415;0.912946;-0.073309;-0.372197;0.150415;0.912946;0.103299;0.666532;-0.598437;-0.432363;0.369867;0.921485;-0.078796;-0.088625;0.463330;0.637399;-0.559689;-0.256508;-0.491158;0.032846;0.847614;-0.198078;-0.467023;0.609746;0.551306;-0.325824;0.552655;0.013917;-0.821909;-0.137275;0.552655;0.013917;-0.821909;-0.137275;0.767084;0.132666;-0.333715;0.531616;-0.054669;0.573252;-0.195864;0.793745;0.692493;-0.152431;0.586346;-0.391683;0.572611;-0.387439;0.588668;-0.418902;0.705347;0.140660;0.686698;0.105578;0.356042;0.148533;0.903163;0.188330;0.023122;0.849701;0.340153;0.402205;0.195365;0.722799;0.534376;0.392220;-0.138308;0.891910;-0.128792;0.410828;0.500368;-0.487849;0.652093;-0.293955;0.500368;-0.487849;0.652093;-0.293955;0.561671;0.116138;0.806061;0.145956;0.293955;0.652093;0.487849;0.500368;0.561671;0.116138;0.806061;0.145956;0.500368;-0.487849;0.652093;-0.293955
30166888;1;0.511432;-0.432192;0.693410;-0.266139;0.541305;-0.339830;0.743050;-0.198450;0.568022;-0.344786;0.713370;-0.222658;0.584049;-0.286468;0.738722;-0.176389;0.908737;-0.332892;0.103114;0.229667;0.678041;-0.330022;-0.134205;0.642911;-0.108201;-0.305240;0.183723;0.928099;0.522163;0.226971;-0.318841;-0.757740;-0.066840;-0.357126;0.160114;0.917800;-0.066840;-0.357126;0.160114;0.917800;0.115133;0.654770;-0.608227;-0.433682;0.370303;0.921410;-0.083560;-0.083049;0.464153;0.638698;-0.552606;-0.266932;-0.498001;0.034209;0.843883;-0.196688;-0.436311;0.562338;0.554005;-0.431842;0.613200;0.027336;-0.788922;-0.028993;0.613200;0.027336;-0.788922;-0.028993;0.739386;0.206349;-0.248651;0.590678;-0.057751;0.568176;-0.212725;0.792836;0.683257;-0.150661;0.587736;-0.406236;0.572603;-0.378681;0.618951;-0.381609;0.679144;0.168364;0.702159;0.131872;0.354928;0.178802;0.897261;0.192301;0.037298;0.845421;0.349633;0.402032;0.177213;0.731196;0.530834;0.390082;-0.149740;0.895293;-0.137154;0.396507;0.471779;-0.500200;0.660767;-0.301018;0.471779;-0.500200;0.660767;-0.301018;0.546450;0.113538;0.820927;0.120747;0.301018;0.660767;0.500200;0.471779;0.546450;0.113538;0.820927;0.120747;0.471779;-0.500200;0.660767;-0.301018
30200222;1;0.512185;-0.421154;0.694259;-0.279822;0.546801;-0.318041;0.747139;-0.204065;0.565624;-0.326554;0.722511;-0.226739;0.581985;-0.267561;0.746371;-0.180649;0.917727;-0.323937;0.099667;0.207141;0.687309;-0.313857;-0.126356;0.642756;-0.087677;-0.292013;0.170880;0.936932;-0.485966;-0.294675;0.320172;0.757954;0.004286;-0.421398;0.108476;0.900355;0.004286;-0.421398;0.108476;0.900355;0.153038;0.668830;-0.602291;-0.408033;0.360634;0.922709;-0.087516;-0.104364;0.458675;0.634664;-0.557901;-0.274891;0.503419;-0.028895;-0.844522;0.180326;-0.443023;0.585353;0.569077;-0.370463;0.570783;0.040535;-0.815380;-0.087860;0.570783;0.040535;-0.815380;-0.087860;0.734487;0.190754;-0.311726;0.571812;-0.105125;0.564242;-0.234937;0.784464;0.677451;-0.170164;0.587079;-0.409197;0.576011;-0.370465;0.618572;-0.385143;0.684018;0.173925;0.696072;0.131735;0.326573;0.222989;0.895823;0.202798;0.038268;0.846174;0.368990;0.382586;0.182017;0.722123;0.554249;0.371774;-0.133302;0.905285;-0.114236;0.386832;0.463373;-0.530800;0.629525;-0.327468;0.463373;-0.530800;0.629525;-0.327468;0.559209;0.069809;0.820474;0.096099;0.327468;0.629525;0.530800;0.463373;0.559209;0.069809;0.820474;0.096099;0.463373;-0.530800;0.629525;-0.327468
30233555;1;0.512995;-0.424684;0.688121;-0.288043;0.550129;-0.317621;0.743629;-0.208545;0.560590;-0.340691;0.720973;-0.223307;0.576692;-0.281777;0.745972;-0.177632;0.906779;-0.328842;0.093239;0.246823;0.689079;-0.298299;-0.140921;0.645236;-0.126906;-0.287646;0.161558;0.935443;-0.469973;-0.266786;0.274190;0.795469;0.033643;-0.372574;0.086853;0.923316;0.033643;-0.372574;0.086853;0.923316;0.205293;0.651442;-0.566530;-0.461000;0.375871;0.913565;-0.098445;-0.120115;0.438955;0.658796;-0.543135;-0.279840;-0.499982;-0.026990;0.853393;-0.144947;0.529834;-0.538412;-0.570677;0.322049;0.611269;-0.032807;-0.783890;-0.103878;0.611269;-0.032807;-0.783890;-0.103878;0.728878;0.128415;-0.328870;0.586592;-0.116984;0.569005;-0.245071;0.776201;0.680249;-0.162487;0.597894;-0.391640;0.565839;-0.387229;0.603345;-0.407252;0.692390;0.151172;0.697036;0.109010;0.321427;0.233482;0.893234;0.210482;0.031284;0.848398;0.364068;0.383010;0.234623;0.700913;0.560254;0.373882;-0.097324;0.894684;-0.095246;0.425438;0.493515;-0.487399;0.629361;-0.350415;0.493515;-0.487399;0.629361;-0.350415;0.596748;0.100383;0.789668;0.101187;0.350415;0.629361;0.487399;0.493515;0.596748;0.100383;0.789668;0.101187;0.493515;-0.487399;0.629361;-0.350415
30266866;1;0.505261;-0.423172;0.685152;-0.310166;0.548087;-0.309057;0.743635;-0.226036;0.555076;-0.341691;0.722162;-0.231560;0.571857;-0.282678;0.747238;-0.186301;0.897467;-0.333221;0.094242;0.273194;0.672240;-0.320484;-0.158078;0.648378;-0.155914;-0.311358;0.175371;0.920865;0.533513;0.154811;-0.279376;-0.783164;0.079847;-0.296331;0.119187;0.944249;0.079847;-0.296331;0.119187;0.944249;0.203513;0.629268;-0.562528;-0.496152;0.387278;0.904760;-0.120871;-0.129672;0.463642;0.636981;-0.547721;-0.281590;0.507456;-0.038945;-0.839182;0.191688;-0.495254;0.585862;0.524836;-0.368830;0.606111;-0.006107;-0.786543;-0.118079;0.606111;-0.006107;-0.786543;-0.118079;0.740688;0.149611;-0.295439;0.584562;-0.130942;0.573159;-0.248905;0.769668;0.679835;-0.168399;0.601797;-0.383805;0.555646;-0.405601;0.591136;-0.421074;0.694926;0.129438;0.701308;0.092143;0.313019;0.235850;0.895465;0.211033;0.028899;0.848483;0.370817;0.376479;0.257915;0.687629;0.570312;0.367955;-0.076517;0.892408;-0.078871;0.437644;0.482883;-0.508361;0.635858;-0.322612;0.482883;-0.508361;0.635858;-0.322612;0.569571;0.090154;0.809085;0.113329;0.322612;0.635858;0.508361;0.482883;0.569571;0.090154;0.809085;0.113329;0.482883;-0.508361;0.635858;-0.322612
30300222;1;0.498267;-0.416725;0.689006;-0.321467;0.539672;-0.312238;0.742224;-0.245693;0.547749;-0.344412;0.726852;-0.230301;0.564453;-0.285014;0.752130;-0.185633;0.898196;-0.333472;0.097888;0.269181;0.673721;-0.298504;-0.173908;0.653262;-0.166978;-0.310749;0.150943;0.923455;-0.490757;-0.212776;0.250773;0.806844;-0.415381;-0.234691;0.230393;0.848114;-0.415381;-0.234691;0.230393;0.848114;-0.472718;-0.528972;0.592833;0.381149;0.383525;0.910355;-0.103051;-0.116374;0.409886;0.682899;-0.535727;-0.280426;-0.478519;-0.030071;0.867439;-0.132908;0.529547;-0.395405;-0.473275;0.582447;0.787012;0.071226;-0.612586;0.016677;0.787012;0.071226;-0.612586;0.016677;0.770978;0.240148;-0.024161;0.589354;-0.164114;0.575673;-0.273900;0.752759;0.671677;-0.177716;0.612280;-0.377334;0.546508;-0.421029;0.600906;-0.403703;0.676301;0.125412;0.719218;0.098047;0.292792;0.261904;0.890708;0.228732;0.022203;0.841257;0.392673;0.370947;0.259148;0.673891;0.585139;0.369224;-0.076417;0.893106;-0.058670;0.439409;0.450181;-0.526667;0.628077;-0.354228;0.450181;-0.526667;0.628077;-0.354228;0.568803;0.071708;0.816528;0.067849;0.354228;0.628077;0.526667;0.450181;0.568803;0.071708;0.816528;0.067849;0.450181;-0.526667;0.628077;-0.354228
30333555;1;0.509027;-0.415690;0.687364;-0.309233;0.546000;-0.319442;0.737037;-0.237944;0.547609;-0.352113;0.717396;-0.247957;0.565730;-0.293449;0.743323;-0.203244;0.896683;-0.355001;0.081784;0.251486;0.685472;-0.287136;-0.171891;0.646633;-0.123360;-0.307395;0.132294;0.934232;0.535231;0.216255;-0.259722;-0.774149;-0.290023;-0.281803;0.186569;0.895358;-0.290023;-0.281803;0.186569;0.895358;0.244318;0.651121;-0.537506;-0.476904;0.402841;0.900191;-0.114348;-0.119584;0.427361;0.668523;-0.528081;-0.302607;0.502174;-0.001089;-0.851933;0.148423;0.536934;-0.435233;-0.559301;0.457664;0.699665;-0.059685;-0.706175;0.090685;0.699665;-0.059685;-0.706175;0.090685;0.770782;0.132005;-0.166476;0.600630;-0.188455;0.565407;-0.293701;0.747355;0.665359;-0.186502;0.609269;-0.388980;0.511831;-0.462493;0.573451;-0.441909;0.678685;0.076357;0.728950;0.046780;0.301241;0.287095;0.879675;0.230221;0.039377;0.836845;0.394835;0.377155;0.270477;0.661091;0.597001;0.365227;-0.065457;0.892403;-0.041298;0.444553;0.475463;-0.503565;0.630175;-0.351052;0.475463;-0.503565;0.630175;-0.351052;0.584434;0.089527;0.801675;0.087972;0.351052;0.630175;0.503565;0.475463;0.584434;0.089527;0.801675;0.087972;0.475463;-0.503565;0.630175;-0.351052
30366888;1;0.500889;-0.428134;0.695757;-0.285892;0.529327;-0.348908;0.738674;-0.228991;0.546701;-0.357974;0.713019;-0.254120;0.565319;-0.299642;0.739430;-0.209460;0.898695;-0.365150;0.089351;0.225894;0.686481;-0.304071;-0.171684;0.637816;-0.098000;-0.319845;0.140121;0.931913;0.621984;0.198691;-0.315783;-0.688432;-0.076996;-0.349499;0.130568;0.924594;-0.076996;-0.349499;0.130568;0.924594;-0.400123;-0.582503;0.626802;0.328192;0.409158;0.898551;-0.099933;-0.123322;0.417441;0.661994;-0.559166;-0.273568;-0.474565;0.022137;0.866264;-0.154548;0.520204;-0.445043;-0.451068;0.572593;0.773185;0.013591;-0.633515;0.025662;0.773185;0.013591;-0.633515;0.025662;0.700450;0.295140;-0.086630;0.644016;-0.203289;0.558524;-0.296627;0.747487;0.662849;-0.199713;0.600080;-0.400812;0.493392;-0.474299;0.544502;-0.484893;0.695831;0.047333;0.716636;0.003455;0.315436;0.299993;0.870038;0.231385;0.056249;0.830715;0.396011;0.387201;0.280665;0.652401;0.600644;0.367187;-0.059553;0.888849;-0.032626;0.453140;0.461750;-0.535467;0.614323;-0.350242;0.461750;-0.535467;0.614323;-0.350242;0.574165;0.055760;0.813024;0.078848;0.350242;0.614323;0.535467;0.461750;0.574165;0.055760;0.813024;0.078848;0.461750;-0.535467;0.614323;-0.350242
30400200;1;0.505333;-0.428352;0.689615;-0.292546;0.535557;-0.346416;0.734201;-0.232646;0.544783;-0.360020;0.712758;-0.256070;0.563564;-0.301702;0.739334;-0.211558;0.892186;-0.365568;0.102128;0.244814;0.694563;-0.272971;-0.164923;0.644880;-0.142986;-0.289835;0.133075;0.936932;0.566628;0.260795;-0.279156;-0.730061;-0.102874;-0.368090;0.102236;0.918409;-0.102874;-0.368090;0.102236;0.918409;0.079708;0.679216;-0.577868;-0.445400;0.411008;0.898982;-0.102055;-0.111749;0.446643;0.641391;-0.547372;-0.299184;0.502629;-0.074527;-0.839907;0.190697;0.412707;-0.531160;-0.508143;0.537897;0.675190;0.013232;-0.734959;0.061474;0.675190;0.013232;-0.734959;0.061474;0.708992;0.200937;-0.141988;0.660904;-0.216321;0.567716;-0.304806;0.733483;0.653903;-0.214393;0.607690;-0.396433;0.464964;-0.503530;0.523100;-0.506589;0.690986;0.011312;0.722081;-0.031769;0.335131;0.302852;0.860062;0.237194;0.070063;0.821596;0.395415;0.404620;0.311591;0.623806;0.614051;0.369755;-0.039230;0.878129;-0.003088;0.476804;0.513969;-0.474127;0.624789;-0.347388;0.513969;-0.474127;0.624789;-0.347388;0.609071;0.106534;0.777051;0.117791;0.347388;0.624789;0.474127;0.513969;0.609071;0.106534;0.777051;0.117791;0.513969;-0.474127;0.624789;-0.347388
30433555;1;0.505200;-0.426662;0.688808;-0.297113;0.534377;-0.349642;0.730923;-0.240716;0.541652;-0.359858;0.710647;-0.268507;0.561440;-0.301710;0.737216;-0.224205;0.885055;-0.370618;0.133989;0.247724;0.712682;-0.272846;-0.174243;0.622317;-0.146804;-0.292840;0.138023;0.934689;0.543357;0.277714;-0.278080;-0.741829;-0.103361;-0.379130;0.103509;0.913708;-0.103361;-0.379130;0.103509;0.913708;0.085899;0.678391;-0.577692;-0.445735;0.422311;0.890696;-0.130799;-0.105859;0.421543;0.663429;-0.556330;-0.269555;-0.463843;0.069494;0.863025;-0.187638;-0.411983;0.535416;0.510972;-0.531515;0.671613;0.038239;-0.739121;0.034264;0.671613;0.038239;-0.739121;0.034264;0.695494;0.313770;-0.160394;0.626187;-0.221188;0.570103;-0.302664;0.731063;0.649122;-0.227900;0.603927;-0.402460;0.458466;-0.512961;0.518088;-0.508198;0.687528;0.001057;0.725191;-0.037432;0.335418;0.310041;0.858776;0.232106;0.079304;0.820413;0.400614;0.400177;0.304073;0.626047;0.618967;0.363984;-0.040493;0.883126;-0.001169;0.467383;0.488007;-0.527401;0.603241;-0.346116;0.488007;-0.527401;0.603241;-0.346116;0.589814;0.053627;0.799485;0.100332;0.346116;0.603241;0.527401;0.488007;0.589814;0.053627;0.799485;0.100332;0.488007;-0.527401;0.603241;-0.346116
30466877;1;0.506278;-0.414289;0.688994;-0.311984;0.532273;-0.350678;0.723445;-0.265212;0.542628;-0.359065;0.705343;-0.281281;0.563437;-0.301344;0.731866;-0.236860;0.888180;-0.383227;0.120674;0.222960;0.696646;-0.288768;-0.172214;0.633750;-0.156440;-0.301007;0.149799;0.928699;0.533015;0.228318;-0.268296;-0.769274;-0.271100;-0.299661;0.185243;0.895764;-0.271100;-0.299661;0.185243;0.895764;0.206105;0.643444;-0.571225;-0.466050;0.425074;0.892220;-0.117026;-0.097773;0.410543;0.662718;-0.564062;-0.272201;-0.460568;0.071595;0.867315;-0.174689;-0.385583;0.550680;0.546837;-0.499045;0.626032;0.002296;-0.776063;0.076188;0.626032;0.002296;-0.776063;0.076188;0.707975;0.227003;-0.191246;0.640832;-0.253903;0.566719;-0.319859;0.715579;0.643025;-0.246148;0.602438;-0.403730;-0.447704;0.517205;-0.499943;0.531147;0.696013;-0.014876;0.715261;-0.061208;0.322134;0.331078;0.851528;0.248027;0.077520;0.811668;0.419357;0.399155;0.332741;0.605143;0.622257;0.368622;-0.023305;0.870741;0.015789;0.490936;0.521976;-0.507604;0.582405;-0.361502;0.521976;-0.507604;0.582405;-0.361502;0.624713;0.052893;0.770753;0.113472;0.361502;0.582405;0.507604;0.521976;0.624713;0.052893;0.770753;0.113472;0.521976;-0.507604;0.582405;-0.361502
30500222;1;0.509498;-0.416444;0.683254;-0.316467;0.537506;-0.348979;0.720052;-0.266132;0.547378;-0.368136;0.693607;-0.289418;0.568824;-0.311327;0.720895;-0.244590;0.881750;-0.395466;0.126042;0.224136;0.699938;-0.306840;-0.173280;0.621217;-0.129875;-0.314167;0.159611;0.926799;0.555547;0.258616;-0.314397;-0.725010;-0.130908;-0.379189;0.148134;0.903955;-0.130908;-0.379189;0.148134;0.903955;0.210106;0.646412;-0.617583;-0.395724;0.434708;0.888450;-0.135053;-0.058705;0.394336;0.679051;-0.548796;-0.286726;-0.460000;0.065793;0.870608;-0.161594;-0.342130;0.564136;0.595595;-0.458219;0.568360;0.049646;-0.818851;0.063124;0.568360;0.049646;-0.818851;0.063124;0.692150;0.241883;-0.237262;0.637282;-0.253434;0.563932;-0.321293;0.717303;0.637934;-0.251552;0.598340;-0.414429;-0.448407;0.521502;-0.512416;0.514195;0.684631;-0.009065;0.727203;-0.048719;0.331549;0.346904;0.843377;0.241760;0.096281;0.810385;0.418158;0.398936;0.313811;0.601204;0.644630;0.352886;-0.025554;0.883556;0.034460;0.466357;0.507793;-0.518814;0.605839;-0.325481;0.507793;-0.518814;0.605839;-0.325481;0.589214;0.061536;0.795249;0.128914;0.325481;0.605839;0.518814;0.507793;0.589214;0.061536;0.795249;0.128914;0.507793;-0.518814;0.605839;-0.325481
30533544;1;0.502592;-0.430403;0.679560;-0.316785;0.530427;-0.363862;0.717393;-0.267579;0.547478;-0.368878;0.691510;-0.293275;0.569234;-0.312235;0.718864;-0.248427;0.879279;-0.399001;0.120888;0.230334;0.702664;-0.306122;-0.159588;0.622162;-0.136065;-0.301119;0.168837;0.928605;0.577611;0.250104;-0.328413;-0.704244;-0.045364;-0.396402;0.115207;0.909690;-0.045364;-0.396402;0.115207;0.909690;0.221387;0.655731;-0.615132;-0.377647;0.438570;0.885482;-0.142266;-0.057782;0.395628;0.676029;-0.562996;-0.263626;-0.442701;0.074294;0.876619;-0.173308;-0.378629;0.557635;0.555281;-0.487182;0.613770;0.015750;-0.786794;0.063192;0.613770;0.015750;-0.786794;0.063192;0.691594;0.249751;-0.209858;0.644424;-0.276339;0.556509;-0.334803;0.708408;0.632576;-0.264037;0.593395;-0.421918;-0.432059;0.534995;-0.495121;0.530999;0.684862;-0.030958;0.724442;-0.072039;0.340600;0.361527;0.830001;0.253747;0.109778;0.798498;0.426565;0.410356;0.327982;0.587988;0.645647;0.360330;-0.020676;0.874979;0.044461;0.481672;0.546988;-0.499215;0.592642;-0.316803;0.546988;-0.499215;0.592642;-0.316803;0.610792;0.066063;0.772059;0.162765;0.316803;0.592642;0.499215;0.546988;0.610792;0.066063;0.772059;0.162765;0.546988;-0.499215;0.592642;-0.316803
30566888;1;0.499502;-0.442692;0.682101;-0.298763;0.521173;-0.388446;0.714386;-0.259116;0.540941;-0.380631;0.690405;-0.292990;0.562695;-0.324039;0.718706;-0.248667;0.876442;-0.407101;0.128814;0.222544;0.702699;-0.304674;-0.168404;0.620506;-0.139114;-0.306919;0.164276;0.927071;0.529160;0.283768;-0.307398;-0.738222;-0.136379;-0.392389;0.145083;0.897988;-0.136379;-0.392389;0.145083;0.897988;0.243180;0.636160;-0.622111;-0.386189;0.446078;0.884170;-0.127555;-0.054663;0.407822;0.674753;-0.551078;-0.273317;-0.457157;0.067554;0.868571;-0.178964;-0.314542;0.570748;0.601247;-0.462398;0.555983;0.087802;-0.824344;0.060260;0.555983;0.087802;-0.824344;0.060260;0.638895;0.281175;-0.242161;0.673878;-0.292498;0.555057;-0.353629;0.693761;0.620676;-0.276460;0.597282;-0.426128;-0.432245;0.528967;-0.505906;0.526704;0.681986;-0.019063;0.727860;-0.068928;0.343683;0.378512;0.817411;0.265422;0.125205;0.783431;0.444550;0.415855;0.325637;0.591020;0.636586;0.373382;-0.031583;0.870795;0.035957;0.489312;0.502580;-0.528434;0.603664;-0.322120;0.502580;-0.528434;0.603664;-0.322120;0.583150;0.053196;0.800514;0.127605;0.322120;0.603664;0.528434;0.502580;0.583150;0.053196;0.800514;0.127605;0.502580;-0.528434;0.603664;-0.322120
30600222;1;0.494586;-0.444106;0.681922;-0.305185;0.511585;-0.403471;0.706724;-0.275743;0.544062;-0.379178;0.685632;-0.300215;0.566385;-0.322974;0.713831;-0.255618;0.875508;-0.411826;0.127741;0.218101;0.704393;-0.292065;-0.149149;0.629511;-0.159988;-0.281364;0.168468;0.931051;0.591083;0.258902;-0.324254;-0.691701;0.022566;-0.409295;0.068184;0.909571;0.022566;-0.409295;0.068184;0.909571;0.067428;0.696052;-0.595171;-0.395900;0.449951;0.881160;-0.135218;-0.053068;0.412263;0.657920;-0.572014;-0.264537;-0.453023;0.091839;0.866963;-0.186309;-0.291630;0.592281;0.598686;-0.453575;0.537371;0.114287;-0.834362;0.044834;0.537371;0.114287;-0.834362;0.044834;0.674704;0.248288;-0.240652;0.652084;-0.313734;0.546284;-0.365335;0.685329;0.615414;-0.289066;0.590227;-0.435130;-0.417556;0.545254;-0.493048;0.534086;0.676783;-0.039767;0.730246;-0.084401;0.332328;0.395979;0.811163;0.273446;0.125600;0.778698;0.456482;0.411678;0.337217;0.573179;0.649751;0.368204;-0.019586;0.867426;0.057798;0.493809;0.535329;-0.504110;0.583549;-0.344626;0.535329;-0.504110;0.583549;-0.344626;0.622222;0.056172;0.769091;0.134847;0.344626;0.583549;0.504110;0.535329;0.622222;0.056172;0.769091;0.134847;0.535329;-0.504110;0.583549;-0.344626
30633555;1;0.504278;-0.452189;0.670441;-0.302883;0.518038;-0.419976;0.691076;-0.278695;0.545392;-0.387859;0.675756;-0.308978;0.568413;-0.332419;0.704683;-0.264246;0.868502;-0.423836;0.134675;0.218929;0.695720;-0.307430;-0.177680;0.624411;-0.157136;-0.314264;0.165292;0.921534;0.602952;0.117946;-0.276540;-0.738961;0.064428;-0.275043;0.121397;0.951558;0.064428;-0.275043;0.121397;0.951558;0.123594;0.651509;-0.570920;-0.484057;0.462644;0.873380;-0.145719;-0.043964;0.405526;0.673321;-0.542068;-0.297238;-0.460524;0.131321;0.854373;-0.201788;-0.215769;0.631146;0.607169;-0.431792;-0.482672;-0.270132;0.833084;0.005277;-0.482672;-0.270132;0.833084;0.005277;0.484444;0.408527;-0.265943;0.726426;-0.330727;0.532048;-0.376899;0.682270;0.612234;-0.292999;0.582502;-0.447228;-0.414126;0.547629;-0.495503;0.532052;0.672935;-0.039727;0.733684;-0.085376;0.339390;0.420915;0.788266;0.293738;0.143298;0.762922;0.465238;0.425405;0.349786;0.563794;0.644016;0.380829;-0.019538;0.856828;0.060336;0.511686;0.506245;-0.509120;0.606165;-0.342167;0.506245;-0.509120;0.606165;-0.342167;0.599917;0.068621;0.788625;0.116021;0.342167;0.606165;0.509120;0.506245;0.599917;0.068621;0.788625;0.116021;0.506245;-0.509120;0.606165;-0.342167
30666866;1;0.503281;-0.459275;0.665423;-0.304939;0.515901;-0.430302;0.684515;-0.283064;0.538645;-0.395082;0.673969;-0.315495;0.562211;-0.339762;0.703481;-0.271284;0.860904;-0.432935;0.132891;0.231844;0.706864;-0.308959;-0.192585;0.606464;-0.165750;-0.322383;0.169155;0.916506;0.538970;0.233994;-0.295682;-0.753213;-0.029043;-0.358910;0.115605;0.925730;-0.029043;-0.358910;0.115605;0.925730;0.003908;0.638842;-0.628271;-0.444005;0.476164;0.864304;-0.151384;-0.057704;0.414019;0.663050;-0.548014;-0.297714;-0.471086;0.116830;0.852236;-0.195252;-0.199288;0.621526;0.635692;-0.412172;-0.454436;-0.197995;0.866715;-0.055584;-0.454436;-0.197995;0.866715;-0.055584;0.530203;0.386492;-0.253794;0.710702;-0.349141;0.527882;-0.400193;0.662787;0.594976;-0.311368;0.584713;-0.455153;-0.402185;0.554316;-0.501610;0.528553;0.662049;-0.040201;0.742791;-0.091307;0.328766;0.446809;0.775082;0.302526;0.153381;0.752681;0.483563;0.419659;0.349485;0.552170;0.657758;0.374598;-0.015259;0.858226;0.078253;0.507041;0.530513;-0.502608;0.589103;-0.344816;0.530513;-0.502608;0.589103;-0.344816;0.618952;0.061161;0.771956;0.131308;0.344816;0.589103;0.502608;0.530513;0.618952;0.061161;0.771956;0.131308;0.530513;-0.502608;0.589103;-0.344816
30700222;1;0.502639;-0.463782;0.666301;-0.297159;0.509695;-0.447494;0.677348;-0.284887;0.527017;-0.428344;0.663125;-0.314706;0.550557;-0.373786;0.695340;-0.271429;0.845067;-0.456793;0.125870;0.247707;0.713464;-0.285853;-0.197918;0.608347;-0.154153;-0.316849;0.143143;0.924853;0.524715;0.293051;-0.280832;-0.748284;-0.076190;-0.394635;0.094913;0.910741;-0.076190;-0.394635;0.094913;0.910741;-0.033743;0.647273;-0.617500;-0.445638;0.498055;0.859260;-0.097756;-0.063700;0.432977;0.644400;-0.569911;-0.269223;-0.471805;0.084518;0.856100;-0.193263;-0.221347;0.594304;0.648990;-0.420262;-0.473182;-0.223956;0.851016;-0.041393;-0.473182;-0.223956;0.851016;-0.041393;0.678534;0.136135;-0.283986;0.663634;-0.376088;0.511845;-0.414193;0.651934;0.591413;-0.321349;0.574714;-0.465478;-0.413073;0.540410;-0.505758;0.530600;0.671177;-0.027377;0.735881;-0.085158;0.319569;0.475073;0.753748;0.322560;0.166391;0.734051;0.504953;0.422500;0.358317;0.554190;0.637441;0.397682;-0.025336;0.845486;0.062467;0.529726;0.526213;-0.463813;0.609605;-0.369268;0.526213;-0.463813;0.609605;-0.369268;0.633201;0.103091;0.759021;0.110977;0.369268;0.609605;0.463813;0.526213;0.633201;0.103091;0.759021;0.110977;0.526213;-0.463813;0.609605;-0.369268
30733544;1;0.498550;-0.470251;0.658050;-0.311900;0.504648;-0.457084;0.667264;-0.301933;0.522204;-0.429290;0.658979;-0.329788;0.546969;-0.375061;0.691283;-0.286849;0.835313;-0.465809;0.138435;0.257117;0.728094;-0.295346;-0.191994;0.588037;-0.137697;-0.315232;0.157226;0.925715;0.503689;0.275617;-0.288009;-0.766409;0.010416;-0.389496;0.084893;0.917048;0.010416;-0.389496;0.084893;0.917048;-0.075779;0.631501;-0.630462;-0.444951;0.514573;0.843904;-0.133594;-0.072055;0.434906;0.665190;-0.546378;-0.264292;-0.454779;0.110182;0.853737;-0.228408;-0.151226;0.614924;0.649045;-0.421592;-0.441149;-0.259274;0.855668;-0.077438;-0.441149;-0.259274;0.855668;-0.077438;0.533604;0.413473;-0.198607;0.710537;-0.395380;0.504876;-0.438513;0.629668;0.577222;-0.336672;0.577808;-0.468620;-0.420728;0.527812;-0.522838;0.520618;0.669589;-0.006331;0.739128;-0.072801;0.297778;0.506352;0.739348;0.329092;0.169425;0.726086;0.525178;0.410223;0.340356;0.559545;0.645041;0.393687;-0.035266;0.854548;0.064149;0.514188;0.523689;-0.481982;0.607781;-0.352201;0.523689;-0.481982;0.607781;-0.352201;0.619348;0.088953;0.770579;0.121260;0.352201;0.607781;0.481982;0.523689;0.619348;0.088953;0.770579;0.121260;0.523689;-0.481982;0.607781;-0.352201
30766888;1;0.493811;-0.476594;0.655206;-0.315775;0.491632;-0.481079;0.651920;-0.319156;0.515894;-0.450377;0.651209;-0.327018;0.540457;-0.396704;0.685229;-0.284593;0.829557;-0.481873;0.118415;0.256148;0.698816;-0.303653;-0.163641;0.626636;-0.179795;-0.296167;0.176830;0.921244;0.574516;0.159052;-0.289974;-0.748698;0.109754;-0.316151;0.097113;0.937321;0.109754;-0.316151;0.097113;0.937321;-0.397405;-0.542882;0.623893;0.397626;0.523607;0.844421;-0.101325;-0.050228;0.417536;0.678154;-0.536934;-0.278340;-0.466173;0.057041;0.863097;-0.185719;-0.266392;0.569523;0.641222;-0.439902;0.510829;0.157108;-0.843113;0.059426;0.510829;0.157108;-0.843113;0.059426;0.631487;0.301133;-0.247003;0.670472;-0.419882;0.491422;-0.461737;0.607456;0.560577;-0.357892;0.571508;-0.480672;0.425223;-0.520123;0.545039;-0.501588;0.659424;0.014864;0.749517;-0.056251;0.283873;0.534742;0.713475;0.352733;0.184495;0.699224;0.553241;0.413487;0.338815;0.556668;0.633492;0.417149;-0.052918;0.844463;0.058079;0.529819;0.525631;-0.468679;0.622526;-0.341342;0.525631;-0.468679;0.622526;-0.341342;0.613042;0.108786;0.771598;0.130312;0.341342;0.622526;0.468679;0.525631;0.613042;0.108786;0.771598;0.130312;0.525631;-0.468679;0.622526;-0.341342
30800222;1;0.493441;-0.475142;0.655144;-0.318657;0.489303;-0.483527;0.648980;-0.324975;0.517821;-0.461423;0.633716;-0.342571;0.543625;-0.409117;0.668678;-0.299942;0.822210;-0.504076;0.116493;0.237290;0.687784;-0.331444;-0.184058;0.619048;-0.178423;-0.328051;0.190040;0.907983;0.535295;0.090030;-0.278898;-0.792193;0.162411;-0.258084;0.138859;0.942196;0.162411;-0.258084;0.138859;0.942196;0.226584;0.585156;-0.584033;-0.514935;0.541886;0.832859;-0.103284;-0.045135;0.404624;0.682389;-0.535384;-0.289807;-0.462024;0.083964;0.863274;-0.185047;-0.453803;0.490400;0.579319;-0.466862;0.650352;0.037960;-0.758065;0.030643;0.650352;0.037960;-0.758065;0.030643;0.646865;0.227490;-0.239597;0.687318;-0.447773;0.468253;-0.476151;0.594574;0.555028;-0.366590;0.558211;-0.495940;0.422617;-0.519941;0.548007;-0.500743;0.656991;0.017078;0.751508;-0.057502;0.256604;0.557887;0.703893;0.357003;0.177026;0.691850;0.572756;0.402438;0.331304;0.553749;0.637342;0.421182;-0.061062;0.845088;0.062916;0.527390;0.519061;-0.481502;0.604946;-0.364378;0.519061;-0.481502;0.604946;-0.364378;0.624686;0.087288;0.768235;0.109378;0.364378;0.604946;0.481502;0.519061;0.624686;0.087288;0.768235;0.109378;0.519061;-0.481502;0.604946;-0.364378
30833555;1;0.483553;-0.482760;0.654461;-0.323729;0.479075;-0.491675;0.647790;-0.330319;0.507666;-0.482926;0.623339;-0.347139;0.533869;-0.431383;0.660059;-0.305310;0.805080;-0.521719;0.110649;0.259641;0.705295;-0.301853;-0.179235;0.615889;-0.195922;-0.303260;0.176843;0.915628;0.533435;0.125651;-0.268287;-0.792263;0.135710;-0.273140;0.114721;0.945419;0.135710;-0.273140;0.114721;0.945419;-0.014715;0.712374;-0.479693;-0.512057;0.566702;0.814933;-0.102343;-0.065255;0.426300;0.668796;-0.526782;-0.305746;-0.485566;0.090738;0.846495;-0.198590;-0.311582;0.587004;0.558615;-0.496279;0.576705;0.017666;-0.810131;0.103861;0.576705;0.017666;-0.810131;0.103861;0.611642;0.314703;-0.219453;0.691879;-0.479047;0.440330;-0.493529;0.577107;0.544891;-0.377941;0.542791;-0.515395;0.407107;-0.529443;0.543829;-0.508138;0.651221;0.007300;0.755273;-0.073624;0.209593;0.585591;0.703893;0.343058;0.154174;0.687336;0.604948;0.371265;0.340528;0.541262;0.634316;0.434418;-0.063795;0.834184;0.069579;0.543347;0.511986;-0.482357;0.607415;-0.369120;0.511986;-0.482357;0.607415;-0.369120;0.623036;0.088429;0.770585;0.101022;0.369120;0.607415;0.482357;0.511986;0.623036;0.088429;0.770585;0.101022;0.511986;-0.482357;0.607415;-0.369120
30866866;1;0.498227;-0.469876;0.646681;-0.335842;0.477342;-0.507555;0.617550;-0.364918;0.489502;-0.498003;0.612010;-0.371247;0.517697;-0.447319;0.649976;-0.330796;0.791214;-0.551730;0.089468;0.248133;0.683474;-0.310487;-0.126847;0.648360;-0.212348;-0.266748;0.203317;0.917832;0.592483;0.170676;-0.312237;-0.722732;0.091232;-0.341377;0.100418;0.930083;0.091232;-0.341377;0.100418;0.930083;0.029804;0.662988;-0.613122;-0.428532;0.586801;0.805448;-0.057814;-0.059798;0.436305;0.666340;-0.529749;-0.291540;-0.488965;0.052217;0.849656;-0.190449;-0.420948;0.492648;0.571689;-0.503262;0.650113;0.020932;-0.754382;0.088445;0.650113;0.020932;-0.754382;0.088445;0.631647;0.220086;-0.206913;0.713983;-0.496060;0.436286;-0.513636;0.547500;0.527540;-0.405250;0.538457;-0.517241;0.420101;-0.516355;0.558779;-0.494630;0.650926;0.027228;0.756657;-0.054996;0.241180;0.606885;0.632372;0.416687;0.223617;0.632853;0.606401;0.426345;0.309774;0.543323;0.648954;0.433242;-0.084749;0.845823;0.078642;0.520785;0.529816;-0.456841;0.642575;-0.312553;0.529816;-0.456841;0.642575;-0.312553;0.595645;0.131334;0.777404;0.153628;0.312553;0.642575;0.456841;0.529816;0.595645;0.131334;0.777404;0.153628;0.529816;-0.456841;0.642575;-0.312553
30900222;1;0.504299;-0.476531;0.638299;-0.333429;0.486494;-0.508710;0.612961;-0.358910;0.471807;-0.516580;0.598258;-0.390680;0.501618;-0.466939;0.637757;-0.351586;0.774287;-0.580241;0.090690;0.235743;0.637448;-0.344090;-0.162216;0.670036;-0.254131;-0.314328;0.214267;0.889216;-0.430723;-0.119334;0.284599;0.848080;0.533193;0.082884;-0.297267;-0.787698;0.533193;0.082884;-0.297267;-0.787698;0.232051;0.575502;-0.566546;-0.542195;0.620874;0.774903;-0.085399;-0.082147;0.454257;0.675036;-0.503363;-0.290864;-0.488983;0.063318;0.839667;-0.227699;-0.429786;0.450912;0.613750;-0.485050;0.639017;0.034110;-0.760820;0.107919;0.639017;0.034110;-0.760820;0.107919;0.643995;-0.137859;-0.149445;0.737517;0.500065;-0.433704;0.532816;-0.527202;0.520352;-0.412552;0.549350;-0.507197;0.404928;-0.533794;0.540087;-0.509317;0.650509;0.001563;0.755689;-0.075964;0.212371;0.619706;0.637968;0.404797;0.196731;0.643819;0.613644;0.412595;0.323649;0.524890;0.652942;0.439782;-0.079411;0.835629;0.094423;0.535259;0.529481;-0.447700;0.652740;-0.305198;0.529481;-0.447700;0.652740;-0.305198;0.590207;0.144985;0.778128;0.158591;0.305198;0.652740;0.447700;0.529481;0.590207;0.144985;0.778128;0.158591;0.529481;-0.447700;0.652740;-0.305198
30933555;1;0.501065;-0.481633;0.637535;-0.332436;0.483639;-0.513211;0.612401;-0.357314;0.468794;-0.524452;0.593620;-0.390893;0.498631;-0.475159;0.633766;-0.352040;0.768726;-0.585811;0.090113;0.240345;0.628490;-0.352712;-0.148200;0.677223;-0.259643;-0.307966;0.226994;0.886688;-0.452535;-0.099286;0.233303;0.854941;-0.485350;-0.090164;0.236978;0.836748;-0.485350;-0.090164;0.236978;0.836748;-0.226732;-0.565411;0.537438;0.583149;0.628279;0.768751;-0.085781;-0.083240;0.449446;0.688311;-0.492379;-0.285988;-0.479324;0.057848;0.844312;-0.232464;-0.414545;0.458359;0.612159;-0.493275;0.629423;0.010432;-0.764672;0.137820;0.629423;0.010432;-0.764672;0.137820;0.592490;0.078787;-0.207875;0.774297;0.501229;-0.433753;0.535505;-0.523319;0.522322;-0.411441;0.552825;-0.502275;-0.403179;0.538086;-0.537397;0.509033;0.649074;-0.003384;0.756814;-0.076967;0.208915;0.618518;0.641804;0.402340;0.192707;0.643781;0.616480;0.410320;0.319838;0.528604;0.648589;0.444538;-0.085499;0.835204;0.088754;0.535954;0.542403;-0.457992;0.638249;-0.297794;0.542403;-0.457992;0.638249;-0.297794;0.594108;0.127462;0.775159;0.172965;0.297794;0.638249;0.457992;0.542403;0.594108;0.127462;0.775159;0.172965;0.542403;-0.457992;0.638249;-0.297794
30966888;1;0.506266;-0.480232;0.631104;-0.338791;0.492177;-0.505318;0.611203;-0.358952;0.460365;-0.528229;0.590116;-0.401000;0.491040;-0.479204;0.630576;-0.362791;0.761055;-0.595271;0.083904;0.243739;0.622227;-0.349459;-0.142654;0.685829;-0.260328;-0.304054;0.223658;0.888683;-0.446040;-0.103601;0.208193;0.864275;-0.489050;-0.092972;0.213152;0.840686;-0.489050;-0.092972;0.213152;0.840686;-0.234665;-0.558299;0.523060;0.599702;0.639272;0.756983;-0.092573;-0.098682;0.459349;0.688640;-0.492015;-0.269618;-0.468642;0.063902;0.843932;-0.253121;-0.399337;0.477596;0.586241;-0.518415;0.641521;0.024318;-0.755767;0.129132;0.641521;0.024318;-0.755767;0.129132;0.590957;0.181382;-0.198624;0.760539;0.503131;-0.437202;0.530565;-0.523656;0.526753;-0.412333;0.550108;-0.499895;0.413445;-0.532998;0.539044;-0.504388;0.653069;0.001446;0.754374;-0.066464;0.201939;0.617229;0.645410;0.402113;0.186672;0.641234;0.621586;0.409393;0.322791;0.525315;0.640579;0.457722;-0.092706;0.827295;0.085425;0.547440;0.538654;-0.465392;0.631384;-0.307598;0.538654;-0.465392;0.631384;-0.307598;0.598390;0.117374;0.775538;0.163381;0.307598;0.631384;0.465392;0.538654;0.598390;0.117374;0.775538;0.163381;0.538654;-0.465392;0.631384;-0.307598
31000200;1;0.503434;-0.485406;0.628793;-0.339933;0.488626;-0.511534;0.607728;-0.360895;0.461875;-0.527548;0.592908;-0.396010;0.492145;-0.478302;0.633304;-0.357695;0.763198;-0.590645;0.086830;0.247242;0.626714;-0.341558;-0.137174;0.686841;-0.258637;-0.295309;0.219707;0.893100;-0.438678;-0.179553;0.273137;0.837089;-0.436225;-0.180352;0.272610;0.838370;-0.436225;-0.180352;0.272610;0.838370;0.178857;0.596237;-0.586468;-0.518235;0.636173;0.758776;-0.091379;-0.105799;0.465159;0.687546;-0.489057;-0.267828;-0.470591;0.060410;0.841574;-0.258163;-0.391329;0.477195;0.586417;-0.524653;0.641281;0.034293;-0.755264;0.130992;0.641281;0.034293;-0.755264;0.130992;0.572337;0.233365;-0.203406;0.759340;0.501331;-0.441390;0.532549;-0.519840;0.526358;-0.414662;0.553607;-0.494491;0.417226;-0.531652;0.536885;-0.504998;0.656168;0.000893;0.751876;-0.064229;0.197162;0.616357;0.651641;0.395721;0.181153;0.642134;0.626276;0.403270;0.320497;0.528837;0.634943;0.463098;-0.098159;0.825839;0.078976;0.549652;0.538467;-0.470401;0.630054;-0.303000;0.538467;-0.470401;0.630054;-0.303000;0.595007;0.112892;0.778139;0.166500;0.303000;0.630054;0.470401;0.538467;0.595007;0.112892;0.778139;0.166500;0.538467;-0.470401;0.630054;-0.303000
31033555;1;0.507502;-0.482916;0.623065;-0.347884;0.485036;-0.520493;0.592035;-0.378578;0.462614;-0.518879;0.601310;-0.393927;0.492714;-0.468987;0.640984;-0.355560;0.768704;-0.582150;0.095186;0.247254;0.632686;-0.332931;-0.136165;0.685802;-0.251929;-0.290584;0.212001;0.898414;-0.442482;-0.209078;0.273145;0.828183;-0.401787;-0.222081;0.262682;0.848673;-0.401787;-0.222081;0.262682;0.848673;0.144559;0.619290;-0.582187;-0.506598;0.625966;0.768519;-0.081877;-0.104123;0.476436;0.674743;-0.490153;-0.278354;-0.485979;0.066307;0.831343;-0.261335;-0.410990;0.453387;0.603902;-0.510715;0.646651;0.063546;-0.752476;0.107635;0.646651;0.063546;-0.752476;0.107635;0.575343;0.221771;-0.214829;0.757395;0.509459;-0.437181;0.525638;-0.522522;0.531322;-0.414393;0.543776;-0.500283;0.427197;-0.524528;0.535818;-0.505244;0.663382;0.005233;0.746058;-0.057400;0.207318;0.610468;0.646457;0.407972;0.190231;0.636902;0.620451;0.416184;0.310418;0.537995;0.629638;0.466645;-0.107873;0.828578;0.068817;0.545056;0.540439;-0.477178;0.622786;-0.303914;0.540439;-0.477178;0.622786;-0.303914;0.597048;0.102961;0.777792;0.167248;0.303914;0.622786;0.477178;0.540439;0.597048;0.102961;0.777792;0.167248;0.540439;-0.477178;0.622786;-0.303914
31066877;1;0.505238;-0.478816;0.626237;-0.351136;0.484177;-0.514087;0.597622;-0.379650;0.460798;-0.520414;0.604184;-0.389610;0.490558;-0.470286;0.643972;-0.351402;0.770338;-0.579842;0.098939;0.246117;0.628024;-0.330364;-0.152677;0.687848;-0.272596;-0.299532;0.206716;0.890640;-0.422411;-0.163528;0.268758;0.850057;0.527971;0.127699;-0.287515;-0.788843;0.527971;0.127699;-0.287515;-0.788843;0.140750;0.592720;-0.584529;-0.535910;0.623210;0.771870;-0.068436;-0.105555;0.473150;0.675171;-0.492030;-0.279607;-0.485771;0.066272;0.832801;-0.257054;-0.431399;0.422464;0.633854;-0.483371;0.639628;0.071844;-0.758344;0.103097;0.639628;0.071844;-0.758344;0.103097;0.600889;0.206938;-0.233067;0.736063;0.506356;-0.446675;0.526971;-0.516127;0.530791;-0.420665;0.547951;-0.490970;0.432631;-0.525276;0.530645;-0.505304;0.667261;0.001078;0.742893;-0.053589;0.206618;0.604824;0.652212;0.407573;0.186442;0.636158;0.621707;0.417160;0.308962;0.536714;0.628591;0.470484;-0.111608;0.826941;0.068998;0.546765;0.534248;-0.490463;0.623342;-0.292353;0.534248;-0.490463;0.623342;-0.292353;0.584495;0.093959;0.787579;0.171046;0.292353;0.623342;0.490463;0.534248;0.584495;0.093959;0.787579;0.171046;0.534248;-0.490463;0.623342;-0.292353
31100222;1;0.503145;-0.481487;0.626473;-0.350068;0.482732;-0.515845;0.598499;-0.377720;0.455153;-0.522125;0.605259;-0.392279;0.485145;-0.471905;0.645181;-0.354515;0.767589;-0.582433;0.105496;0.245864;0.639267;-0.335150;-0.135942;0.678625;-0.252301;-0.289176;0.217216;0.897518;-0.401130;-0.191655;0.270787;0.853837;0.543432;0.141671;-0.299978;-0.771119;0.543432;0.141671;-0.299978;-0.771119;0.130400;0.598242;-0.588705;-0.527758;0.627245;0.768586;-0.072825;-0.102644;0.460970;0.679025;-0.496852;-0.282083;-0.485959;0.052876;0.839726;-0.236448;-0.441518;0.416979;0.637131;-0.474610;0.636865;0.041501;-0.760319;0.120810;0.636865;0.041501;-0.760319;0.120810;0.631008;0.140410;-0.227055;0.728395;0.502345;-0.450374;0.521030;-0.522820;0.532998;-0.418162;0.547214;-0.491538;0.432835;-0.525191;0.531171;-0.504664;0.666956;0.001513;0.743209;-0.052993;0.212187;0.601476;0.654632;0.405784;0.189296;0.637112;0.620022;0.416928;0.298350;0.545745;0.632824;0.461176;-0.112608;0.836251;0.065648;0.532629;0.544052;-0.471175;0.616481;-0.319302;0.544052;-0.471175;0.616481;-0.319302;0.610483;0.102747;0.769088;0.158922;0.319302;0.616481;0.471175;0.544052;0.610483;0.102747;0.769088;0.158922;0.544052;-0.471175;0.616481;-0.319302
31133544;1;0.502644;-0.482421;0.632673;-0.338149;0.486239;-0.511549;0.609362;-0.361340;0.467139;-0.514232;0.607241;-0.385494;0.496548;-0.463879;0.646523;-0.346791;0.776253;-0.572685;0.094393;0.246077;0.641776;-0.334191;-0.155248;0.672560;-0.249678;-0.304335;0.207765;0.895475;-0.385685;-0.174343;0.264860;0.866430;-0.442156;-0.156441;0.275813;0.839018;-0.442156;-0.156441;0.275813;0.839018;-0.156276;-0.577335;0.589682;0.542712;0.617435;0.774285;-0.080866;-0.112771;0.446877;0.692716;-0.493138;-0.277957;-0.474482;0.043907;0.849184;-0.227655;-0.372153;0.473858;0.629235;-0.490942;0.602581;0.052884;-0.785927;0.128134;0.602581;0.052884;-0.785927;0.128134;0.634551;0.176843;-0.221495;0.719035;-0.494026;0.458991;-0.514472;0.529702;0.531182;-0.420497;0.546381;-0.492438;0.443369;-0.513785;0.538473;-0.499496;0.670771;0.014813;0.740328;-0.041978;0.230548;0.591395;0.659128;0.403298;0.197422;0.642575;0.609355;0.420486;0.307144;0.545862;0.634287;0.453186;-0.100732;0.837368;0.066535;0.533143;0.524181;-0.471436;0.631245;-0.323283;0.524181;-0.471436;0.631245;-0.323283;0.599248;0.113002;0.779713;0.142056;0.323283;0.631245;0.471436;0.524181;0.599248;0.113002;0.779713;0.142056;0.524181;-0.471436;0.631245;-0.323283
31166888;1;0.504479;-0.475641;0.633640;-0.343172;0.485982;-0.507896;0.608091;-0.368901;0.475345;-0.505784;0.615808;-0.372840;0.503714;-0.454771;0.654385;-0.333520;0.789691;-0.558572;0.099082;0.233597;0.662394;-0.307004;-0.120341;0.672681;-0.219380;-0.264757;0.196563;0.918226;-0.484504;-0.271405;0.271192;0.786162;-0.231316;-0.339270;0.179170;0.894028;-0.231316;-0.339270;0.179170;0.894028;0.146423;0.636040;-0.600332;-0.462184;0.601489;0.788519;-0.074063;-0.104703;0.453645;0.681006;-0.496353;-0.289949;-0.489229;0.049194;0.841258;-0.224765;-0.366738;0.477048;0.633375;-0.486585;0.595951;0.055135;-0.791011;0.126903;0.595951;0.055135;-0.791011;0.126903;0.629802;0.175451;-0.227951;0.721529;-0.474664;0.482181;-0.512431;0.528781;0.529395;-0.423619;0.561810;-0.473980;0.448995;-0.512267;0.542019;-0.492141;0.669586;0.018441;0.741780;-0.032815;0.233075;0.586930;0.664319;0.399836;0.197465;0.642581;0.610666;0.418550;0.300136;0.549681;0.638704;0.447019;-0.101362;0.843135;0.066985;0.523795;0.512541;-0.490515;0.634898;-0.305943;0.512541;-0.490515;0.634898;-0.305943;0.578756;0.102094;0.795787;0.146087;0.305943;0.634898;0.490515;0.512541;0.578756;0.102094;0.795787;0.146087;0.512541;-0.490515;0.634898;-0.305943
31200211;1;0.510495;-0.470887;0.635977;-0.336442;0.495516;-0.497867;0.615085;-0.358137;0.478969;-0.496988;0.620378;-0.372454;0.507295;-0.445637;0.658235;-0.332845;0.796037;-0.552654;0.106851;0.222443;0.671579;-0.308172;-0.133732;0.660399;-0.193499;-0.278906;0.187258;0.921794;0.504447;0.252990;-0.281488;-0.776076;-0.200083;-0.335670;0.174829;0.903730;-0.200083;-0.335670;0.174829;0.903730;0.136705;0.625040;-0.618449;-0.456243;0.591913;0.796154;-0.065705;-0.107059;0.442691;0.682775;-0.497996;-0.299739;-0.492140;0.047203;0.843773;-0.208848;-0.338812;0.502368;0.635816;-0.478090;0.573259;0.062249;-0.807937;0.121401;0.573259;0.062249;-0.807937;0.121401;0.632879;0.167823;-0.237588;0.717532;-0.470871;0.481726;-0.493974;0.549737;0.541740;-0.409588;0.555256;-0.480048;0.462748;-0.496968;0.537178;-0.500327;0.685031;0.025905;0.727477;-0.028972;0.263061;0.571914;0.659086;0.411484;0.216064;0.641288;0.591812;0.437978;0.298401;0.554570;0.641951;0.437388;-0.095819;0.848846;0.065814;0.515702;0.509498;-0.497109;0.626698;-0.317087;0.509498;-0.497109;0.626698;-0.317087;0.584484;0.091633;0.794652;0.136055;0.317087;0.626698;0.497109;0.509498;0.584484;0.091633;0.794652;0.136055;0.509498;-0.497109;0.626698;-0.317087
31233555;1;0.504724;-0.469040;0.657011;-0.305928;0.493159;-0.492830;0.639359;-0.324240;0.482739;-0.487702;0.634443;-0.355797;0.509717;-0.435253;0.671510;-0.315939;0.813621;-0.536672;0.114450;0.192107;0.676417;-0.298896;-0.133977;0.659675;-0.192726;-0.273630;0.180041;0.924969;0.505530;0.238173;-0.271234;-0.783675;-0.253024;-0.307340;0.189305;0.897599;-0.253024;-0.307340;0.189305;0.897599;0.120235;0.639116;-0.592033;-0.475995;0.568293;0.814231;-0.025332;-0.115890;0.438356;0.674318;-0.517137;-0.292761;-0.487297;0.053931;0.848072;-0.201013;-0.351189;0.499839;0.641082;-0.464587;0.574358;0.077146;-0.809243;0.096375;0.574358;0.077146;-0.809243;0.096375;0.696952;0.104843;-0.240781;0.667301;-0.444031;0.507952;-0.480149;0.560605;0.545503;-0.403809;0.570530;-0.462450;0.455015;-0.508607;0.542388;-0.489995;0.672331;0.021330;0.739448;-0.027067;0.283332;0.547924;0.679051;0.397984;0.214216;0.652041;0.579808;0.439063;0.297322;0.558494;0.646097;0.426899;-0.089197;0.854503;0.065955;0.507462;0.505386;-0.512683;0.604960;-0.340242;0.505386;-0.512683;0.604960;-0.340242;0.597949;0.065250;0.790293;0.116775;0.340242;0.604960;0.512683;0.505386;0.597949;0.065250;0.790293;0.116775;0.505386;-0.512683;0.604960;-0.340242
31266877;1;0.506631;-0.468192;0.658898;-0.299958;0.500719;-0.480881;0.649695;-0.309725;0.490136;-0.471449;0.644549;-0.349369;0.516574;-0.418243;0.680280;-0.308939;0.823530;-0.519505;0.132771;0.185160;0.681511;-0.297882;-0.138281;0.653978;-0.184715;-0.276804;0.176734;0.926296;0.574555;0.232070;-0.298553;-0.725876;0.008787;-0.368097;0.086573;0.925706;0.008787;-0.368097;0.086573;0.925706;0.132005;0.633490;-0.631782;-0.426751;0.550975;0.827875;-0.036190;-0.098690;0.438253;0.668685;-0.531151;-0.280488;-0.477481;0.066920;0.851342;-0.206762;-0.319826;0.519666;0.647478;-0.456542;0.552334;0.122561;-0.821133;0.075145;0.552334;0.122561;-0.821133;0.075145;0.590878;0.311902;-0.254364;0.699199;-0.414794;0.531857;-0.453859;0.582310;0.555553;-0.391000;0.579649;-0.449985;0.468699;-0.496454;0.558138;-0.471526;0.669036;0.041181;0.742075;-0.004432;0.288304;0.527261;0.707762;0.371415;0.199331;0.670481;0.573919;0.425840;0.284180;0.571389;0.651127;0.410840;-0.087252;0.867080;0.060432;0.486731;0.484366;-0.539174;0.593506;-0.349903;0.484366;-0.539174;0.593506;-0.349903;0.589917;0.038418;0.800926;0.095079;0.349903;0.593506;0.539174;0.484366;0.589917;0.038418;0.800926;0.095079;0.484366;-0.539174;0.593506;-0.349903
31300222;1;0.498432;-0.477022;0.659293;-0.298910;0.496524;-0.481199;0.656251;-0.302069;0.503322;-0.459748;0.656351;-0.323267;0.527625;-0.405633;0.691106;-0.281862;0.831205;-0.486889;0.163106;0.213150;0.701602;-0.286894;-0.141589;0.636709;-0.170111;-0.271754;0.168836;0.932044;0.576970;0.224112;-0.293112;-0.728673;-0.011916;-0.356466;0.095253;0.929364;-0.011916;-0.356466;0.095253;0.929364;0.099230;0.648002;-0.614638;-0.438710;0.525775;0.845542;-0.051650;-0.077145;0.434872;0.675015;-0.532617;-0.267508;-0.464479;0.066013;0.857303;-0.211976;-0.252008;0.572546;0.629023;-0.461533;0.521834;0.176382;-0.832087;0.064880;0.521834;0.176382;-0.832087;0.064880;0.543495;0.387897;-0.230280;0.707899;-0.378201;0.558964;-0.429455;0.600077;0.561787;-0.376851;0.595714;-0.433016;0.469515;-0.495326;0.566491;-0.461840;0.662816;0.047910;0.747242;0.002976;0.306573;0.487746;0.742606;0.341545;0.184458;0.695580;0.552731;0.420277;0.297814;0.571233;0.649436;0.404019;-0.072775;0.865807;0.059257;0.491498;0.475936;-0.510158;0.633029;-0.335407;0.475936;-0.510158;0.633029;-0.335407;0.573706;0.086883;0.808355;0.099369;0.335407;0.633029;0.510158;0.475936;0.573706;0.086883;0.808355;0.099369;0.475936;-0.510158;0.633029;-0.335407
31333544;1;0.491465;-0.483519;0.663470;-0.290653;0.492571;-0.480983;0.665311;-0.288775;0.504976;-0.457396;0.664121;-0.307785;0.528032;-0.402665;0.698662;-0.266298;0.832041;-0.470310;0.169674;0.240263;0.716136;-0.270889;-0.143791;0.626971;-0.178377;-0.261102;0.160880;0.934947;0.550059;0.256867;-0.274742;-0.745634;-0.140572;-0.355119;0.123912;0.915847;-0.140572;-0.355119;0.123912;0.915847;0.102929;0.674963;-0.571760;-0.454886;0.512793;0.854261;-0.045173;-0.072395;0.444498;0.679503;-0.531141;-0.242049;-0.450653;0.055071;0.860698;-0.230386;-0.226018;0.567556;0.640348;-0.465565;0.512595;0.216214;-0.827899;0.071283;0.512595;0.216214;-0.827899;0.071283;0.578063;0.351822;-0.210187;0.705610;-0.363885;0.564169;-0.410547;0.617051;0.568414;-0.369530;0.591867;-0.435943;0.446046;-0.523568;0.536662;-0.488787;0.665154;0.006650;0.745971;-0.032448;0.319733;0.454999;0.767883;0.317965;0.168456;0.721061;0.526036;0.418306;0.294613;0.575431;0.656919;0.387993;-0.063749;0.873977;0.061560;0.477818;0.466924;-0.524942;0.634959;-0.321317;0.466924;-0.524942;0.634959;-0.321317;0.557371;0.077794;0.820174;0.102960;0.321317;0.634959;0.524942;0.466924;0.557371;0.077794;0.820174;0.102960;0.466924;-0.524942;0.634959;-0.321317
31366888;1;0.498501;-0.481807;0.666489;-0.274138;0.501606;-0.474148;0.671960;-0.268414;0.508218;-0.449255;0.665703;-0.311005;0.531521;-0.394423;0.699587;-0.269247;0.844287;-0.473880;0.167787;0.185645;0.682665;-0.301231;-0.123610;0.654178;-0.201010;-0.262804;0.192234;0.923891;0.555741;0.165978;-0.284491;-0.763327;-0.296311;-0.244873;0.220275;0.896502;-0.296311;-0.244873;0.220275;0.896502;0.179087;0.641814;-0.571665;-0.478751;0.503070;0.861399;-0.024195;-0.065772;0.448412;0.684244;-0.526638;-0.231062;-0.447939;0.033513;0.862794;-0.231977;-0.255082;0.532880;0.653994;-0.472508;0.525695;0.156702;-0.828923;0.109433;0.525695;0.156702;-0.828923;0.109433;0.619615;0.267298;-0.222682;0.703592;-0.337921;0.571355;-0.379418;0.644519;0.589583;-0.342669;0.594148;-0.426565;0.458970;-0.512789;0.532726;-0.492541;0.676910;0.011560;0.735515;-0.026029;0.351873;0.422198;0.774896;0.312202;0.172776;0.726975;0.500188;0.437571;0.271947;0.593706;0.649591;0.389346;-0.080900;0.881702;0.043587;0.462771;0.476602;-0.535677;0.613945;-0.330110;0.476602;-0.535677;0.613945;-0.330110;0.570431;0.055344;0.812905;0.103585;0.330110;0.613945;0.535677;0.476602;0.570431;0.055344;0.812905;0.103585;0.476602;-0.535677;0.613945;-0.330110
31400211;1;0.499970;-0.477088;0.659137;-0.296575;0.507918;-0.458823;0.671978;-0.282746;0.528364;-0.435069;0.663809;-0.301504;0.550841;-0.380435;0.696560;-0.258161;0.853644;-0.455909;0.142109;0.207950;0.683898;-0.310753;-0.099774;0.652504;-0.190652;-0.249354;0.210582;0.925813;0.629537;0.239800;-0.353650;-0.648930;0.017280;-0.419947;0.078847;0.903952;0.017280;-0.419947;0.078847;0.903952;-0.303038;-0.618641;0.659904;0.299963;0.486143;0.871176;-0.045249;-0.051661;0.437306;0.685055;-0.537110;-0.225780;-0.437015;0.042311;0.869481;-0.226342;-0.298921;0.549401;0.590945;-0.509498;0.581127;0.089242;-0.801931;0.105990;0.581127;0.089242;-0.801931;0.105990;0.605372;0.297884;-0.199965;0.710496;-0.314392;0.579369;-0.356199;0.662277;0.597107;-0.332624;0.593246;-0.425304;0.466480;-0.503470;0.530981;-0.496964;0.685310;0.016953;0.727662;-0.023904;0.365708;0.395953;0.788177;0.297079;0.165816;0.739694;0.480429;0.441073;0.276354;0.596567;0.645141;0.389269;-0.077747;0.880617;0.038395;0.465827;0.467580;-0.531569;0.633244;-0.312738;0.467580;-0.531569;0.633244;-0.312738;0.551768;0.071895;0.823647;0.109490;0.312738;0.633244;0.531569;0.467580;0.551768;0.071895;0.823647;0.109490;0.467580;-0.531569;0.633244;-0.312738
31433555;1;0.501515;-0.481174;0.659065;-0.287382;0.509749;-0.461583;0.672931;-0.272509;0.524298;-0.427312;0.673863;-0.297362;0.546456;-0.371897;0.705961;-0.254360;0.858612;-0.446643;0.149603;0.202276;0.694654;-0.300511;-0.119435;0.642560;-0.174586;-0.260991;0.190932;0.930026;0.602744;0.278907;-0.340806;-0.665403;-0.084638;-0.427410;0.106106;0.893811;-0.084638;-0.427410;0.106106;0.893811;0.222803;0.681480;-0.608741;-0.339675;0.476202;0.876645;-0.033176;-0.060198;0.450203;0.670498;-0.543859;-0.227962;-0.444657;0.062022;0.861106;-0.238599;-0.258354;0.568354;0.602489;-0.497226;0.553025;0.143061;-0.815814;0.090242;0.553025;0.143061;-0.815814;0.090242;0.600567;0.334742;-0.194732;0.699533;-0.298020;0.581186;-0.338685;0.677274;0.609022;-0.317160;0.593237;-0.420204;0.462400;-0.511181;0.521007;-0.503420;0.686956;0.004412;0.726011;-0.031289;0.372883;0.378318;0.796820;0.287942;0.158439;0.748721;0.466280;0.443730;0.269516;0.596771;0.650695;0.384477;-0.079205;0.884625;0.042202;0.457585;0.483335;-0.529856;0.614431;-0.328807;0.483335;-0.529856;0.614431;-0.328807;0.574271;0.059804;0.809133;0.109267;0.328807;0.614431;0.529856;0.483335;0.574271;0.059804;0.809133;0.109267;0.483335;-0.529856;0.614431;-0.328807
31466877;1;0.502327;-0.476938;0.662257;-0.285682;0.513312;-0.450168;0.680736;-0.265437;0.531654;-0.432165;0.664948;-0.297357;0.553788;-0.377449;0.697463;-0.253765;0.857103;-0.451612;0.148100;0.198717;0.692444;-0.312171;-0.123674;0.638573;-0.151126;-0.275261;0.192296;0.929739;0.577972;0.273838;-0.344073;-0.687441;-0.113126;-0.416614;0.140733;0.890971;-0.113126;-0.416614;0.140733;0.890971;0.119735;0.706088;-0.590682;-0.371749;0.480339;0.874644;-0.042076;-0.050017;0.459281;0.672063;-0.540054;-0.213855;-0.443115;0.041380;0.861170;-0.245605;-0.267180;0.547531;0.608206;-0.508832;0.563568;0.128017;-0.808280;0.112633;0.563568;0.128017;-0.808280;0.112633;0.615027;0.272202;-0.191568;0.714808;-0.277167;0.589862;-0.322536;0.686449;0.612831;-0.309865;0.596649;-0.415248;0.465344;-0.508322;0.523456;-0.501057;0.687378;0.008187;0.725731;-0.027559;0.380468;0.358874;0.807224;0.273574;0.155922;0.755866;0.457184;0.441970;0.261496;0.598973;0.656695;0.376301;-0.079126;0.890347;0.044911;0.446098;0.464178;-0.545883;0.632696;-0.293678;0.464178;-0.545883;0.632696;-0.293678;0.535885;0.061386;0.833381;0.120561;0.293678;0.632696;0.545883;0.464178;0.535885;0.061386;0.833381;0.120561;0.464178;-0.545883;0.632696;-0.293678
31500222;1;0.500963;-0.474453;0.665668;-0.284283;0.512593;-0.445731;0.685233;-0.262733;0.539546;-0.409357;0.679147;-0.282976;0.560501;-0.353576;0.709788;-0.238797;0.875937;-0.427521;0.142010;0.172606;0.693666;-0.309134;-0.138823;0.635604;-0.137139;-0.288321;0.178064;0.930783;0.574919;0.278579;-0.341577;-0.689338;-0.215483;-0.399924;0.185316;0.871370;-0.215483;-0.399924;0.185316;0.871370;0.256859;0.666295;-0.611401;-0.340975;0.451355;0.889773;-0.027806;-0.061711;0.448625;0.670686;-0.551489;-0.211605;-0.437119;0.043764;0.867204;-0.234453;-0.279377;0.550885;0.604006;-0.503638;0.565172;0.106999;-0.810462;0.110829;0.565172;0.106999;-0.810462;0.110829;0.643851;0.233903;-0.197007;0.701380;-0.259502;0.599778;-0.309458;0.690768;0.614680;-0.305276;0.601952;-0.408202;0.465848;-0.507112;0.522747;-0.502552;0.688782;0.008541;0.724367;-0.028267;0.391129;0.337267;0.814621;0.263935;0.153796;0.759433;0.447842;0.446146;0.262358;0.610196;0.640588;0.385326;-0.084983;0.887013;0.025605;0.453134;0.479008;-0.533267;0.619500;-0.319996;0.479008;-0.533267;0.619500;-0.319996;0.564981;0.060976;0.815130;0.112439;0.319996;0.619500;0.533267;0.479008;0.564981;0.060976;0.815130;0.112439;0.479008;-0.533267;0.619500;-0.319996
31533544;1;0.501926;-0.483147;0.656114;-0.290094;0.522460;-0.432054;0.690829;-0.251237;0.537154;-0.402887;0.685042;-0.282605;0.558087;-0.346653;0.715144;-0.238619;0.869836;-0.415168;0.150699;0.219797;0.692711;-0.300377;-0.154657;0.637186;-0.175455;-0.289926;0.173460;0.924700;0.613403;0.267142;-0.332276;-0.664804;-0.237582;-0.390296;0.171586;0.872801;-0.237582;-0.390296;0.171586;0.872801;-0.388509;-0.601972;0.644057;0.268107;0.451057;0.887229;-0.085654;-0.045109;0.449811;0.660417;-0.549509;-0.244047;-0.456545;0.076427;0.855728;-0.231206;-0.304960;0.566644;0.568097;-0.513011;0.581649;0.019635;-0.802143;0.133662;0.581649;0.019635;-0.802143;0.133662;0.645487;0.257349;-0.190380;0.693451;-0.244171;0.603902;-0.296756;0.698297;0.620448;-0.296043;0.604288;-0.402789;-0.450776;0.526341;-0.508033;0.511536;0.684440;-0.015566;0.727505;-0.045127;0.393500;0.317777;0.824391;0.254076;0.143077;0.768640;0.435587;0.446077;0.290470;0.594007;0.644088;0.384621;-0.064446;0.878098;0.039372;0.472483;0.507526;-0.522447;0.608008;-0.315899;0.507526;-0.522447;0.608008;-0.315899;0.582249;0.060501;0.799353;0.135501;0.315899;0.608008;0.522447;0.507526;0.582249;0.060501;0.799353;0.135501;0.507526;-0.522447;0.608008;-0.315899
31566888;1;0.500545;-0.473785;0.668186;-0.280196;0.519115;-0.425321;0.700033;-0.244079;0.540976;-0.405762;0.677872;-0.288431;0.562364;-0.350095;0.708228;-0.244119;0.876219;-0.428106;0.120546;0.185565;0.686180;-0.307137;-0.158033;0.640195;-0.141523;-0.303748;0.164453;0.927720;0.597339;0.293463;-0.350131;-0.659146;-0.085544;-0.444475;0.105614;0.885421;-0.085544;-0.444475;0.105614;0.885421;0.201298;0.706517;-0.591025;-0.333169;0.454653;0.887220;-0.056803;-0.053897;0.447057;0.658537;-0.562341;-0.224147;-0.443547;0.069981;0.863134;-0.231015;-0.302926;0.564289;0.573187;-0.511146;0.584568;0.062868;-0.801881;0.106367;0.584568;0.062868;-0.801881;0.106367;0.664940;0.192418;-0.190074;0.696205;-0.236997;0.607564;-0.297450;0.697296;0.622955;-0.285084;0.613500;-0.392774;-0.430307;0.547441;-0.492666;0.521942;0.677277;-0.041488;0.731515;-0.066789;0.385160;0.302511;0.836289;0.246495;0.131222;0.774815;0.436455;0.438119;0.280227;0.593271;0.653277;0.377797;-0.066872;0.883976;0.046428;0.460390;0.452440;-0.554578;0.624461;-0.312714;0.452440;-0.554578;0.624461;-0.312714;0.541045;0.049415;0.833707;0.098801;0.312714;0.624461;0.554578;0.452440;0.541045;0.049415;0.833707;0.098801;0.452440;-0.554578;0.624461;-0.312714
31600211;1;0.488093;-0.469017;0.673692;-0.296525;0.510771;-0.412177;0.709893;-0.255490;0.535378;-0.392166;0.692413;-0.283090;0.556356;-0.335377;0.721632;-0.239245;0.880252;-0.411344;0.123117;0.201975;0.709937;-0.290248;-0.162236;0.620826;-0.128755;-0.295010;0.153405;0.934269;0.577520;0.307747;-0.337019;-0.676890;-0.185030;-0.431183;0.149572;0.870329;-0.185030;-0.431183;0.149572;0.870329;0.152802;0.711556;-0.586166;-0.356017;0.444466;0.889870;-0.064282;-0.080311;0.450442;0.656310;-0.558911;-0.232333;-0.452765;0.066246;0.859497;-0.227773;-0.312668;0.558146;0.571106;-0.514343;0.589754;0.039314;-0.797587;0.120418;0.589754;0.039314;-0.797587;0.120418;0.659291;0.211682;-0.187984;0.696554;-0.241486;0.616971;-0.303120;0.684946;0.620634;-0.285591;0.625313;-0.377140;-0.442457;0.536051;-0.506311;0.510421;0.677785;-0.023697;0.733165;-0.050153;0.366974;0.295190;0.846737;0.247445;0.114204;0.778817;0.444395;0.427685;0.271601;0.600622;0.648549;0.380618;-0.075032;0.885841;0.037942;0.456306;0.480508;-0.540541;0.604297;-0.334294;0.480508;-0.540541;0.604297;-0.334294;0.576152;0.045083;0.809523;0.103389;0.334294;0.604297;0.540541;0.480508;0.576152;0.045083;0.809523;0.103389;0.480508;-0.540541;0.604297;-0.334294
31633555;1;0.489356;-0.468819;0.671112;-0.300579;0.514642;-0.405904;0.710932;-0.254874;0.527799;-0.397815;0.693072;-0.287791;0.549178;-0.340954;0.722741;-0.244538;0.872881;-0.416532;0.120134;0.223938;0.714921;-0.275620;-0.154483;0.623744;-0.140908;-0.278543;0.149148;0.938250;0.529948;0.341644;-0.302890;-0.714627;-0.165108;-0.439555;0.123507;0.874229;-0.165108;-0.439555;0.123507;0.874229;0.193190;0.702725;-0.574421;-0.372688;0.457498;0.880285;-0.087431;-0.090271;0.444599;0.668393;-0.552413;-0.224550;-0.442733;0.055031;0.865379;-0.228209;-0.387605;0.514292;0.580675;-0.498079;0.623283;0.020808;-0.775401;0.099189;0.623283;0.020808;-0.775401;0.099189;0.664245;0.192664;-0.204082;0.692827;-0.234875;0.621367;-0.295957;0.686401;0.626057;-0.277446;0.629886;-0.366497;-0.443332;0.536922;-0.502278;0.512727;0.680018;-0.027163;0.730905;-0.051152;0.338987;0.293573;0.860880;0.240393;0.092956;0.792228;0.446788;0.405110;0.284755;0.585250;0.667385;0.361930;-0.052392;0.888170;0.062008;0.452287;0.490157;-0.521469;0.624650;-0.312456;0.490157;-0.521469;0.624650;-0.312456;0.567533;0.072960;0.810429;0.125653;0.312456;0.624650;0.521469;0.490157;0.567533;0.072960;0.810429;0.125653;0.490157;-0.521469;0.624650;-0.312456
31666877;1;0.481287;-0.464247;0.680226;-0.300216;0.506255;-0.401420;0.719094;-0.255876;0.522110;-0.402744;0.694473;-0.287933;0.543519;-0.345755;0.724533;-0.245136;0.874896;-0.422014;0.113892;0.208543;0.719809;-0.281708;-0.151992;0.615966;-0.105714;-0.283919;0.147820;0.941469;0.555481;0.321499;-0.338660;-0.688033;-0.152228;-0.445382;0.140312;0.871076;-0.152228;-0.445382;0.140312;0.871076;0.239212;0.710761;-0.570211;-0.335343;0.456755;0.881465;-0.042435;-0.112219;0.461570;0.653708;-0.560924;-0.212093;-0.451442;0.039035;0.860492;-0.232874;-0.336989;0.530405;0.560503;-0.539394;0.610555;-0.022616;-0.771350;0.178129;0.610555;-0.022616;-0.771350;0.178129;0.656827;0.178804;-0.160899;0.714646;-0.229879;0.622675;-0.293857;0.687807;0.629092;-0.269622;0.633582;-0.360722;-0.446725;0.533635;-0.506010;0.509533;0.680175;-0.022174;0.731236;-0.046524;0.324957;0.282977;0.871694;0.233403;0.079925;0.799907;0.447238;0.392095;0.244518;0.604978;0.669981;0.354031;-0.075467;0.903804;0.050091;0.418251;0.485666;-0.532261;0.617368;-0.315727;0.485666;-0.532261;0.617368;-0.315727;0.566670;0.060180;0.812911;0.120165;0.315727;0.617368;0.532261;0.485666;0.566670;0.060180;0.812911;0.120165;0.485666;-0.532261;0.617368;-0.315727
31700222;1;0.486155;-0.458047;0.679483;-0.303562;0.511220;-0.395818;0.717518;-0.259134;0.521890;-0.396616;0.698984;-0.285918;0.543137;-0.339284;0.728538;-0.243145;0.878523;-0.416160;0.110421;0.206917;0.711374;-0.286640;-0.158102;0.621923;-0.125114;-0.290187;0.151495;0.936583;0.602742;0.304704;-0.352194;-0.647933;-0.191405;-0.441135;0.149280;0.863990;-0.191405;-0.441135;0.149280;0.863990;0.516478;0.558209;-0.639713;-0.111449;0.451416;0.881824;-0.041038;-0.130100;0.464338;0.647468;-0.561360;-0.223719;-0.462419;0.042796;0.855867;-0.227660;-0.335505;0.532580;0.564735;-0.533732;0.589851;-0.083065;-0.771794;0.222507;0.589851;-0.083065;-0.771794;0.222507;0.650390;0.220217;-0.169648;0.706907;-0.221678;0.623490;-0.290235;0.691290;0.633590;-0.258062;0.637516;-0.354317;-0.450885;0.531672;-0.511704;0.502182;0.677961;-0.016723;0.733904;-0.038407;0.328492;0.273843;0.872854;0.235008;0.072036;0.804529;0.435366;0.397493;0.244994;0.601289;0.671803;0.356525;-0.076862;0.902480;0.053992;0.420365;0.496679;-0.521209;0.606927;-0.336587;0.496679;-0.521209;0.606927;-0.336587;0.589208;0.060612;0.797713;0.113202;0.336587;0.606927;0.521209;0.496679;0.589208;0.060612;0.797713;0.113202;0.496679;-0.521209;0.606927;-0.336587
31733555;1;0.503146;-0.440350;0.675816;-0.310175;0.526490;-0.384498;0.709081;-0.268650;0.531094;-0.388660;0.694565;-0.290623;0.552690;-0.331709;0.723496;-0.247097;0.887348;-0.418412;0.093628;0.169642;0.692880;-0.298436;-0.147205;0.639675;-0.120578;-0.292779;0.158158;0.935269;0.579416;0.327060;-0.358292;-0.654932;-0.269365;-0.443002;0.197713;0.831926;-0.269365;-0.443002;0.197713;0.831926;0.277751;0.672613;-0.627431;-0.277086;0.444109;0.885859;-0.026039;-0.131691;0.460505;0.641991;-0.567692;-0.231318;-0.466510;0.049321;0.855567;-0.218956;-0.340670;0.537761;0.561050;-0.529131;0.566073;-0.167767;-0.758827;0.274948;0.566073;-0.167767;-0.758827;0.274948;0.700559;0.164736;-0.161453;0.675287;-0.201835;0.620480;-0.271649;0.707442;0.642486;-0.247506;0.630537;-0.358294;-0.462415;0.520643;-0.515536;0.499325;0.684097;-0.006140;0.728815;-0.028314;0.339944;0.262430;0.871799;0.235658;0.063737;0.812427;0.410863;0.408768;0.236372;0.610808;0.661882;0.364628;-0.088771;0.902250;0.040314;0.420048;0.496261;-0.523665;0.596352;-0.351944;0.496261;-0.523665;0.596352;-0.351944;0.599771;0.051398;0.791972;0.102048;0.351944;0.596352;0.523665;0.496261;0.599771;0.051398;0.791972;0.102048;0.496261;-0.523665;0.596352;-0.351944
31766888;1;0.504643;-0.438180;0.672612;-0.317690;0.527696;-0.384861;0.704479;-0.277719;0.530569;-0.389501;0.693374;-0.293289;0.552380;-0.332642;0.722376;-0.249797;0.884283;-0.419899;0.095498;0.180580;0.702707;-0.294014;-0.125594;0.635598;-0.098640;-0.274864;0.163303;0.942365;0.608163;0.291467;-0.384112;-0.630589;-0.056644;-0.470652;0.104796;0.874240;-0.056644;-0.470652;0.104796;0.874240;-0.023765;0.734911;-0.597684;-0.319553;0.449022;0.883590;-0.043595;-0.125489;0.456470;0.646902;-0.561282;-0.241072;-0.473488;0.033805;0.855790;-0.205644;-0.443561;0.455053;0.583281;-0.505929;0.661352;0.002537;-0.739786;0.123789;0.661352;0.002537;-0.739786;0.123789;0.677073;0.192620;-0.181933;0.686564;-0.197348;0.611466;-0.268180;0.717804;0.652111;-0.234179;0.625316;-0.359014;-0.469285;0.516437;-0.515074;0.497758;0.687848;-0.003448;0.725502;-0.022376;0.324583;0.256387;0.880685;0.230881;0.047932;0.823759;0.403368;0.395496;0.219063;0.628932;0.653420;0.359859;-0.097812;0.909066;0.021595;0.404433;0.459456;-0.543174;0.617094;-0.336240;0.459456;-0.543174;0.617094;-0.336240;0.562643;0.052269;0.820433;0.087127;0.336240;0.617094;0.543174;0.459456;0.562643;0.052269;0.820433;0.087127;0.459456;-0.543174;0.617094;-0.336240
31800200;1;0.500872;-0.446360;0.677358;-0.301789;0.522362;-0.393582;0.709327;-0.262844;0.525394;-0.405040;0.693083;-0.282030;0.546318;-0.348155;0.723332;-0.238989;0.877197;-0.420239;0.100099;0.209536;0.718315;-0.269752;-0.141849;0.625409;-0.114845;-0.268741;0.143756;0.945475;0.533787;0.354370;-0.320652;-0.697621;-0.141447;-0.463742;0.115497;0.866947;-0.141447;-0.463742;0.115497;0.866947;-0.002943;0.731957;-0.565006;-0.380788;0.455695;0.880505;-0.037792;-0.125001;0.447177;0.669857;-0.542814;-0.238070;-0.463727;0.011905;0.862098;-0.203964;-0.445519;0.451323;0.626615;-0.452962;0.626866;0.004599;-0.772216;0.103438;0.626866;0.004599;-0.772216;0.103438;0.707519;0.168949;-0.232094;0.645760;-0.188690;0.602237;-0.258997;0.731182;0.668529;-0.212473;0.620221;-0.351071;0.487168;-0.496725;0.514127;-0.501603;0.703161;0.009924;0.710850;-0.012574;0.316575;0.251561;0.885100;0.230422;0.036811;0.830060;0.397030;0.389888;0.222629;0.621820;0.662019;0.354269;-0.091278;0.910064;0.032670;0.402969;0.437101;-0.537144;0.638218;-0.336298;0.437101;-0.537144;0.638218;-0.336298;0.546876;0.071470;0.831107;0.071278;0.336298;0.638218;0.537144;0.437101;0.546876;0.071470;0.831107;0.071278;0.437101;-0.537144;0.638218;-0.336298
31833555;1;0.505179;-0.434114;0.675907;-0.315419;0.530413;-0.374433;0.710707;-0.270847;0.529191;-0.393121;0.692170;-0.293791;0.551047;-0.336348;0.721467;-0.250408;0.879091;-0.421048;0.091749;0.203715;0.710440;-0.271056;-0.119055;0.638459;-0.131782;-0.250315;0.158074;0.946038;0.549203;0.358128;-0.331245;-0.678526;-0.140023;-0.475308;0.109823;0.861635;-0.140023;-0.475308;0.109823;0.861635;-0.147492;0.695452;-0.597042;-0.371664;0.454499;0.879319;-0.052716;-0.132099;0.466437;0.636472;-0.555134;-0.262993;-0.493574;0.049009;0.843130;-0.207640;-0.397919;0.486858;0.593863;-0.501953;0.625718;-0.001371;-0.767920;0.137018;0.625718;-0.001371;-0.767920;0.137018;0.677805;0.191633;-0.194528;0.682653;-0.182287;0.601495;-0.250504;0.736358;0.672549;-0.210497;0.616676;-0.350827;0.491953;-0.494114;0.512638;-0.501034;0.706138;0.010749;0.707938;-0.008803;0.319993;0.241919;0.886718;0.229805;0.031005;0.833506;0.387307;0.392810;0.229197;0.617563;0.663192;0.355332;-0.087341;0.907899;0.036478;0.408362;0.459880;-0.534487;0.629018;-0.327368;0.459880;-0.534487;0.629018;-0.327368;0.556668;0.066843;0.822723;0.093700;0.327368;0.629018;0.534487;0.459880;0.556668;0.066843;0.822723;0.093700;0.459880;-0.534487;0.629018;-0.327368
31866877;1;0.504046;-0.431086;0.676467;-0.320148;0.526921;-0.378423;0.707276;-0.280911;0.531253;-0.386437;0.696234;-0.289301;0.552742;-0.329359;0.724981;-0.245766;0.884817;-0.413704;0.094268;0.192513;0.691459;-0.300546;-0.141437;0.641523;-0.109217;-0.291653;0.158968;0.936877;-0.497147;-0.350667;0.319883;0.726328;-0.233790;-0.435663;0.188390;0.848557;-0.233790;-0.435663;0.188390;0.848557;0.003433;0.692590;-0.605332;-0.392275;0.445036;0.882712;-0.043743;-0.144388;0.481316;0.620482;-0.563788;-0.255893;0.500518;-0.052543;-0.836716;0.215936;-0.375326;0.509246;0.569634;-0.524706;0.619705;-0.046784;-0.762644;0.179309;0.619705;-0.046784;-0.762644;0.179309;0.676077;0.192463;-0.171138;0.690355;-0.165316;0.603949;-0.246866;0.739577;0.671039;-0.202249;0.620358;-0.352077;0.498090;-0.495379;0.532058;-0.472673;0.690586;0.023676;0.722695;0.015569;0.302332;0.233156;0.895638;0.228180;0.018275;0.837370;0.394067;0.378404;0.219406;0.622533;0.664929;0.349547;-0.090232;0.912586;0.034227;0.397332;0.447787;-0.562190;0.621449;-0.311819;0.447787;-0.562190;0.621449;-0.311819;0.537122;0.041902;0.836959;0.096144;0.311819;0.621449;0.562190;0.447787;0.537122;0.041902;0.836959;0.096144;0.447787;-0.562190;0.621449;-0.311819
31900222;1;0.500963;-0.432397;0.676158;-0.323852;0.526717;-0.373258;0.710517;-0.280023;0.533697;-0.385435;0.699317;-0.278500;0.554312;-0.328113;0.727974;-0.234804;0.886432;-0.404070;0.087626;0.208055;0.701936;-0.294241;-0.142290;0.632820;-0.105914;-0.286984;0.156411;0.939126;0.528484;0.328627;-0.330452;-0.709585;-0.234269;-0.426295;0.188326;0.853185;-0.234269;-0.426295;0.188326;0.853185;-0.045361;0.689065;-0.612077;-0.385347;0.437424;0.886332;-0.038092;-0.147053;0.474299;0.626359;-0.556338;-0.270561;0.507633;-0.042860;-0.836661;0.201175;-0.389566;0.493364;0.588396;-0.508547;0.619349;-0.029958;-0.767281;0.163674;0.619349;-0.029958;-0.767281;0.163674;0.695315;0.218725;-0.182278;0.659903;-0.155943;0.601600;-0.228014;0.749512;0.683866;-0.195681;0.612924;-0.344037;0.540971;-0.444112;0.548090;-0.457944;0.710483;0.071575;0.697824;0.055971;0.302354;0.212650;0.900575;0.228751;0.007329;0.839181;0.389842;0.379137;0.191507;0.665524;0.621113;0.366908;-0.122625;0.912208;-0.026968;0.390016;0.432249;-0.570148;0.621063;-0.319958;0.432249;-0.570148;0.621063;-0.319958;0.531891;0.036002;0.842313;0.079402;0.319958;0.621063;0.570148;0.432249;0.531891;0.036002;0.842313;0.079402;0.432249;-0.570148;0.621063;-0.319958
31933544;1;0.503074;-0.447205;0.661702;-0.330265;0.538257;-0.366721;0.709476;-0.269143;0.540450;-0.386023;0.697357;-0.269431;0.560316;-0.328856;0.726068;-0.225222;0.885559;-0.397022;0.084589;0.225839;0.685986;-0.305355;-0.148459;0.643539;-0.130356;-0.297344;0.163916;0.931518;0.509044;0.287614;-0.299774;-0.753849;-0.295605;-0.355647;0.214713;0.860251;-0.295605;-0.355647;0.214713;0.860251;0.003945;0.693327;-0.575440;-0.433763;0.434330;0.887058;-0.044329;-0.150070;0.491957;0.614637;-0.554900;-0.268859;0.516923;-0.050654;-0.826515;0.217019;-0.348384;0.523246;0.569955;-0.529144;0.605861;-0.039292;-0.772717;0.185195;0.605861;-0.039292;-0.772717;0.185195;0.659093;0.232593;-0.171935;0.694215;-0.139286;0.595299;-0.224461;0.758838;0.687223;-0.183619;0.609181;-0.350581;0.550095;-0.432875;0.559972;-0.443223;0.706583;0.088016;0.698356;0.072752;0.298060;0.214567;0.902119;0.226502;0.001945;0.846193;0.379158;0.374422;0.213681;0.666132;0.615168;0.363561;-0.104553;0.908532;-0.031722;0.403277;0.422048;-0.536054;0.650031;-0.334637;0.422048;-0.536054;0.650031;-0.334637;0.535057;0.080594;0.838688;0.061809;0.334637;0.650031;0.536054;0.422048;0.535057;0.080594;0.838688;0.061809;0.422048;-0.536054;0.650031;-0.334637
31966888;1;0.493671;-0.458111;0.678145;-0.294182;0.517738;-0.396386;0.715978;-0.249402;0.529806;-0.396599;0.699490;-0.269680;0.549727;-0.339227;0.729042;-0.226325;0.887344;-0.405920;0.078244;0.204273;0.693228;-0.293720;-0.147278;0.641461;-0.122855;-0.289940;0.154586;0.936453;-0.493301;-0.343657;0.301866;0.739886;-0.171873;-0.433141;0.147010;0.872489;-0.171873;-0.433141;0.147010;0.872489;-0.008239;0.680063;-0.604855;-0.414242;0.440648;0.884635;-0.024803;-0.150450;0.480639;0.621875;-0.548379;-0.285549;0.518694;-0.058240;-0.827077;0.208586;-0.433565;0.487432;0.631751;-0.418716;0.595764;-0.033124;-0.797246;0.091471;0.595764;-0.033124;-0.797246;0.091471;0.682717;0.187262;-0.278775;0.648934;-0.112760;0.587961;-0.223950;0.769047;0.698114;-0.147645;0.611644;-0.341657;0.583015;-0.387896;0.590688;-0.400897;0.700047;0.141873;0.688484;0.125677;0.285947;0.204777;0.911047;0.215161;-0.007396;0.858928;0.366238;0.357851;0.176393;0.683854;0.616829;0.347492;-0.119777;0.922062;-0.042936;0.365530;0.459657;-0.532297;0.619056;-0.349493;0.459657;-0.532297;0.619056;-0.349493;0.572155;0.061348;0.814129;0.077898;0.349493;0.619056;0.532297;0.459657;0.572155;0.061348;0.814129;0.077898;0.459657;-0.532297;0.619056;-0.349493
32000211;1;0.493673;-0.458064;0.678188;-0.294153;0.517782;-0.396208;0.716087;-0.249281;0.529876;-0.396304;0.699713;-0.269398;0.549774;-0.338915;0.729241;-0.226038;0.887512;-0.405481;0.078233;0.204417;0.693262;-0.293368;-0.147254;0.641591;-0.123118;-0.289688;0.154367;0.936533;-0.494141;-0.342934;0.301907;0.739644;-0.173769;-0.432316;0.147835;0.872383;-0.173769;-0.432316;0.147835;0.872383;-0.004894;0.679655;-0.605406;-0.414160;0.440248;0.884785;-0.024805;-0.150739;0.480375;0.621999;-0.548212;-0.286042;0.518892;-0.058167;-0.827065;0.208162;-0.433354;0.487813;0.631316;-0.419146;0.595765;-0.034331;-0.797084;0.092426;0.595765;-0.034331;-0.797084;0.092426;0.683555;0.187013;-0.278107;0.648410;-0.112702;0.587976;-0.223892;0.769061;0.698080;-0.147726;0.611617;-0.341740;0.582873;-0.388312;0.590747;-0.400613;0.699749;0.141620;0.688821;0.125780;0.285909;0.204819;0.911067;0.215086;-0.007349;0.858961;0.366235;0.357777;0.176715;0.683793;0.616851;0.347411;-0.119490;0.922034;-0.042879;0.365699;0.461707;-0.529917;0.620111;-0.348535;0.461707;-0.529917;0.620111;-0.348535;0.572928;0.063777;0.813192;0.080025;0.348535;0.620111;0.529917;0.461707;0.572928;0.063777;0.813192;0.080025;0.461707;-0.529917;0.620111;-0.348535
32033555;1;0.494322;-0.455440;0.675402;-0.303402;0.523501;-0.381849;0.719573;-0.249707;0.545330;-0.377169;0.702976;-0.257261;0.564204;-0.319581;0.730958;-0.212701;0.900432;-0.385247;0.079955;0.185512;0.662612;-0.309429;-0.133884;0.668785;-0.133767;-0.293426;0.166050;0.931899;0.532487;0.292103;-0.312489;-0.730400;-0.275451;-0.375631;0.204633;0.860902;-0.275451;-0.375631;0.204633;0.860902;0.074272;0.687659;-0.593510;-0.411527;0.412620;0.904861;-0.027647;-0.101029;0.437105;0.671375;-0.511765;-0.310307;-0.480603;0.131752;0.833840;-0.237429;-0.492372;0.484536;0.604014;-0.397444;0.632765;0.001388;-0.774343;0.000790;0.632765;0.001388;-0.774343;0.000790;0.565708;0.525460;-0.312648;0.553279;-0.086108;0.598175;-0.202537;0.770553;0.687596;-0.165511;0.609506;-0.358218;0.594130;-0.367394;0.624790;-0.348810;0.671277;0.180703;0.698392;0.170243;0.293712;0.182064;0.915787;0.204743;-0.002090;0.857617;0.369122;0.358103;0.134242;0.713890;0.591463;0.350018;-0.151711;0.925358;-0.081911;0.337621;0.416397;-0.549570;0.633403;-0.351266;0.416397;-0.549570;0.633403;-0.351266;0.542820;0.059279;0.836488;0.046054;0.351266;0.633403;0.549570;0.416397;0.542820;0.059279;0.836488;0.046054;0.416397;-0.549570;0.633403;-0.351266
32066877;1;0.503491;-0.438017;0.684718;-0.292914;0.529683;-0.369078;0.724209;-0.242360;0.541928;-0.380552;0.702280;-0.261338;0.561140;-0.323008;0.730536;-0.217038;0.899197;-0.391469;0.088133;0.174441;0.673220;-0.299212;-0.140314;0.661483;-0.105009;-0.295064;0.148839;0.937954;0.531659;0.302312;-0.316243;-0.725215;-0.104296;-0.419031;0.125758;0.893152;-0.104296;-0.419031;0.125758;0.893152;0.134934;0.692851;-0.586627;-0.397012;0.416779;0.902453;-0.016080;-0.107776;0.458320;0.662653;-0.507486;-0.305438;0.506148;-0.063302;-0.832252;0.217172;-0.432941;0.535599;0.560684;-0.459707;0.629814;-0.015365;-0.775239;0.045850;0.629814;-0.015365;-0.775239;0.045850;0.597958;0.494950;-0.252795;0.577551;-0.078020;0.603593;-0.196454;0.768762;0.685140;-0.167577;0.612286;-0.357222;0.588293;-0.373230;0.619679;-0.361398;0.676011;0.172888;0.698852;0.157243;0.299586;0.173237;0.916954;0.198577;0.001773;0.858273;0.366232;0.359498;0.158121;0.695839;0.608722;0.346791;-0.132339;0.924782;-0.057059;0.352149;0.423246;-0.554896;0.632728;-0.335570;0.423246;-0.554896;0.632728;-0.335570;0.536564;0.055035;0.839777;0.061997;0.335570;0.632728;0.554896;0.423246;0.536564;0.055035;0.839777;0.061997;0.423246;-0.554896;0.632728;-0.335570
32100222;1;0.501701;-0.446661;0.679469;-0.295145;0.530682;-0.370546;0.723796;-0.239147;0.541382;-0.380762;0.704767;-0.255400;0.560119;-0.323018;0.733032;-0.211162;0.898692;-0.386289;0.095845;0.184248;0.692142;-0.286415;-0.137029;0.648174;-0.082199;-0.284679;0.140598;0.944687;-0.492864;-0.336777;0.311993;0.739139;-0.139745;-0.436200;0.143136;0.877333;-0.139745;-0.436200;0.143136;0.877333;0.030665;0.705061;-0.581196;-0.405166;0.410997;0.906528;-0.008750;-0.095981;0.443327;0.677225;-0.492910;-0.319166;0.507103;-0.052991;-0.835935;0.203107;0.452290;-0.517308;-0.503491;0.523759;0.692005;0.038472;-0.720854;0.004316;0.692005;0.038472;-0.720854;0.004316;0.538856;0.536230;-0.253111;0.598354;-0.071420;0.593444;-0.195160;0.777583;0.690971;-0.159636;0.604018;-0.363645;0.593051;-0.370865;0.619635;-0.356093;0.675638;0.174575;0.697156;0.164350;0.293340;0.169496;0.919432;0.199669;-0.003391;0.859064;0.368831;0.354910;0.165743;0.713099;0.582678;0.352852;-0.131375;0.918753;-0.087710;0.361857;0.426134;-0.532295;0.651048;-0.333479;0.426134;-0.532295;0.651048;-0.333479;0.537128;0.083971;0.836750;0.065517;0.333479;0.651048;0.532295;0.426134;0.537128;0.083971;0.836750;0.065517;0.426134;-0.532295;0.651048;-0.333479
32133555;1;0.498246;-0.450932;0.680635;-0.291799;0.530142;-0.364468;0.730594;-0.228791;0.543078;-0.386324;0.700600;-0.254912;0.561771;-0.328897;0.729324;-0.210540;0.895949;-0.389392;0.086783;0.195236;0.698166;-0.285287;-0.133620;0.642901;-0.096546;-0.277892;0.148388;0.944159;-0.465349;-0.353012;0.300241;0.754114;-0.146533;-0.440185;0.144912;0.873937;-0.146533;-0.440185;0.144912;0.873937;0.009541;0.694420;-0.587168;-0.415841;0.420209;0.901579;-0.037142;-0.095920;0.446743;0.670751;-0.517544;-0.287510;-0.489729;0.047649;0.845865;-0.205929;-0.466432;0.556505;0.524129;-0.445008;0.628996;0.127424;-0.753772;-0.141262;0.628996;0.127424;-0.753772;-0.141262;0.616746;0.477191;-0.283842;0.557985;-0.058172;0.589995;-0.192893;0.781866;0.689396;-0.156377;0.600754;-0.373328;0.596830;-0.358426;0.630821;-0.342621;0.668818;0.191352;0.696364;0.176476;0.292522;0.165400;0.922223;0.191256;-0.000666;0.863149;0.364374;0.349578;0.166939;0.722678;0.573105;0.348452;-0.127507;0.918799;-0.101276;0.359576;0.440452;-0.529931;0.656606;-0.306665;0.440452;-0.529931;0.656606;-0.306665;0.528292;0.089573;0.839008;0.094602;0.306665;0.656606;0.529931;0.440452;0.528292;0.089573;0.839008;0.094602;0.440452;-0.529931;0.656606;-0.306665
32166888;1;0.498853;-0.453962;0.679411;-0.288904;0.529119;-0.371701;0.727680;-0.228807;0.549531;-0.374801;0.707631;-0.238324;0.566873;-0.316847;0.735408;-0.193488;0.904981;-0.369280;0.084066;0.193843;0.693342;-0.289774;-0.125605;0.647712;-0.107277;-0.273496;0.157941;0.942733;0.501298;0.332952;-0.313174;-0.734687;-0.117260;-0.438235;0.129942;0.881655;-0.117260;-0.438235;0.129942;0.881655;-0.038535;0.690711;-0.597199;-0.405939;0.402005;0.906906;-0.027240;-0.123175;0.455159;0.674742;-0.516141;-0.266744;-0.481947;0.026501;0.849103;-0.214590;0.413703;-0.491466;-0.504907;0.576524;0.705572;0.196777;-0.676571;-0.075484;0.705572;0.196777;-0.676571;-0.075484;0.625011;0.489134;-0.125248;0.595334;-0.053972;0.580232;-0.183980;0.791562;0.698305;-0.153925;0.588967;-0.376557;0.610597;-0.342252;0.613888;-0.364932;0.694177;0.190858;0.672808;0.170355;0.298251;0.157963;0.920904;0.195013;-0.002620;0.859976;0.365238;0.356420;0.171761;0.713429;0.579810;0.354030;-0.127946;0.916997;-0.089999;0.366941;0.403671;-0.534889;0.644433;-0.368307;0.403671;-0.534889;0.644433;-0.368307;0.545871;0.077459;0.833906;0.025006;0.368307;0.644433;0.534889;0.403671;0.545871;0.077459;0.833906;0.025006;0.403671;-0.534889;0.644433;-0.368307
32200200;1;0.495301;-0.457486;0.682384;-0.282375;0.525292;-0.373335;0.731821;-0.221645;0.551201;-0.374249;0.708437;-0.232877;0.568101;-0.316232;0.736168;-0.187924;0.905991;-0.364788;0.085273;0.197073;0.686328;-0.299638;-0.146395;0.646327;-0.119053;-0.294630;0.156230;0.935207;-0.466634;-0.313702;0.283700;0.776761;-0.185841;-0.389438;0.165023;0.886887;-0.185841;-0.389438;0.165023;0.886887;0.038555;0.674523;-0.585988;-0.447382;0.395050;0.911624;-0.015247;-0.112451;0.461340;0.664392;-0.511938;-0.289256;0.502892;-0.032962;-0.838099;0.208813;0.503968;-0.383658;-0.664298;0.396902;0.641182;0.085851;-0.762309;0.020023;0.641182;0.085851;-0.762309;0.020023;0.726062;0.316937;-0.257113;0.553424;-0.044273;0.578383;-0.179147;0.794619;0.697751;-0.153931;0.585649;-0.382706;0.604746;-0.354366;0.618139;-0.355825;0.683673;0.185273;0.684421;0.172723;0.303774;0.153637;0.919911;0.194629;-0.002448;0.859972;0.360874;0.360850;0.168159;0.716333;0.575055;0.357633;-0.133072;0.915710;-0.095390;0.366970;0.398908;-0.549607;0.640779;-0.358060;0.398908;-0.549607;0.640779;-0.358060;0.535257;0.064469;0.841730;0.028884;0.358060;0.640779;0.549607;0.398908;0.535257;0.064469;0.841730;0.028884;0.398908;-0.549607;0.640779;-0.358060
32233555;1;0.495298;-0.457484;0.682389;-0.282373;0.525290;-0.373326;0.731829;-0.221640;0.551187;-0.374237;0.708460;-0.232861;0.568085;-0.316218;0.736190;-0.187909;0.905996;-0.364765;0.085306;0.197079;0.686340;-0.299610;-0.146370;0.646333;-0.119045;-0.294594;0.156220;0.935221;-0.466629;-0.313672;0.283675;0.776785;-0.185855;-0.389397;0.165021;0.886902;-0.185855;-0.389397;0.165021;0.886902;0.038489;0.674501;-0.585987;-0.447422;0.395031;0.911628;-0.015229;-0.112487;0.461311;0.664424;-0.511890;-0.289311;0.502920;-0.032907;-0.838098;0.208758;0.504028;-0.383603;-0.664322;0.396839;0.641193;0.085924;-0.762294;0.019924;0.641193;0.085924;-0.762294;0.019924;0.725979;0.317062;-0.257176;0.553433;-0.044269;0.578382;-0.179158;0.794618;0.697749;-0.153920;0.585654;-0.382708;0.604756;-0.354331;0.618139;-0.355843;0.683692;0.185298;0.684396;0.172717;0.303767;0.153640;0.919916;0.194618;-0.002441;0.859976;0.360877;0.360838;0.168163;0.716314;0.575091;0.357611;-0.133053;0.915722;-0.095351;0.366958;0.398889;-0.549580;0.640846;-0.358002;0.398889;-0.549580;0.640846;-0.358002;0.535202;0.064535;0.841759;0.028911;0.358002;0.640846;0.549580;0.398889;0.535202;0.064535;0.841759;0.028911;0.398889;-0.549580;0.640846;-0.358002
32266888;1;0.491190;-0.467458;0.689311;-0.255079;0.519207;-0.377688;0.742306;-0.191722;0.545697;-0.370456;0.716412;-0.227443;0.562179;-0.311812;0.743813;-0.182950;0.910015;-0.358153;0.088060;0.189325;0.678858;-0.294222;-0.137652;0.658511;-0.129780;-0.284961;0.155922;0.936826;0.532441;0.337574;-0.319415;-0.707477;-0.222258;-0.433902;0.166467;0.857099;-0.222258;-0.433902;0.166467;0.857099;0.026631;0.692456;-0.607369;-0.388458;0.389475;0.911139;-0.007503;-0.134455;0.468135;0.647930;-0.551726;-0.237979;-0.483695;0.004169;0.850998;-0.204508;-0.453460;0.527424;0.553550;-0.458018;0.644296;0.002123;-0.764584;0.017006;0.644296;0.002123;-0.764584;0.017006;0.724871;0.303075;-0.221992;0.577432;-0.034682;0.573240;-0.177536;0.799171;0.705258;-0.139409;0.583735;-0.377398;0.613697;-0.339951;0.608131;-0.371465;0.700948;0.188419;0.667063;0.167919;0.341866;0.129296;0.911352;0.189333;0.015158;0.846545;0.361351;0.390587;0.165141;0.719907;0.554643;0.383189;-0.153311;0.903966;-0.112279;0.383060;0.438535;-0.544353;0.618814;-0.358380;0.438535;-0.544353;0.618814;-0.358380;0.563504;0.052652;0.822483;0.056678;0.358380;0.618814;0.544353;0.438535;0.563504;0.052652;0.822483;0.056678;0.438535;-0.544353;0.618814;-0.358380
32300222;1;0.488379;-0.463882;0.687316;-0.271839;0.519762;-0.369914;0.742127;-0.205567;0.541995;-0.376412;0.715401;-0.229689;0.558669;-0.317829;0.743283;-0.185485;0.903735;-0.361853;0.089977;0.210308;0.687891;-0.294134;-0.127198;0.651239;-0.125569;-0.275263;0.164085;0.938903;0.514781;0.339040;-0.317325;-0.720665;-0.207069;-0.433275;0.167080;0.861092;-0.207069;-0.433275;0.167080;0.861092;-0.020838;0.700581;-0.592958;-0.396426;0.397232;0.908752;-0.018110;-0.126679;0.469571;0.644037;-0.556099;-0.235529;-0.486195;-0.004424;0.850888;-0.198960;-0.449497;0.506104;0.553853;-0.484828;0.659665;0.012028;-0.750167;0.044120;0.659665;0.012028;-0.750167;0.044120;0.702298;0.321783;-0.200869;0.602399;-0.035734;0.572474;-0.176780;0.799841;0.706096;-0.140094;0.582589;-0.377350;0.613898;-0.343613;0.609920;-0.364769;0.696393;0.187110;0.670940;0.172818;0.333424;0.130571;0.915726;0.182277;0.017093;0.850687;0.363135;0.379700;0.133745;0.733688;0.554376;0.369434;-0.165973;0.913375;-0.122101;0.351128;0.443143;-0.542559;0.642369;-0.310831;0.443143;-0.542559;0.642369;-0.310831;0.533140;0.070577;0.837871;0.093559;0.310831;0.642369;0.542559;0.443143;0.533140;0.070577;0.837871;0.093559;0.443143;-0.542559;0.642369;-0.310831
32333544;1;0.488748;-0.463480;0.687153;-0.272272;0.520128;-0.369745;0.741810;-0.206092;0.541953;-0.376442;0.715109;-0.230647;0.558704;-0.317883;0.742994;-0.186443;0.903122;-0.362436;0.090698;0.211624;0.686892;-0.293222;-0.124154;0.653289;-0.129568;-0.271953;0.165634;0.939052;0.523484;0.330725;-0.318594;-0.717693;-0.194930;-0.430141;0.160811;0.866672;-0.194930;-0.430141;0.160811;0.866672;-0.018000;0.699323;-0.594568;-0.396374;0.398269;0.908217;-0.020426;-0.126910;0.471218;0.640543;-0.558491;-0.236104;-0.488221;-0.002500;0.849824;-0.198575;-0.458244;0.509959;0.550781;-0.476020;0.660033;0.008317;-0.750565;0.030654;0.660033;0.008317;-0.750565;0.030654;0.702743;0.326967;-0.210572;0.595739;-0.036504;0.570847;-0.177622;0.800782;0.707680;-0.137950;0.581759;-0.376451;0.615622;-0.342440;0.609335;-0.363944;0.697027;0.187540;0.669694;0.174616;0.337824;0.131198;0.914190;0.181434;0.019928;0.849857;0.361430;0.383033;0.134388;0.731936;0.555725;0.370647;-0.166358;0.913088;-0.119907;0.352444;0.439041;-0.536960;0.643241;-0.324281;0.439041;-0.536960;0.643241;-0.324281;0.539750;0.075152;0.834528;0.081147;0.324281;0.643241;0.536960;0.439041;0.539750;0.075152;0.834528;0.081147;0.439041;-0.536960;0.643241;-0.324281
32366888;1;0.491647;-0.461343;0.685936;-0.273747;0.523213;-0.367716;0.740359;-0.207128;0.544697;-0.373558;0.714358;-0.231196;0.561483;-0.315068;0.742014;-0.186771;0.903534;-0.360889;0.092180;0.211869;0.685627;-0.290341;-0.123857;0.655955;-0.136156;-0.269387;0.164527;0.939054;0.538002;0.334485;-0.321913;-0.703595;-0.139582;-0.447200;0.124580;0.874648;-0.139582;-0.447200;0.124580;0.874648;-0.022264;0.702386;-0.595872;-0.388709;0.397548;0.908134;-0.027593;-0.128398;0.470608;0.632285;-0.564714;-0.244627;-0.495044;0.004005;0.847744;-0.190384;-0.469389;0.519372;0.548016;-0.457827;0.655568;-0.003824;-0.755019;0.012736;0.655568;-0.003824;-0.755019;0.012736;0.712518;0.298037;-0.227689;0.593001;-0.038140;0.567743;-0.177829;0.802863;0.710725;-0.135545;0.579346;-0.375309;0.616795;-0.343662;0.604109;-0.369476;0.701742;0.182972;0.666822;0.171544;0.358382;0.130802;0.905618;0.185224;0.025355;0.844068;0.353173;0.402709;0.122783;0.731011;0.550588;0.383927;-0.183966;0.908821;-0.122799;0.353726;0.445163;-0.532747;0.638600;-0.331964;0.445163;-0.532747;0.638600;-0.331964;0.549512;0.074849;0.828268;0.080044;0.331964;0.638600;0.532747;0.445163;0.549512;0.074849;0.828268;0.080044;0.445163;-0.532747;0.638600;-0.331964
32400211;1;0.500967;-0.436185;0.687373;-0.293757;0.530843;-0.356058;0.732094;-0.235513;0.554112;-0.363511;0.709885;-0.238500;0.571454;-0.305413;0.736750;-0.193296;0.906326;-0.360629;0.097689;0.197426;0.679052;-0.299953;-0.141498;0.654900;-0.132510;-0.290470;0.160063;0.934049;0.517654;0.315255;-0.305366;-0.734439;-0.080773;-0.425738;0.106680;0.894898;-0.080773;-0.425738;0.106680;0.894898;0.035460;0.679340;-0.604571;-0.414408;0.390555;0.913675;-0.027574;-0.109109;0.446905;0.643131;-0.561607;-0.266937;-0.494293;0.003822;0.853819;-0.163259;-0.486427;0.516504;0.553166;-0.436601;0.653608;-0.008737;-0.756764;-0.005309;0.653608;-0.008737;-0.756764;-0.005309;0.713386;0.297585;-0.247839;0.584037;-0.043771;0.579656;-0.176337;0.794348;0.701332;-0.150689;0.586896;-0.375473;0.620106;-0.329596;0.618435;-0.352665;0.692244;0.203128;0.667125;0.185690;0.362769;0.134502;0.900604;0.198041;0.018140;0.840380;0.350525;0.412994;0.134037;0.727758;0.541201;0.399378;-0.186882;0.900012;-0.127155;0.372673;0.453038;-0.524700;0.645866;-0.319850;0.453038;-0.524700;0.645866;-0.319850;0.546514;0.085678;0.827715;0.094178;0.319850;0.645866;0.524700;0.453038;0.546514;0.085678;0.827715;0.094178;0.453038;-0.524700;0.645866;-0.319850
32433555;1;0.505589;-0.433512;0.683904;-0.297862;0.536797;-0.351042;0.729676;-0.237048;0.550991;-0.367290;0.708303;-0.244568;0.568829;-0.309305;0.735476;-0.199595;0.901789;-0.366901;0.111923;0.199083;0.673566;-0.297477;-0.131533;0.663714;-0.131218;-0.282964;0.160388;0.936477;0.506887;0.340597;-0.306476;-0.730158;-0.122902;-0.442240;0.119824;0.880319;-0.122902;-0.442240;0.119824;0.880319;0.077372;0.689694;-0.598754;-0.399788;0.396549;0.911945;-0.027533;-0.101719;0.467478;0.636763;-0.557914;-0.254421;-0.496104;0.014950;0.846470;-0.192735;-0.461101;0.538093;0.549887;-0.442115;0.635171;0.074230;-0.765774;-0.068102;0.635171;0.074230;-0.765774;-0.068102;0.710782;0.304160;-0.246806;0.584262;-0.048584;0.586825;-0.174894;0.789106;0.696872;-0.159610;0.591214;-0.373310;0.608035;-0.347791;0.611737;-0.367577;0.694237;0.185391;0.675186;0.166703;0.369580;0.138782;0.897673;0.195787;0.026258;0.837861;0.350705;0.417499;0.134282;0.713492;0.563063;0.394788;-0.183326;0.905261;-0.101608;0.369555;0.445737;-0.515810;0.664471;-0.306164;0.445737;-0.515810;0.664471;-0.306164;0.531674;0.105119;0.834585;0.098692;0.306164;0.664471;0.515810;0.445737;0.531674;0.105119;0.834585;0.098692;0.445737;-0.515810;0.664471;-0.306164
32466888;1;0.518357;-0.418329;0.680822;-0.304611;0.548579;-0.341310;0.722514;-0.246054;0.556832;-0.352285;0.711406;-0.244408;0.574638;-0.294100;0.737366;-0.198967;0.910143;-0.357722;0.108720;0.178478;0.680332;-0.278224;-0.104554;0.669932;-0.128605;-0.250432;0.160074;0.946108;0.569802;0.314151;-0.331588;-0.683142;-0.056140;-0.449364;0.081938;0.887810;-0.056140;-0.449364;0.081938;0.887810;-0.026632;0.720716;-0.580581;-0.377868;0.382403;0.917892;-0.018834;-0.104340;0.467393;0.635860;-0.556288;-0.260324;-0.495041;0.038071;0.843994;-0.202878;-0.421790;0.518587;0.526930;-0.524886;0.668795;0.170665;-0.719348;-0.078261;0.668795;0.170665;-0.719348;-0.078261;0.670633;0.393888;-0.170265;0.605074;-0.062601;0.586975;-0.176912;0.787556;0.697762;-0.166314;0.590115;-0.370450;0.595687;-0.370575;0.591873;-0.396885;0.706145;0.155062;0.677083;0.137381;0.377700;0.142560;0.892851;0.199589;0.029582;0.833832;0.349511;0.426253;0.142920;0.712372;0.555733;0.404054;-0.183744;0.899378;-0.106020;0.382252;0.441977;-0.523122;0.645493;-0.338139;0.441977;-0.523122;0.645493;-0.338139;0.551626;0.086530;0.826335;0.073424;0.338139;0.645493;0.523122;0.441977;0.551626;0.086530;0.826335;0.073424;0.441977;-0.523122;0.645493;-0.338139
32500222;1;0.513055;-0.424225;0.682594;-0.301450;0.547185;-0.334102;0.730943;-0.233852;0.550773;-0.352334;0.716931;-0.241908;0.568398;-0.293706;0.742877;-0.196960;0.904342;-0.351767;0.117580;0.211190;0.673683;-0.285308;-0.129222;0.669367;-0.157528;-0.270241;0.158331;0.936529;0.547717;0.311283;-0.299568;-0.716497;-0.056611;-0.425315;0.075795;0.900088;-0.056611;-0.425315;0.075795;0.900088;0.081231;0.693922;-0.586504;-0.409740;0.387234;0.913525;-0.051674;-0.113368;0.469653;0.630058;-0.556331;-0.270091;-0.499866;0.059090;0.838442;-0.208941;0.398038;-0.524750;-0.518381;0.545422;0.667928;0.215111;-0.705555;-0.098947;0.667928;0.215111;-0.705555;-0.098947;0.659158;0.413575;-0.150383;0.609797;-0.072140;0.597118;-0.188343;0.776385;0.689283;-0.169138;0.602887;-0.364430;0.575197;-0.392968;0.589558;-0.408835;0.700112;0.137416;0.691256;0.114560;0.377237;0.151847;0.889908;0.206638;0.031371;0.829727;0.355631;0.429064;0.188327;0.688842;0.569225;0.407447;-0.153742;0.892377;-0.080045;0.416678;0.448949;-0.521858;0.643836;-0.334042;0.448949;-0.521858;0.643836;-0.334042;0.553658;0.086252;0.824271;0.081251;0.334042;0.643836;0.521858;0.448949;0.553658;0.086252;0.824271;0.081251;0.448949;-0.521858;0.643836;-0.334042
32533533;1;0.516776;-0.426030;0.676143;-0.307037;0.550029;-0.341388;0.722582;-0.242480;0.554109;-0.339643;0.723749;-0.231936;0.570924;-0.280509;0.748655;-0.186753;0.905498;-0.332241;0.127232;0.231305;0.690107;-0.258844;-0.106613;0.667373;-0.179913;-0.231051;0.158056;0.943009;0.551930;0.327191;-0.283900;-0.712545;-0.056428;-0.430163;0.051114;0.899535;-0.056428;-0.430163;0.051114;0.899535;-0.009388;0.711513;-0.560459;-0.423730;0.376183;0.915370;-0.081481;-0.118089;0.469590;0.633416;-0.552430;-0.270350;-0.498619;0.059591;0.838358;-0.212093;0.383712;-0.526376;-0.525878;0.546942;0.659881;0.241341;-0.703828;-0.104582;0.659881;0.241341;-0.703828;-0.104582;0.668495;0.400257;-0.140847;0.610795;-0.086432;0.591792;-0.193726;0.777677;0.690716;-0.174149;0.597893;-0.367570;0.576991;-0.395743;0.587329;-0.406833;0.699976;0.133891;0.691632;0.117265;0.371420;0.167696;0.887854;0.213636;0.030537;0.829914;0.357183;0.427470;0.218079;0.675309;0.576269;0.405355;-0.131061;0.887845;-0.065645;0.436170;0.458762;-0.498385;0.640433;-0.361932;0.458762;-0.498385;0.640433;-0.361932;0.580319;0.100443;0.805266;0.068469;0.361932;0.640433;0.498385;0.458762;0.580319;0.100443;0.805266;0.068469;0.458762;-0.498385;0.640433;-0.361932
32566888;1;0.515717;-0.425819;0.685393;-0.288012;0.551357;-0.324287;0.738866;-0.211943;0.546552;-0.346027;0.722685;-0.243461;0.564316;-0.286958;0.748106;-0.198847;0.905986;-0.347963;0.110653;0.214166;0.663300;-0.317887;-0.130414;0.664810;-0.148745;-0.292204;0.180767;0.927262;0.595925;0.132366;-0.293096;-0.735831;-0.140181;-0.262773;0.185410;0.936442;-0.140181;-0.262773;0.185410;0.936442;0.129994;0.660145;-0.572370;-0.468724;0.388454;0.909874;-0.078317;-0.122877;0.481618;0.629166;-0.556440;-0.250138;-0.490577;0.062291;0.837613;-0.232075;-0.394010;0.602630;0.550043;-0.423138;0.539918;0.284271;-0.764787;-0.206830;0.539918;0.284271;-0.764787;-0.206830;0.704763;0.322178;-0.268101;0.572391;-0.108294;0.595450;-0.221046;0.764755;0.675954;-0.181784;0.608631;-0.373642;0.537272;-0.439334;0.577448;-0.429975;0.688245;0.095752;0.715410;0.073069;0.354986;0.201285;0.890739;0.200134;0.048763;0.837175;0.364695;0.404669;0.191155;0.667733;0.618730;0.367103;-0.123031;0.912098;-0.030213;0.389907;0.473745;-0.519220;0.635903;-0.318755;0.473745;-0.519220;0.635903;-0.318755;0.560382;0.082507;0.816795;0.109594;0.318755;0.635903;0.519220;0.473745;0.560382;0.082507;0.816795;0.109594;0.473745;-0.519220;0.635903;-0.318755
32600211;1;0.512392;-0.423788;0.684925;-0.297886;0.548983;-0.323947;0.737412;-0.223383;0.546250;-0.347321;0.719205;-0.252437;0.564734;-0.288527;0.744741;-0.207819;0.898645;-0.353577;0.110982;0.234741;0.679265;-0.293032;-0.113145;0.663272;-0.161483;-0.259296;0.177300;0.935550;0.607750;0.233041;-0.322912;-0.687066;-0.098560;-0.376850;0.128702;0.911979;-0.098560;-0.376850;0.128702;0.911979;-0.028375;0.704057;-0.588222;-0.396855;0.397850;0.904273;-0.097664;-0.120284;0.476521;0.627234;-0.557843;-0.261374;-0.497326;0.061200;0.837177;-0.219214;-0.329845;0.580493;0.586554;-0.458459;0.543139;0.354987;-0.744985;-0.154861;0.543139;0.354987;-0.744985;-0.154861;0.708984;0.341760;-0.208699;0.580505;-0.118297;0.599663;-0.224884;0.758840;0.674202;-0.186376;0.612770;-0.367734;0.522257;-0.451993;0.557323;-0.460805;0.699293;0.072405;0.709991;0.040746;0.371319;0.194994;0.880832;0.219622;0.041673;0.826346;0.361900;0.429469;0.231508;0.656653;0.597438;0.397842;-0.116071;0.889532;-0.037566;0.440282;0.472378;-0.519547;0.639376;-0.313254;0.472378;-0.519547;0.639376;-0.313254;0.555525;0.084732;0.819483;0.112518;0.313254;0.639376;0.519547;0.472378;0.555525;0.084732;0.819483;0.112518;0.472378;-0.519547;0.639376;-0.313254
32633555;1;0.513115;-0.423404;0.683510;-0.300426;0.546660;-0.334593;0.731098;-0.233892;0.547244;-0.352345;0.717397;-0.248433;0.565404;-0.293680;0.743342;-0.203747;0.895220;-0.351965;0.131357;0.239682;0.683385;-0.290456;-0.137314;0.655564;-0.149876;-0.278252;0.160610;0.935049;0.564483;0.268627;-0.304416;-0.718700;-0.083675;-0.390883;0.109727;0.910038;-0.083675;-0.390883;0.109727;0.910038;0.035773;0.688263;-0.589818;-0.420868;0.397427;0.906612;-0.092032;-0.107873;0.475343;0.624891;-0.558375;-0.267912;0.502700;-0.059519;-0.835900;0.212181;-0.314502;0.659101;0.607726;-0.311998;-0.374380;-0.445099;0.778224;0.236841;-0.374380;-0.445099;0.778224;0.236841;0.743361;0.285382;-0.346207;0.496097;-0.132535;0.590245;-0.233931;0.761132;0.677478;-0.185506;0.607251;-0.371291;0.518241;-0.459566;0.548168;-0.468760;0.702044;0.060532;0.708819;0.032339;0.361832;0.207839;0.880749;0.223971;0.040827;0.826850;0.367653;0.423655;0.247635;0.655562;0.593385;0.395992;-0.103331;0.885963;-0.039749;0.450347;0.459286;-0.536859;0.632717;-0.317030;0.459286;-0.536859;0.632717;-0.317030;0.548938;0.067782;0.827015;0.100590;0.317030;0.632717;0.536859;0.459286;0.548938;0.067782;0.827015;0.100590;0.459286;-0.536859;0.632717;-0.317030
32666888;1;0.508731;-0.424268;0.686610;-0.299593;0.542862;-0.332995;0.735222;-0.232087;0.543544;-0.341832;0.724456;-0.250747;0.561902;-0.282635;0.749535;-0.206351;0.903321;-0.348701;0.117285;0.220598;0.678637;-0.290168;-0.118973;0.664153;-0.163190;-0.262359;0.171812;0.935423;0.606610;0.203808;-0.305902;-0.704919;-0.041824;-0.349208;0.114751;0.929051;-0.041824;-0.349208;0.114751;0.929051;0.013648;0.694644;-0.580693;-0.424358;0.391905;0.906449;-0.091960;-0.127685;0.482492;0.615607;-0.559200;-0.274817;0.510567;-0.073405;-0.828425;0.218277;-0.280237;0.659775;0.612951;-0.332348;-0.395289;-0.413734;0.799897;0.180929;-0.395289;-0.413734;0.799897;0.180929;0.705167;0.364402;-0.303068;0.527352;-0.158136;0.591571;-0.250373;0.749900;0.671518;-0.196169;0.611729;-0.369281;0.496778;-0.483631;0.531937;-0.486164;0.699116;0.031866;0.714280;0.005028;0.344519;0.229185;0.882742;0.222593;0.048102;0.826309;0.385890;0.407416;0.274759;0.640514;0.608216;0.379898;-0.072616;0.885770;-0.018801;0.458023;0.497276;-0.506906;0.618157;-0.337112;0.497276;-0.506906;0.618157;-0.337112;0.590001;0.078667;0.795540;0.113254;0.337112;0.618157;0.506906;0.497276;0.590001;0.078667;0.795540;0.113254;0.497276;-0.506906;0.618157;-0.337112
32700222;1;0.511230;-0.429521;0.688586;-0.282852;0.542620;-0.339930;0.736944;-0.216620;0.541965;-0.359721;0.715286;-0.255423;0.560703;-0.301202;0.741829;-0.211139;0.894632;-0.364302;0.124558;0.226724;0.677924;-0.301600;-0.147573;0.653971;-0.152941;-0.292807;0.164330;0.929446;0.582006;0.214173;-0.299574;-0.725020;-0.077967;-0.344954;0.128924;0.926448;-0.077967;-0.344954;0.128924;0.926448;0.156355;0.662603;-0.590014;-0.434044;0.412624;0.896520;-0.106793;-0.120782;0.469483;0.624688;-0.549714;-0.295237;0.514085;-0.080434;-0.828221;0.208078;-0.356971;0.742155;0.537590;-0.181035;-0.295147;-0.241803;0.883928;0.270353;-0.295147;-0.241803;0.883928;0.270353;0.741376;0.234620;-0.472583;0.414705;-0.168153;0.582675;-0.256339;0.752665;0.673240;-0.197186;0.605300;-0.376135;0.497850;-0.479529;0.527921;-0.493453;0.704981;0.031921;0.708507;0.000612;0.357118;0.247493;0.871060;0.229061;0.061662;0.819606;0.384944;0.419835;0.290638;0.625297;0.615354;0.381932;-0.062682;0.880068;-0.003075;0.470682;0.486162;-0.526177;0.625685;-0.308711;0.486162;-0.526177;0.625685;-0.308711;0.562060;0.070363;0.814489;0.125476;0.308711;0.625685;0.526177;0.486162;0.562060;0.070363;0.814489;0.125476;0.486162;-0.526177;0.625685;-0.308711
32733533;1;0.506400;-0.425938;0.687533;-0.299054;0.538975;-0.339276;0.734178;-0.235331;0.542494;-0.369247;0.714108;-0.243735;0.560293;-0.310791;0.741419;-0.199446;0.887340;-0.359480;0.133412;0.256130;0.700405;-0.258091;-0.128288;0.652965;-0.147829;-0.250955;0.141741;0.946085;0.579502;0.271807;-0.289720;-0.711591;-0.059172;-0.389471;0.078287;0.915796;-0.059172;-0.389471;0.078287;0.915796;0.068126;0.715177;-0.546552;-0.430304;0.405332;0.905827;-0.075682;-0.097238;0.451740;0.652672;-0.537123;-0.285394;0.503432;-0.019463;-0.845046;0.179096;-0.222885;0.796033;0.562681;-0.006713;-0.072055;-0.303298;0.926438;0.211023;-0.072055;-0.303298;0.926438;0.211023;0.742278;0.046046;-0.624067;0.239675;-0.195439;0.585203;-0.270470;0.739045;0.663073;-0.218940;0.606407;-0.380355;0.487115;-0.493319;0.523885;-0.494873;0.698406;0.019245;0.715400;-0.007890;0.348470;0.262592;0.868083;0.236740;0.066674;0.811954;0.403974;0.416041;0.294802;0.617664;0.620591;0.382688;-0.060205;0.878357;0.006005;0.474161;0.458383;-0.511918;0.657458;-0.309149;0.458383;-0.511918;0.657458;-0.309149;0.542727;0.102912;0.826874;0.105524;0.309149;0.657458;0.511918;0.458383;0.542727;0.102912;0.826874;0.105524;0.458383;-0.511918;0.657458;-0.309149
32766888;1;0.506787;-0.426529;0.686612;-0.299674;0.538585;-0.342599;0.732112;-0.237832;0.541599;-0.356888;0.718208;-0.251951;0.560059;-0.298143;0.744515;-0.207707;0.892676;-0.357900;0.124588;0.243957;0.666137;-0.281037;-0.150426;0.674279;-0.180602;-0.282801;0.147082;0.930469;0.614883;0.178905;-0.270505;-0.718846;-0.017929;-0.310038;0.095164;0.945780;-0.017929;-0.310038;0.095164;0.945780;0.164777;0.659585;-0.568597;-0.463134;0.405120;0.902259;-0.119186;-0.087183;0.409324;0.680634;-0.520343;-0.313744;-0.495640;0.013666;0.856640;-0.142556;-0.322313;0.683967;0.632447;-0.168270;-0.324823;-0.113961;0.924561;0.163372;-0.324823;-0.113961;0.924561;0.163372;0.799477;0.023262;-0.493267;0.342029;-0.221449;0.584821;-0.285789;0.726133;0.654902;-0.236452;0.606487;-0.383884;-0.458927;0.525427;-0.500599;0.512555;0.690908;-0.020128;0.721551;-0.040079;0.348692;0.277898;0.859821;0.248787;0.073750;0.801522;0.417164;0.422017;0.305507;0.597076;0.634387;0.384342;-0.053626;0.873507;0.030260;0.482901;0.475775;-0.494916;0.641105;-0.343045;0.475775;-0.494916;0.641105;-0.343045;0.578994;0.103371;0.803288;0.093854;0.343045;0.641105;0.494916;0.475775;0.578994;0.103371;0.803288;0.093854;0.475775;-0.494916;0.641105;-0.343045
32800222;1;0.501684;-0.426326;0.687767;-0.305835;0.536024;-0.336872;0.735727;-0.240624;0.532548;-0.376505;0.713573;-0.255833;0.551349;-0.318069;0.741468;-0.212303;0.882326;-0.373299;0.130918;0.254969;0.684457;-0.265064;-0.140991;0.664365;-0.157591;-0.266659;0.137951;0.940759;0.574055;0.271725;-0.279701;-0.719996;-0.079928;-0.381089;0.082692;0.917357;-0.079928;-0.381089;0.082692;0.917357;0.084065;0.677688;-0.585117;-0.437389;0.421419;0.897232;-0.092813;-0.093631;0.408065;0.688636;-0.517484;-0.302446;-0.485294;0.009581;0.861346;-0.149936;-0.280870;0.846250;0.424687;0.156888;0.015472;-0.003626;0.946829;0.321345;0.015472;-0.003626;0.946829;0.321345;0.699455;-0.009912;-0.704655;0.118849;-0.238769;0.584987;-0.295490;0.716565;0.650698;-0.247056;0.607068;-0.383438;-0.464780;0.523965;-0.508580;0.500786;0.686791;-0.013395;0.726206;-0.027643;0.344813;0.290741;0.856938;0.249462;0.081130;0.798094;0.426457;0.417851;0.276502;0.603243;0.645133;0.378746;-0.070260;0.885309;0.033643;0.458432;0.469020;-0.496921;0.660861;-0.310407;0.469020;-0.496921;0.660861;-0.310407;0.551139;0.115923;0.818675;0.112156;0.310407;0.660861;0.496921;0.469020;0.551139;0.115923;0.818675;0.112156;0.469020;-0.496921;0.660861;-0.310407
32833555;1;0.496597;-0.437595;0.686976;-0.299943;0.525724;-0.361923;0.729683;-0.245335;0.533242;-0.377457;0.714192;-0.251217;0.551670;-0.318968;0.742161;-0.207646;0.876398;-0.366661;0.148583;0.274608;0.700302;-0.245477;-0.144242;0.654609;-0.161116;-0.255535;0.125566;0.944975;0.549849;0.294019;-0.256680;-0.738467;-0.097584;-0.383719;0.071358;0.915503;-0.097584;-0.383719;0.071358;0.915503;0.039258;0.692812;-0.553824;-0.460163;0.421577;0.895889;-0.110180;-0.086696;0.406214;0.691391;-0.532680;-0.270593;-0.452927;0.048149;0.871465;-0.181902;-0.230403;0.860438;0.412799;0.190152;0.143558;-0.244073;0.922597;0.261982;0.143558;-0.244073;0.922597;0.261982;0.701887;-0.130519;-0.695612;-0.080272;-0.245954;0.580195;-0.297227;0.717312;0.651859;-0.249779;0.602182;-0.387385;-0.448708;0.544575;-0.490042;0.511818;0.683173;-0.041190;0.727601;-0.046639;0.350477;0.296398;0.851554;0.253318;0.088144;0.793025;0.429013;0.423426;0.298679;0.588191;0.648480;0.379862;-0.055224;0.877077;0.046532;0.474890;0.481818;-0.517242;0.646623;-0.286690;0.481818;-0.517242;0.646623;-0.286690;0.543417;0.091486;0.822977;0.137976;0.286690;0.646623;0.517242;0.481818;0.543417;0.091486;0.822977;0.137976;0.481818;-0.517242;0.646623;-0.286690
32866866;1;0.495681;-0.445549;0.683389;-0.297937;0.526947;-0.363110;0.730537;-0.238312;0.530266;-0.381636;0.709875;-0.263153;0.549661;-0.323480;0.738194;-0.219782;0.871764;-0.379056;0.138870;0.277595;0.683366;-0.275412;-0.152862;0.658629;-0.180404;-0.278166;0.147791;0.931792;0.567337;0.239208;-0.269945;-0.740296;-0.103517;-0.344248;0.107628;0.926927;-0.103517;-0.344248;0.107628;0.926927;0.167305;0.642783;-0.596707;-0.450311;0.437610;0.884631;-0.113292;-0.114418;0.396027;0.681241;-0.571459;-0.229147;-0.417595;0.064596;0.886838;-0.186975;-0.183150;0.835946;0.478902;0.195710;0.080700;-0.007249;0.963380;0.255605;0.080700;-0.007249;0.963380;0.255605;0.654429;-0.412515;-0.565461;-0.286021;-0.258018;0.572705;-0.305613;0.715568;0.649830;-0.254313;0.597291;-0.395335;-0.440676;0.556235;-0.486246;0.509874;0.676136;-0.052162;0.733166;-0.050860;0.354821;0.314451;0.841457;0.259175;0.100296;0.786898;0.433208;0.427859;0.331570;0.570355;0.649032;0.378832;-0.031071;0.864935;0.059344;0.497393;0.516499;-0.496026;0.646951;-0.261996;0.516499;-0.496026;0.646951;-0.261996;0.550479;0.106720;0.808207;0.179961;0.261996;0.646951;0.496026;0.516499;0.550479;0.106720;0.808207;0.179961;0.516499;-0.496026;0.646951;-0.261996
32900222;1;0.498762;-0.448540;0.681040;-0.293655;0.529712;-0.365722;0.728870;-0.233242;0.530251;-0.389144;0.700874;-0.276000;0.550677;-0.331685;0.729824;-0.232588;0.870652;-0.396060;0.143796;0.253817;0.702515;-0.220961;-0.072234;0.672630;-0.147090;-0.186046;0.139386;0.961417;0.591639;0.340126;-0.306431;-0.663609;-0.034008;-0.457373;0.019893;0.888402;-0.034008;-0.457373;0.019893;0.888402;-0.066921;0.729639;-0.557561;-0.390223;0.449117;0.880587;-0.121381;-0.090153;0.402981;0.685770;-0.538174;-0.278739;-0.472140;-0.025747;0.871349;-0.131045;-0.228387;0.737022;0.636111;-0.000918;-0.159345;0.054603;0.972038;0.163617;-0.159345;0.054603;0.972038;0.163617;0.750663;-0.225938;-0.611030;0.109998;-0.265732;0.569873;-0.303059;0.716091;0.646015;-0.268718;0.586883;-0.407460;-0.448856;0.548979;-0.493971;0.503134;0.677191;-0.041510;0.733526;-0.040372;0.354808;0.330436;0.834049;0.263223;0.112273;0.779519;0.443987;0.427341;0.333509;0.561348;0.658197;0.374749;-0.026744;0.864986;0.072169;0.495858;0.478008;-0.517122;0.657940;-0.266848;0.478008;-0.517122;0.657940;-0.266848;0.526693;0.099574;0.830895;0.149313;0.266848;0.657940;0.517122;0.478008;0.526693;0.099574;0.830895;0.149313;0.478008;-0.517122;0.657940;-0.266848
32933555;1;0.503936;-0.445831;0.681790;-0.287135;0.526586;-0.386068;0.717324;-0.243116;0.535275;-0.388621;0.702895;-0.261522;0.554523;-0.331002;0.731796;-0.217755;0.876886;-0.386278;0.154172;0.241021;0.708161;-0.204614;-0.088228;0.669968;-0.159496;-0.187555;0.120309;0.961722;0.551944;0.376332;-0.264020;-0.695719;-0.049198;-0.459706;-0.001594;0.886706;-0.049198;-0.459706;-0.001594;0.886706;-0.001715;0.736212;-0.530668;-0.419976;0.434560;0.891290;-0.105505;-0.075027;0.401574;0.678859;-0.539348;-0.294945;-0.479411;0.008621;0.866990;-0.135719;-0.314714;0.720952;0.613165;-0.072189;-0.248791;-0.047870;0.945226;0.205813;-0.248791;-0.047870;0.945226;0.205813;0.821128;-0.177735;-0.531095;0.109990;-0.276643;0.563612;-0.309761;0.714043;0.642847;-0.274874;0.581459;-0.416049;-0.439267;0.556418;-0.486113;0.511016;0.675942;-0.052395;0.733201;-0.052661;0.352796;0.344938;0.830678;0.257929;0.122296;0.780067;0.447721;0.419626;0.317728;0.564565;0.670720;0.361179;-0.028353;0.875967;0.078803;0.475045;0.494270;-0.536136;0.628492;-0.270652;0.494270;-0.536136;0.628492;-0.270652;0.540882;0.065306;0.823516;0.158122;0.270652;0.628492;0.536136;0.494270;0.540882;0.065306;0.823516;0.158122;0.494270;-0.536136;0.628492;-0.270652
32966888;1;0.506040;-0.444985;0.682933;-0.281984;0.527630;-0.386971;0.717400;-0.239159;0.537429;-0.393508;0.700182;-0.257034;0.556310;-0.336091;0.729484;-0.213108;0.876547;-0.387398;0.156729;0.238798;0.711594;-0.214951;-0.126569;0.656819;-0.156765;-0.223976;0.109811;0.955616;0.534308;0.327155;-0.238046;-0.742172;-0.170583;-0.397106;0.077477;0.898446;-0.170583;-0.397106;0.077477;0.898446;0.115186;0.701900;-0.535394;-0.455436;0.435610;0.891432;-0.082585;-0.093659;0.433597;0.647163;-0.544885;-0.310282;0.512979;-0.022227;-0.845710;0.145371;-0.226983;0.695515;0.666782;-0.141915;-0.242287;-0.183386;0.945890;0.113835;-0.242287;-0.183386;0.945890;0.113835;0.705151;0.062547;-0.540240;0.454962;-0.286385;0.562555;-0.316486;0.708061;0.635869;-0.286047;0.578660;-0.423083;-0.457732;0.531378;-0.506232;0.501845;0.682558;-0.020342;0.729788;-0.033322;0.348462;0.362393;0.821877;0.267888;0.129433;0.770978;0.460822;0.420099;0.323335;0.572588;0.653900;0.374182;-0.033632;0.869895;0.061242;0.488263;0.502579;-0.515499;0.618772;-0.314320;0.502579;-0.515499;0.618772;-0.314320;0.577635;0.073025;0.802050;0.133120;0.314320;0.618772;0.515499;0.502579;0.577635;0.073025;0.802050;0.133120;0.502579;-0.515499;0.618772;-0.314320
33000200;1;0.507536;-0.451940;0.676809;-0.282997;0.526325;-0.402813;0.707150;-0.246298;0.535801;-0.393628;0.698954;-0.263512;0.555207;-0.336309;0.728269;-0.219695;0.872176;-0.390017;0.162900;0.246291;0.715607;-0.206321;-0.120809;0.656311;-0.159531;-0.213819;0.106981;0.957803;0.549663;0.316559;-0.238829;-0.735269;-0.149103;-0.390993;0.066129;0.905825;-0.149103;-0.390993;0.066129;0.905825;-0.043685;0.710044;-0.523501;-0.468910;0.440849;0.887995;-0.086660;-0.098014;0.452320;0.627246;-0.553278;-0.309599;0.522204;-0.051021;-0.834836;0.166578;-0.224567;0.703086;0.650456;-0.179297;-0.266708;-0.219277;0.932384;0.106981;-0.266708;-0.219277;0.932384;0.106981;0.746147;0.014097;-0.510753;0.426846;-0.300111;0.558236;-0.324423;0.702179;0.634240;-0.291381;0.576205;-0.425235;-0.457083;0.530918;-0.502091;0.507056;0.685751;-0.022957;0.726509;-0.037461;0.345296;0.382102;0.810464;0.279136;0.137320;0.762257;0.470931;0.422294;0.346208;0.550415;0.661862;0.372991;-0.016429;0.859850;0.082411;0.503583;0.508268;-0.530454;0.610891;-0.295118;0.508268;-0.530454;0.610891;-0.295118;0.568079;0.056877;0.807053;0.150720;0.295118;0.610891;0.530454;0.508268;0.568079;0.056877;0.807053;0.150720;0.508268;-0.530454;0.610891;-0.295118
33033555;1;0.508838;-0.457596;0.672055;-0.282898;0.527473;-0.409202;0.702571;-0.246414;0.537478;-0.396803;0.693618;-0.269369;0.557349;-0.339901;0.723205;-0.225399;0.872775;-0.399120;0.153616;0.235305;0.703638;-0.238710;-0.146989;0.652920;-0.150373;-0.255033;0.116389;0.948050;0.534692;0.278748;-0.241567;-0.760296;-0.149078;-0.356247;0.095620;0.917453;-0.149078;-0.356247;0.095620;0.917453;0.042149;0.685560;-0.542578;-0.483569;0.445751;0.886237;-0.101936;-0.074155;0.374221;0.700364;-0.528564;-0.300116;-0.457086;0.052540;0.875859;-0.145543;-0.435308;0.698338;0.557116;-0.111591;-0.350724;-0.025842;0.892965;0.280959;-0.350724;-0.025842;0.892965;0.280959;0.740579;0.170305;-0.528355;0.378656;-0.316494;0.555712;-0.344659;0.687187;0.619093;-0.307122;0.577334;-0.434839;-0.448949;0.533751;-0.512112;0.501294;0.675971;-0.017915;0.735670;-0.039135;0.327756;0.408014;0.805296;0.278567;0.143364;0.757588;0.490917;0.405596;0.335637;0.564875;0.655466;0.372328;-0.023553;0.865566;0.067727;0.495635;0.506828;-0.527081;0.605515;-0.314106;0.506828;-0.527081;0.605515;-0.314106;0.580488;0.055462;0.800867;0.136275;0.314106;0.605515;0.527081;0.506828;0.580488;0.055462;0.800867;0.136275;0.506828;-0.527081;0.605515;-0.314106
33066877;1;0.510870;-0.458444;0.666259;-0.291445;0.526688;-0.419626;0.691365;-0.261779;0.535113;-0.414030;0.682814;-0.275678;0.555497;-0.357939;0.713817;-0.231878;0.860457;-0.415196;0.151924;0.253270;0.711780;-0.240319;-0.158335;0.640739;-0.144125;-0.264354;0.113756;0.946786;0.548093;0.225883;-0.232344;-0.771095;-0.057761;-0.314554;0.077862;0.944276;-0.057761;-0.314554;0.077862;0.944276;-0.000830;0.670013;-0.544329;-0.504766;0.462402;0.878712;-0.102184;-0.060074;0.415464;0.674042;-0.513840;-0.330189;0.505440;-0.052352;-0.845946;0.161756;-0.384834;0.640158;0.593760;-0.299248;-0.474962;-0.056838;0.871277;0.109803;-0.474962;-0.056838;0.871277;0.109803;0.657627;0.292317;-0.400012;0.567510;-0.339174;0.544935;-0.364083;0.674871;0.610147;-0.318312;0.572903;-0.445175;-0.443828;0.534540;-0.514426;0.502643;0.673301;-0.016869;0.737883;-0.043708;0.306128;0.432832;0.799569;0.282191;0.140033;0.754837;0.506798;0.392132;0.341407;0.564553;0.651620;0.374316;-0.020872;0.862661;0.065208;0.501127;0.479561;-0.545089;0.617844;-0.301942;0.479561;-0.545089;0.617844;-0.301942;0.552606;0.051446;0.822317;0.125596;0.301942;0.617844;0.545089;0.479561;0.552606;0.051446;0.822317;0.125596;0.479561;-0.545089;0.617844;-0.301942
33100222;1;0.501705;-0.473004;0.664417;-0.288286;0.515564;-0.439003;0.687357;-0.262699;0.524224;-0.419452;0.684378;-0.284388;0.545342;-0.363218;0.715811;-0.241433;0.855004;-0.424843;0.140852;0.261988;0.707174;-0.251465;-0.162990;0.640395;-0.145891;-0.274429;0.120370;0.942823;0.521909;0.258123;-0.240229;-0.776707;-0.309212;-0.310354;0.167385;0.883205;-0.309212;-0.310354;0.167385;0.883205;0.038615;0.653214;-0.572032;-0.494570;0.480664;0.863991;-0.129542;-0.075502;0.412358;0.674120;-0.511367;-0.337678;0.509645;-0.051849;-0.844539;0.155974;-0.481648;0.477068;0.528942;-0.510531;0.695236;-0.040592;-0.711144;0.096300;0.695236;-0.040592;-0.711144;0.096300;0.681399;0.283618;-0.178892;0.650579;-0.364990;0.538531;-0.399036;0.646170;0.592097;-0.335178;0.580454;-0.447382;-0.420617;0.550026;-0.506474;0.513844;0.664761;-0.033597;0.743204;-0.067919;0.300685;0.464931;0.775967;0.302163;0.157527;0.732923;0.530175;0.396136;0.331443;0.545801;0.675002;0.369620;-0.024465;0.865753;0.095036;0.490756;0.539593;-0.506449;0.598829;-0.306191;0.539593;-0.506449;0.598829;-0.306191;0.598060;0.065323;0.781549;0.165041;0.306191;0.598829;0.506449;0.539593;0.598060;0.065323;0.781549;0.165041;0.539593;-0.506449;0.598829;-0.306191
33133544;1;0.502201;-0.462581;0.668127;-0.295666;0.506961;-0.451612;0.675590;-0.287429;0.522685;-0.431735;0.675432;-0.290168;0.544271;-0.376179;0.707879;-0.247318;0.850776;-0.439921;0.142231;0.249839;0.721772;-0.236455;-0.161043;0.630237;-0.133739;-0.264045;0.110120;0.948825;0.526497;0.293636;-0.246779;-0.758735;-0.185463;-0.367054;0.111326;0.904700;-0.185463;-0.367054;0.111326;0.904700;0.010477;0.671524;-0.568094;-0.475621;0.484047;0.868963;-0.079889;-0.064960;0.420110;0.678151;-0.505140;-0.329320;0.510719;-0.024867;-0.845244;0.155275;-0.445683;0.473136;0.571412;-0.500997;0.669882;0.079745;-0.737570;0.029810;0.669882;0.079745;-0.737570;0.029810;0.641786;0.290361;-0.206892;0.678968;-0.384280;0.533213;-0.430856;0.618365;0.570583;-0.356384;0.585630;-0.452175;-0.425276;0.537782;-0.533232;0.495575;0.655247;-0.005961;0.753611;-0.051832;0.295025;0.489451;0.749659;0.333781;0.172823;0.703605;0.553601;0.410606;0.331703;0.545489;0.655849;0.402836;-0.047749;0.852182;0.081794;0.514603;0.501742;-0.530074;0.610033;-0.308441;0.501742;-0.530074;0.610033;-0.308441;0.572886;0.056540;0.806177;0.136685;0.308441;0.610033;0.530074;0.501742;0.572886;0.056540;0.806177;0.136685;0.501742;-0.530074;0.610033;-0.308441
33166888;1;0.502640;-0.465776;0.660933;-0.305899;0.502439;-0.466209;0.660627;-0.306229;0.525200;-0.428087;0.671026;-0.301050;0.547651;-0.372897;0.703194;-0.257963;0.849574;-0.446212;0.124704;0.252128;0.731592;-0.212157;-0.153108;0.629539;-0.157585;-0.241072;0.101672;0.952215;-0.468246;-0.324758;0.200097;0.797019;-0.099389;-0.378296;0.048979;0.919029;-0.099389;-0.378296;0.048979;0.919029;-0.098580;0.679146;-0.516568;-0.512054;0.497291;0.855131;-0.114812;-0.090943;0.386939;0.714115;-0.490725;-0.315447;-0.467439;0.064077;0.864098;-0.175296;-0.386821;0.544070;0.542698;-0.509741;0.639650;0.124486;-0.758312;-0.017737;0.639650;0.124486;-0.758312;-0.017737;0.619758;0.388819;-0.209997;0.648553;-0.423052;0.503688;-0.448734;0.604949;0.564722;-0.371032;0.563393;-0.475408;-0.424470;0.536589;-0.530772;0.500178;0.657905;-0.006870;0.751010;-0.055660;0.278888;0.518686;0.728939;0.349048;0.182683;0.684744;0.575764;0.407735;0.326594;0.548384;0.646468;0.417960;-0.062077;0.847672;0.073179;0.521770;0.509100;-0.519853;0.585165;-0.357983;0.509100;-0.519853;0.585165;-0.357983;0.613120;0.046183;0.781366;0.106856;0.357983;0.585165;0.519853;0.509100;0.613120;0.046183;0.781366;0.106856;0.509100;-0.519853;0.585165;-0.357983
33200211;1;0.500669;-0.474511;0.651062;-0.316684;0.500418;-0.475027;0.650685;-0.317081;0.510678;-0.449874;0.659695;-0.318785;0.534597;-0.395522;0.693647;-0.276805;0.830329;-0.473529;0.120310;0.268048;0.704701;-0.269427;-0.190315;0.628161;-0.164165;-0.303496;0.129232;0.929645;-0.450516;-0.267110;0.224077;0.821874;-0.165368;-0.324558;0.127361;0.922548;-0.165368;-0.324558;0.127361;0.922548;-0.008456;0.624798;-0.581712;-0.520737;0.530005;0.833187;-0.126548;-0.094230;0.415731;0.692813;-0.487387;-0.331107;-0.491840;0.087494;0.842544;-0.201389;-0.338924;0.566637;0.553058;-0.508115;0.607581;0.224430;-0.759329;-0.062411;0.607581;0.224430;-0.759329;-0.062411;0.540428;0.468429;-0.226585;0.661189;-0.443609;0.492640;-0.480977;0.573741;0.543005;-0.394160;0.564516;-0.480735;-0.406371;0.549109;-0.530215;0.502209;0.646545;-0.016225;0.759502;-0.069804;0.252898;0.546491;0.715424;0.354342;0.178410;0.676489;0.594010;0.397096;0.337095;0.534556;0.647379;0.426049;-0.060257;0.838573;0.083555;0.534960;0.544013;-0.487221;0.596794;-0.332418;0.544013;-0.487221;0.596794;-0.332418;0.619731;0.077480;0.766515;0.149620;0.332418;0.596794;0.487221;0.544013;0.619731;0.077480;0.766515;0.149620;0.544013;-0.487221;0.596794;-0.332418
33233555;1;0.503556;-0.471242;0.650407;-0.318328;0.497465;-0.483421;0.641407;-0.327766;0.501954;-0.471436;0.644141;-0.332974;0.527040;-0.418262;0.679873;-0.291649;0.816674;-0.501018;0.105793;0.266142;0.705738;-0.261301;-0.174790;0.634905;-0.154482;-0.288056;0.125912;0.936646;-0.442375;-0.295922;0.220210;0.817461;-0.272699;-0.333498;0.157610;0.888579;-0.272699;-0.333498;0.157610;0.888579;0.042549;0.640146;-0.569150;-0.514268;0.550786;0.824509;-0.095709;-0.087518;0.434457;0.691537;-0.489227;-0.306074;-0.496497;0.019758;0.846862;-0.189539;0.429691;-0.481799;-0.519800;0.559502;0.701301;0.042309;-0.707483;0.076515;0.701301;0.042309;-0.707483;0.076515;0.664627;0.364233;-0.134114;0.638451;-0.460187;0.481452;-0.503280;0.550583;0.522557;-0.418077;0.557046;-0.491779;0.421369;-0.526279;0.554235;-0.488162;0.647289;0.017016;0.760448;-0.049456;0.264861;0.567900;0.673777;0.391617;0.215506;0.645453;0.599902;0.420791;0.319803;0.545796;0.638582;0.438230;-0.081195;0.840337;0.069515;0.531422;0.539567;-0.471965;0.627643;-0.303612;0.539567;-0.471965;0.627643;-0.303612;0.596218;0.110081;0.777541;0.166845;0.303612;0.627643;0.471965;0.539567;0.596218;0.110081;0.777541;0.166845;0.539567;-0.471965;0.627643;-0.303612
33266877;1;0.505509;-0.469177;0.648945;-0.321255;0.491873;-0.495462;0.629105;-0.341768;0.498948;-0.479993;0.628895;-0.353764;0.525710;-0.428014;0.665362;-0.312612;0.808540;-0.525346;0.095725;0.247208;0.699501;-0.273312;-0.162338;0.640035;-0.158785;-0.284554;0.141711;0.934738;-0.451232;-0.295152;0.236332;0.808346;-0.305814;-0.331331;0.182173;0.873791;-0.305814;-0.331331;0.182173;0.873791;0.080665;0.658557;-0.558829;-0.497499;0.567088;0.815199;-0.085548;-0.080890;0.439895;0.685797;-0.490180;-0.309674;0.501857;-0.026651;-0.842546;0.193767;-0.376373;0.506590;0.570101;-0.526017;0.641706;0.074359;-0.759025;0.081025;0.641706;0.074359;-0.759025;0.081025;0.696079;0.308563;-0.154959;0.629485;-0.482716;0.457010;-0.514435;0.541742;0.517629;-0.421907;0.543593;-0.508489;0.413673;-0.527344;0.560932;-0.485941;0.640295;0.020958;0.765989;-0.053327;0.254452;0.584999;0.654715;0.405435;0.220162;0.637146;0.604099;0.425016;0.315975;0.545980;0.636384;0.443938;-0.087942;0.838927;0.067866;0.532786;0.532910;-0.478579;0.620806;-0.318700;0.532910;-0.478579;0.620806;-0.318700;0.602179;0.100570;0.777382;0.151469;0.318700;0.620806;0.478579;0.532910;0.602179;0.100570;0.777382;0.151469;0.532910;-0.478579;0.620806;-0.318700
33300222;1;0.510597;-0.465964;0.642491;-0.330717;0.498491;-0.488557;0.625483;-0.348698;0.483485;-0.499513;0.611692;-0.377574;0.512207;-0.448851;0.649779;-0.337585;0.789141;-0.557605;0.083446;0.243660;0.690953;-0.287723;-0.162869;0.642863;-0.176216;-0.291068;0.156813;0.927166;-0.438937;-0.314534;0.242376;0.806013;-0.233766;-0.363313;0.160255;0.887511;-0.233766;-0.363313;0.160255;0.887511;0.045641;0.634369;-0.597931;-0.487824;0.597522;0.793030;-0.078881;-0.088598;0.433694;0.692289;-0.491864;-0.301190;-0.486957;0.043231;0.848130;-0.204153;-0.370736;0.522182;0.555291;-0.530597;0.643755;0.077440;-0.758304;0.067509;0.643755;0.077440;-0.758304;0.067509;0.713937;0.259097;-0.150351;0.632896;-0.492020;0.448842;-0.525799;0.529143;0.513211;-0.427074;0.543624;-0.508621;0.413850;-0.527408;0.553445;-0.494234;0.646236;0.015603;0.760689;-0.059055;0.230515;0.604597;0.642996;0.409733;0.213532;0.630602;0.617531;0.418810;0.322030;0.535254;0.632733;0.457655;-0.093274;0.828823;0.072859;0.546849;0.551087;-0.482607;0.603510;-0.314911;0.551087;-0.482607;0.603510;-0.314911;0.612353;0.085492;0.768001;0.167002;0.314911;0.603510;0.482607;0.551087;0.612353;0.085492;0.768001;0.167002;0.551087;-0.482607;0.603510;-0.314911
33333544;1;0.512963;-0.467226;0.636274;-0.337231;0.511562;-0.469857;0.634334;-0.339352;0.466008;-0.518979;0.589935;-0.406785;0.497129;-0.469999;0.629653;-0.368104;0.765439;-0.593807;0.061457;0.240250;0.679108;-0.302209;-0.131688;0.655851;-0.195993;-0.271890;0.186408;0.923534;-0.478678;-0.308900;0.272091;0.775509;-0.228122;-0.375511;0.168653;0.882331;-0.228122;-0.375511;0.168653;0.882331;0.021901;0.651990;-0.604221;-0.457544;0.631099;0.765843;-0.077159;-0.096151;0.439689;0.684622;-0.508820;-0.281192;-0.473499;0.060901;0.850821;-0.219531;-0.395114;0.502494;0.572547;-0.513395;0.640682;0.034874;-0.760982;0.096005;0.640682;0.034874;-0.760982;0.096005;0.624754;0.268654;-0.202033;0.704763;-0.498745;0.443653;-0.522934;0.530061;0.520922;-0.420993;0.541338;-0.508290;-0.404625;0.540895;-0.537491;0.504791;0.647122;-0.005287;0.758872;-0.072928;0.228152;0.607911;0.636550;0.416166;0.212063;0.631981;0.612678;0.424564;0.328014;0.523264;0.644950;0.450157;-0.083644;0.828908;0.089920;0.545738;0.573993;-0.479251;0.584600;-0.314789;0.573993;-0.479251;0.584600;-0.314789;0.628464;0.074493;0.752257;0.183285;0.314789;0.584600;0.479251;0.573993;0.628464;0.074493;0.752257;0.183285;0.573993;-0.479251;0.584600;-0.314789
33366888;1;0.511144;-0.472091;0.632191;-0.340877;0.502017;-0.488529;0.619576;-0.354181;0.471326;-0.520315;0.592407;-0.395194;0.501500;-0.471132;0.632224;-0.356124;0.769561;-0.585883;0.065906;0.245304;0.675528;-0.298148;-0.115565;0.664390;-0.214652;-0.254080;0.194142;0.922863;-0.486496;-0.331705;0.269031;0.762178;-0.131584;-0.412803;0.109542;0.894584;-0.131584;-0.412803;0.109542;0.894584;-0.017918;0.660419;-0.599694;-0.451545;0.625515;0.769896;-0.073724;-0.102742;0.455315;0.682245;-0.509300;-0.260466;-0.466256;0.056164;0.849524;-0.240333;-0.452199;0.428369;0.614204;-0.484531;0.642872;-0.025993;-0.748379;0.161152;0.642872;-0.025993;-0.748379;0.161152;0.624028;0.153380;-0.215155;0.735372;-0.498411;0.442536;-0.518017;0.536103;0.524323;-0.416438;0.539216;-0.510794;0.410278;-0.534085;0.545055;-0.499340;0.647294;0.004919;0.759437;-0.065134;0.229321;0.607890;0.636727;0.415283;0.213009;0.632336;0.612474;0.423855;0.324170;0.528892;0.642089;0.450454;-0.086618;0.830874;0.083943;0.543231;0.553928;-0.490858;0.605916;-0.291699;0.553928;-0.490858;0.605916;-0.291699;0.597949;0.081358;0.775536;0.185423;0.291699;0.605916;0.490858;0.553928;0.597949;0.081358;0.775536;0.185423;0.553928;-0.490858;0.605916;-0.291699
33400222;1;0.509933;-0.472958;0.631990;-0.341859;0.500142;-0.490502;0.618473;-0.356030;0.468398;-0.522187;0.590990;-0.398316;0.498832;-0.473112;0.630962;-0.359471;0.766921;-0.589439;0.066496;0.244893;0.673255;-0.299618;-0.114208;0.666268;-0.226731;-0.251697;0.198653;0.919663;-0.473414;-0.348378;0.257608;0.766910;-0.130500;-0.421968;0.098347;0.891763;-0.130500;-0.421968;0.098347;0.891763;-0.043999;0.665761;-0.587036;-0.458492;0.629100;0.766675;-0.074171;-0.104603;0.459868;0.677502;-0.512015;-0.259525;-0.467758;0.061665;0.846974;-0.245020;-0.449465;0.433078;0.611257;-0.486611;0.643035;-0.025400;-0.748696;0.159110;0.643035;-0.025400;-0.748696;0.159110;0.613242;0.173373;-0.219217;0.738796;-0.497321;0.443934;-0.517663;0.536302;0.524722;-0.416287;0.540141;-0.509528;0.414057;-0.530419;0.551074;-0.493488;0.645859;0.011800;0.761132;-0.058359;0.230973;0.607421;0.637924;0.413212;0.214363;0.632464;0.613122;0.422042;0.312826;0.537825;0.645492;0.442971;-0.089425;0.839535;0.080084;0.529879;0.555642;-0.491230;0.598353;-0.303197;0.555642;-0.491230;0.598353;-0.303197;0.607291;0.075747;0.770452;0.178506;0.303197;0.598353;0.491230;0.555642;0.607291;0.075747;0.770452;0.178506;0.555642;-0.491230;0.598353;-0.303197
33433555;1;0.502671;-0.482444;0.628611;-0.345568;0.495962;-0.494394;0.619257;-0.355131;0.462697;-0.519610;0.595024;-0.402321;0.493471;-0.470220;0.634777;-0.363920;0.767286;-0.590255;0.070545;0.240613;0.654932;-0.323188;-0.138668;0.668868;-0.221481;-0.288572;0.201012;0.909542;0.507256;0.303511;-0.290878;-0.752305;-0.247330;-0.379091;0.181712;0.872983;-0.247330;-0.379091;0.181712;0.872983;0.049420;0.648725;-0.623190;-0.433990;0.630469;0.764612;-0.080094;-0.107068;0.462185;0.675812;-0.512025;-0.259796;-0.470531;0.058159;0.845878;-0.244354;-0.453919;0.424769;0.615647;-0.484261;0.640290;-0.039499;-0.746920;0.174870;0.640290;-0.039499;-0.746920;0.174870;0.619932;0.114572;-0.209303;0.747496;-0.493025;0.450566;-0.523424;0.529098;0.521528;-0.421005;0.547477;-0.501031;0.417629;-0.529284;0.549924;-0.492978;0.648025;0.011811;0.759504;-0.055479;0.221437;0.609373;0.646473;0.402123;0.204352;0.636153;0.620156;0.411043;0.302817;0.543803;0.648170;0.438698;-0.093536;0.845605;0.077799;0.519761;0.568839;-0.490823;0.590992;-0.293674;0.568839;-0.490823;0.590992;-0.293674;0.609888;0.070831;0.764959;0.194571;0.293674;0.590992;0.490823;0.568839;0.609888;0.070831;0.764959;0.194571;0.568839;-0.490823;0.590992;-0.293674
33466866;1;0.503003;-0.482126;0.626346;-0.349618;0.492796;-0.499846;0.612299;-0.363863;0.463895;-0.515472;0.601040;-0.397292;0.494261;-0.465613;0.640441;-0.358811;0.773510;-0.583770;0.075149;0.235049;0.649897;-0.313730;-0.136877;0.678581;-0.233478;-0.281818;0.194269;0.910124;-0.456366;-0.329057;0.255679;0.786181;-0.312714;-0.368501;0.194568;0.853557;-0.312714;-0.368501;0.194568;0.853557;0.063455;0.659987;-0.587152;-0.464375;0.625205;0.768115;-0.085460;-0.108698;0.465581;0.680155;-0.503749;-0.258574;-0.470053;0.053322;0.844707;-0.250353;-0.470713;0.402109;0.623004;-0.478125;0.641145;-0.058614;-0.739182;0.197754;0.641145;-0.058614;-0.739182;0.197754;0.629147;0.011191;-0.184901;0.754891;0.488963;-0.459114;0.528590;-0.520310;0.515875;-0.430500;0.552139;-0.493645;0.421964;-0.528403;0.547403;-0.493038;0.651129;0.010677;0.757077;-0.052459;0.209779;0.609374;0.657888;0.389666;0.191045;0.640089;0.628061;0.399158;0.302810;0.542095;0.647154;0.442302;-0.096076;0.843691;0.078295;0.522326;0.559129;-0.488817;0.600706;-0.295948;0.559129;-0.488817;0.600706;-0.295948;0.604631;0.079118;0.770409;0.186097;0.295948;0.600706;0.488817;0.559129;0.604631;0.079118;0.770409;0.186097;0.559129;-0.488817;0.600706;-0.295948
33500222;1;0.500565;-0.482093;0.630067;-0.346464;0.484258;-0.510302;0.607445;-0.368913;0.471178;-0.507113;0.612058;-0.382378;0.500325;-0.456397;0.650754;-0.343361;0.785351;-0.566429;0.082029;0.235912;0.663944;-0.301260;-0.134957;0.670975;-0.220458;-0.273435;0.184944;0.917838;-0.490549;-0.323136;0.264968;0.764681;-0.256628;-0.384437;0.163808;0.871503;-0.256628;-0.384437;0.163808;0.871503;0.076847;0.680181;-0.573128;-0.450525;0.609654;0.780671;-0.084048;-0.108679;0.456649;0.684159;-0.502834;-0.265624;-0.474137;0.039533;0.848147;-0.232977;0.512410;-0.349664;-0.649645;0.439468;0.605036;-0.178478;-0.715855;0.299380;0.605036;-0.178478;-0.715855;0.299380;0.579253;0.020331;-0.218187;0.785142;-0.480113;0.468271;-0.521608;0.527389;0.519078;-0.427038;0.555867;-0.489089;0.428044;-0.523450;0.549930;-0.490260;0.653474;0.016007;0.755366;-0.046234;0.227566;0.596799;0.660755;0.394268;0.200124;0.640678;0.618317;0.408860;0.299345;0.555081;0.633956;0.447635;-0.102401;0.843625;0.059817;0.523673;0.542243;-0.496581;0.605325;-0.304896;0.542243;-0.496581;0.605325;-0.304896;0.599018;0.076893;0.779165;0.167829;0.304896;0.605325;0.496581;0.542243;0.599018;0.076893;0.779165;0.167829;0.542243;-0.496581;0.605325;-0.304896
33533555;1;0.498813;-0.484478;0.630344;-0.345157;0.475035;-0.524882;0.597119;-0.377212;0.485595;-0.485802;0.629306;-0.363550;0.513185;-0.433771;0.666237;-0.323438;0.801204;-0.535554;0.104450;0.245650;0.671967;-0.300936;-0.143932;0.661197;-0.207584;-0.280959;0.179836;0.919581;-0.473151;-0.327573;0.260733;0.775140;-0.295187;-0.376023;0.184101;0.858824;-0.295187;-0.376023;0.184101;0.858824;0.134521;0.668143;-0.580028;-0.446157;0.582119;0.801465;-0.101760;-0.091846;0.422893;0.710277;-0.499950;-0.258298;-0.441720;0.053141;0.866960;-0.224587;0.554363;-0.289956;-0.733192;0.266527;0.516362;-0.380028;-0.690814;0.334253;0.516362;-0.380028;-0.690814;0.334253;0.656619;-0.126636;-0.287398;0.685724;-0.472801;0.474823;-0.504459;0.544539;0.530591;-0.415663;0.554221;-0.488402;0.440715;-0.512434;0.556074;-0.483698;0.657818;0.028229;0.751936;-0.032718;0.252262;0.579529;0.664940;0.397951;0.210094;0.644868;0.601794;0.421722;0.304955;0.557777;0.631121;0.444493;-0.096228;0.843552;0.055869;0.525393;0.538292;-0.491246;0.610326;-0.310517;0.538292;-0.491246;0.610326;-0.310517;0.600198;0.084202;0.778930;0.161061;0.310517;0.610326;0.491246;0.538292;0.600198;0.084202;0.778930;0.161061;0.538292;-0.491246;0.610326;-0.310517
33566888;1;0.504464;-0.469127;0.630958;-0.356832;0.477177;-0.513771;0.595170;-0.392574;0.490611;-0.475366;0.635820;-0.359251;0.517841;-0.422846;0.671893;-0.318750;0.811255;-0.525808;0.121616;0.224948;0.675344;-0.301769;-0.136846;0.658878;-0.196684;-0.276797;0.182139;0.922781;-0.459448;-0.321043;0.261909;0.785648;-0.290548;-0.367492;0.191349;0.862506;-0.290548;-0.367492;0.191349;0.862506;0.130096;0.656727;-0.588916;-0.452727;0.568892;0.811853;-0.094064;-0.091694;0.433296;0.694158;-0.515278;-0.254731;-0.450954;0.048948;0.863117;-0.221977;0.562029;-0.286984;-0.685537;0.363047;0.508366;-0.376178;-0.640945;0.435021;0.508366;-0.376178;-0.640945;0.435021;0.642720;-0.129642;-0.194245;0.729639;-0.459265;0.492576;-0.492142;0.551581;0.536604;-0.413491;0.560235;-0.476674;0.458126;-0.500660;0.550666;-0.486033;0.671746;0.032831;0.739723;-0.022128;0.260185;0.567789;0.672860;0.396457;0.207310;0.649392;0.594496;0.426483;0.292368;0.564228;0.638342;0.434381;-0.098040;0.853124;0.056463;0.509293;0.533527;-0.507070;0.602788;-0.308018;0.533527;-0.507070;0.602788;-0.308018;0.595062;0.067682;0.784788;0.159459;0.308018;0.602788;0.507070;0.533527;0.595062;0.067682;0.784788;0.159459;0.533527;-0.507070;0.602788;-0.308018
33600211;1;0.507830;-0.468688;0.636608;-0.342301;0.490781;-0.498760;0.613332;-0.366327;0.489874;-0.467657;0.638773;-0.365089;0.517573;-0.414925;0.674219;-0.324629;0.814821;-0.525134;0.123992;0.211959;0.688883;-0.282199;-0.129036;0.655098;-0.181525;-0.260605;0.168438;0.933146;-0.460423;-0.335619;0.253014;0.781892;-0.220467;-0.393478;0.147754;0.880192;-0.220467;-0.393478;0.147754;0.880192;0.090437;0.678287;-0.566556;-0.459088;0.566294;0.812822;-0.099767;-0.093158;0.421911;0.695115;-0.511888;-0.277087;-0.465414;0.036693;0.862478;-0.195386;-0.467918;0.381559;0.678682;-0.418159;-0.493843;0.337119;0.701817;-0.387198;-0.493843;0.337119;0.701817;-0.387198;0.648654;0.021001;-0.259939;0.715009;-0.445024;0.502772;-0.471122;0.572030;0.549875;-0.399132;0.561638;-0.472117;0.466871;-0.494180;0.557005;-0.477035;0.671608;0.041966;0.739654;-0.009633;0.292326;0.545655;0.672538;0.405585;0.222617;0.647737;0.574880;0.447652;0.291855;0.566389;0.639300;0.430487;-0.095667;0.855314;0.055607;0.506155;0.517923;-0.515174;0.604156;-0.318351;0.517923;-0.515174;0.604156;-0.318351;0.591335;0.062920;0.791486;0.141119;0.318351;0.604156;0.515174;0.517923;0.591335;0.062920;0.791486;0.141119;0.517923;-0.515174;0.604156;-0.318351
33633555;1;0.506825;-0.466684;0.649983;-0.320713;0.490152;-0.498606;0.625830;-0.345658;0.492813;-0.458102;0.647528;-0.357750;0.519915;-0.404699;0.682180;-0.317077;0.829792;-0.516804;0.114778;0.176595;0.677966;-0.292126;-0.140219;0.659821;-0.156711;-0.281548;0.160405;0.932975;0.540322;0.271225;-0.290573;-0.741658;-0.147543;-0.373156;0.136930;0.905669;-0.147543;-0.373156;0.136930;0.905669;0.032871;0.662412;-0.606068;-0.439103;0.547856;0.827738;-0.058179;-0.106390;0.433130;0.679377;-0.528428;-0.267599;-0.472032;0.023908;0.860359;-0.190778;-0.387462;0.459645;0.645953;-0.470472;-0.457876;0.350140;0.711288;-0.402269;-0.457876;0.350140;0.711288;-0.402269;0.659296;0.105239;-0.236066;0.706064;-0.425249;0.519707;-0.458399;0.582184;0.552691;-0.394393;0.569817;-0.462922;0.475698;-0.484825;0.566865;-0.466176;0.670219;0.055631;0.740064;0.004215;0.309479;0.527390;0.687238;0.392157;0.222732;0.656951;0.564666;0.447167;0.263472;0.593300;0.638002;0.414164;-0.104440;0.873320;0.035784;0.474472;0.515677;-0.511153;0.598937;-0.337750;0.515677;-0.511153;0.598937;-0.337750;0.603464;0.062073;0.784952;0.125813;0.337750;0.598937;0.511152;0.515677;0.603464;0.062073;0.784952;0.125813;0.515677;-0.511153;0.598937;-0.337750
33666866;1;0.502929;-0.467551;0.653356;-0.318723;0.493809;-0.485659;0.640010;-0.332677;0.501362;-0.453235;0.656178;-0.335626;0.526662;-0.399154;0.690411;-0.294339;0.836577;-0.494761;0.132312;0.194533;0.698039;-0.272421;-0.138350;0.647601;-0.160118;-0.264861;0.152324;0.938620;0.519500;0.300983;-0.272456;-0.751862;-0.099566;-0.394325;0.096594;0.908440;-0.099566;-0.394325;0.096594;0.908440;0.028155;0.676639;-0.581486;-0.450823;0.530122;0.840167;-0.055880;-0.099831;0.429256;0.680344;-0.531566;-0.265159;-0.464642;0.039869;0.862462;-0.196665;-0.283225;0.558281;0.619995;-0.472983;0.544006;0.112588;-0.826677;0.089369;0.544006;0.112588;-0.826677;0.089369;0.671631;0.234767;-0.221536;0.666872;-0.393864;0.547995;-0.441133;0.591587;0.557735;-0.384473;0.589147;-0.440475;0.476964;-0.485556;0.565273;-0.466054;0.671028;0.053995;0.739445;0.005203;0.311809;0.499519;0.725328;0.356587;0.197913;0.684826;0.553733;0.430376;0.263098;0.596670;0.642954;0.401714;-0.095932;0.879147;0.036876;0.465336;0.490669;-0.514868;0.615669;-0.339274;0.490669;-0.514868;0.615669;-0.339274;0.586858;0.071277;0.799410;0.107053;0.339274;0.615669;0.514868;0.490669;0.586858;0.071277;0.799410;0.107053;0.490669;-0.514868;0.615669;-0.339274
33700222;1;0.500627;-0.475376;0.652704;-0.312039;0.496435;-0.484011;0.646327;-0.318666;0.505534;-0.445806;0.661108;-0.329590;0.530336;-0.391354;0.694729;-0.287988;0.840655;-0.483665;0.136335;0.201942;0.701443;-0.278977;-0.158106;0.636515;-0.159602;-0.283295;0.150232;0.933650;0.514546;0.287722;-0.270557;-0.761090;-0.112284;-0.379271;0.110174;0.911815;-0.112284;-0.379271;0.110174;0.911815;0.058073;0.659503;-0.593893;-0.457137;0.519973;0.847297;-0.061368;-0.089167;0.445954;0.672587;-0.519775;-0.280330;-0.481418;0.056241;0.848161;-0.213769;-0.202840;0.571309;0.666870;-0.433298;-0.469588;-0.201976;0.854584;-0.091534;-0.469588;-0.201976;0.854584;-0.091534;0.646912;0.250358;-0.244504;0.677527;-0.377864;0.554869;-0.424431;0.607617;0.566848;-0.370992;0.591952;-0.436624;0.466697;-0.499597;0.564870;-0.462080;0.660998;0.043725;0.749112;0.000844;0.325405;0.480154;0.736292;0.348479;0.194799;0.693142;0.540562;0.435200;0.270618;0.591451;0.645374;0.400554;-0.089745;0.877173;0.042233;0.469819;0.475809;-0.507752;0.631134;-0.342729;0.475809;-0.507752;0.631134;-0.342729;0.578794;0.087244;0.805314;0.094102;0.342729;0.631134;0.507752;0.475809;0.578794;0.087244;0.805314;0.094102;0.475809;-0.507752;0.631134;-0.342729
33733555;1;0.500651;-0.475195;0.657581;-0.301868;0.501405;-0.473550;0.658767;-0.300616;0.508579;-0.442710;0.661168;-0.328956;0.533321;-0.388263;0.694541;-0.287112;0.845213;-0.482937;0.129715;0.188578;0.696643;-0.281816;-0.148880;0.642731;-0.150194;-0.279901;0.152451;0.935872;-0.497222;-0.301762;0.271897;0.766669;-0.228469;-0.372404;0.162184;0.884767;-0.228469;-0.372404;0.162184;0.884767;0.064152;0.670119;-0.583529;-0.454223;0.516045;0.849404;-0.052608;-0.097177;0.450366;0.668353;-0.527288;-0.269152;-0.479342;0.046408;0.850043;-0.213317;-0.216346;0.562041;0.665528;-0.440882;-0.483635;-0.205954;0.846405;-0.085323;-0.483635;-0.205954;0.846405;-0.085323;0.633297;0.281090;-0.234206;0.681961;-0.355738;0.571812;-0.407472;0.616805;0.563352;-0.374259;0.594102;-0.435439;0.466552;-0.496757;0.552051;-0.480418;0.673756;0.036632;0.737944;-0.012227;0.340977;0.457845;0.749253;0.335757;0.190896;0.704698;0.523810;0.438843;0.272332;0.583359;0.659539;0.387989;-0.079587;0.881358;0.057929;0.462080;0.505052;-0.480645;0.636692;-0.329433;0.505052;-0.480645;0.636692;-0.329433;0.590070;0.110342;0.790077;0.124181;0.329433;0.636692;0.480645;0.505052;0.590070;0.110342;0.790077;0.124181;0.505052;-0.480645;0.636692;-0.329433
33766888;1;0.499624;-0.479444;0.667538;-0.273682;0.503144;-0.470714;0.673723;-0.267156;0.503099;-0.455253;0.658875;-0.324838;0.527529;-0.400949;0.693262;-0.283447;0.840282;-0.489960;0.143395;0.182489;0.695408;-0.284367;-0.153681;0.641814;-0.171096;-0.281821;0.158302;0.930722;0.524796;0.273917;-0.274801;-0.757656;-0.131168;-0.367811;0.123536;0.912277;-0.131168;-0.367811;0.123536;0.912277;0.102829;0.665026;-0.584316;-0.453587;0.519453;0.849413;-0.023513;-0.090072;0.454972;0.657522;-0.540439;-0.261898;-0.476863;0.060308;0.848984;-0.219525;-0.257577;0.563709;0.624805;-0.474874;0.532490;0.142582;-0.829349;0.091134;0.532490;0.142582;-0.829349;0.091134;0.620860;0.307322;-0.213043;0.688984;-0.337519;0.575239;-0.388471;0.635823;0.577629;-0.353050;0.597657;-0.429542;0.446557;-0.520487;0.530671;-0.498065;0.672019;0.004579;0.739510;-0.038658;0.356015;0.432372;0.765507;0.316713;0.185793;0.719014;0.505896;0.438826;0.267199;0.584207;0.668075;0.375476;-0.074388;0.887899;0.063361;0.449542;0.483150;-0.532631;0.618946;-0.315873;0.483150;-0.532631;0.618946;-0.315873;0.564995;0.061034;0.814288;0.118283;0.315873;0.618946;0.532631;0.483150;0.564995;0.061034;0.814288;0.118283;0.483150;-0.532631;0.618946;-0.315873
33800200;1;0.501533;-0.483596;0.659432;-0.282398;0.507807;-0.468520;0.670228;-0.270954;0.513327;-0.446746;0.662813;-0.312397;0.536726;-0.392154;0.696504;-0.270226;0.846598;-0.473074;0.137459;0.201442;0.712981;-0.275547;-0.154345;0.626026;-0.135952;-0.279637;0.146805;0.939025;0.572467;0.274639;-0.304424;-0.710057;-0.144383;-0.389543;0.127894;0.900585;-0.144383;-0.389543;0.127894;0.900585;0.070648;0.694558;-0.583244;-0.415240;0.504779;0.858236;-0.025529;-0.089310;0.455112;0.655353;-0.546237;-0.254972;-0.475582;0.049636;0.851703;-0.214381;-0.276352;0.552359;0.622381;-0.480802;0.546454;0.126034;-0.822541;0.094494;0.546454;0.126034;-0.822541;0.094494;0.636614;0.277619;-0.213951;0.686931;-0.320629;0.577010;-0.367080;0.655370;0.590774;-0.337193;0.594997;-0.428095;0.450106;-0.519439;0.526391;-0.500499;0.676231;0.002310;0.735712;-0.037871;0.381976;0.400135;0.774003;0.308070;0.179559;0.730755;0.474491;0.456742;0.259520;0.591652;0.659996;0.383409;-0.085491;0.887495;0.052448;0.449770;0.480269;-0.521430;0.643615;-0.288466;0.480269;-0.521430;0.643615;-0.288466;0.543578;0.086398;0.823811;0.135625;0.288466;0.643615;0.521430;0.480269;0.543578;0.086398;0.823811;0.135625;0.480269;-0.521430;0.643615;-0.288466
33833555;1;0.510854;-0.476161;0.649029;-0.301762;0.522555;-0.449725;0.667619;-0.281013;0.522158;-0.432553;0.665350;-0.312341;0.545524;-0.377804;0.697895;-0.269462;0.852847;-0.462125;0.126401;0.207642;0.705376;-0.290811;-0.164418;0.625172;-0.144290;-0.295589;0.155665;0.931438;0.509535;0.295629;-0.286305;-0.755650;-0.182852;-0.382473;0.151927;0.892859;-0.182852;-0.382473;0.151927;0.892859;0.125444;0.667528;-0.591813;-0.434082;0.494907;0.864198;-0.054901;-0.072213;0.445257;0.656578;-0.542434;-0.276438;-0.486658;0.047275;0.850349;-0.194513;-0.294624;0.549566;0.624888;-0.469776;0.544514;0.082277;-0.828093;0.104869;0.544514;0.082277;-0.828093;0.104869;0.667888;0.223457;-0.229501;0.671805;-0.302885;0.585277;-0.352741;0.664294;0.591882;-0.334152;0.596114;-0.427394;0.452086;-0.512132;0.520293;-0.512479;0.686025;0.003156;0.726179;-0.044978;0.384773;0.381863;0.787287;0.293784;0.168117;0.743705;0.460974;0.454030;0.258966;0.601170;0.650029;0.385997;-0.087787;0.887242;0.038682;0.451219;0.508977;-0.508204;0.627448;-0.298295;0.508977;-0.508204;0.627448;-0.298295;0.570828;0.084319;0.803027;0.148974;0.298295;0.627448;0.508204;0.508977;0.570828;0.084319;0.803027;0.148974;0.508977;-0.508204;0.627448;-0.298295
33866877;1;0.505352;-0.479755;0.656172;-0.289642;0.516892;-0.452223;0.675441;-0.268506;0.528162;-0.427922;0.665469;-0.308349;0.551188;-0.373177;0.697642;-0.265001;0.859692;-0.458376;0.128434;0.185274;0.694156;-0.296135;-0.150560;0.638579;-0.161204;-0.286890;0.167506;0.929327;0.503588;0.282024;-0.282523;-0.766187;-0.184575;-0.366505;0.158212;0.898095;-0.184575;-0.366505;0.158212;0.898095;0.113469;0.667404;-0.583743;-0.448264;0.488025;0.868350;-0.055010;-0.069089;0.443072;0.666680;-0.543318;-0.253043;-0.465962;0.044339;0.858889;-0.207902;-0.308510;0.544318;0.604463;-0.493117;0.568537;0.053431;-0.811667;0.122914;0.568537;0.053431;-0.811667;0.122914;0.666118;0.232935;-0.205854;0.677976;-0.281085;0.590817;-0.330614;0.680162;0.605658;-0.316231;0.598671;-0.418054;0.455245;-0.513220;0.517251;-0.511672;0.687690;0.000256;0.724779;-0.042162;0.383682;0.362063;0.804289;0.273527;0.159403;0.755970;0.454345;0.443476;0.256661;0.605692;0.652182;0.376723;-0.082902;0.891921;0.036997;0.442984;0.480599;-0.524590;0.639404;-0.291536;0.480599;-0.524590;0.639404;-0.291536;0.545982;0.081186;0.823068;0.133687;0.291536;0.639404;0.524590;0.480599;0.545982;0.081186;0.823068;0.133687;0.480599;-0.524590;0.639404;-0.291536
33900222;1;0.500993;-0.477632;0.661962;-0.287543;0.514176;-0.445417;0.684053;-0.263246;0.532727;-0.412133;0.677552;-0.295417;0.554702;-0.356471;0.708421;-0.251744;0.870857;-0.437304;0.133882;0.180137;0.710402;-0.284750;-0.155105;0.624651;-0.135603;-0.285392;0.153920;0.936201;0.507085;0.303350;-0.286993;-0.753975;-0.315699;-0.362298;0.207668;0.852026;-0.315699;-0.362298;0.207668;0.852026;0.248167;0.663440;-0.579963;-0.402372;0.466434;0.879963;-0.050535;-0.074504;0.440335;0.660801;-0.552560;-0.253230;-0.462505;0.063499;0.859039;-0.210023;-0.307599;0.560604;0.589285;-0.493810;0.558201;-0.026369;-0.812920;0.163943;0.558201;-0.026369;-0.812920;0.163943;0.647535;0.271862;-0.207152;0.681085;-0.263969;0.599865;-0.316907;0.685604;0.610796;-0.307704;0.604671;-0.408191;0.465383;-0.498303;0.517552;-0.516965;0.698553;0.011070;0.714418;-0.038834;0.383666;0.343436;0.816910;0.259826;0.152466;0.763530;0.449731;0.437628;0.263507;0.609580;0.645691;0.376909;-0.078216;0.890139;0.029623;0.447948;0.494361;-0.521662;0.617880;-0.318904;0.494361;-0.521662;0.617880;-0.318904;0.575065;0.068037;0.805778;0.124067;0.318904;0.617880;0.521662;0.494361;0.575065;0.068037;0.805778;0.124067;0.494361;-0.521662;0.617880;-0.318904
33933555;1;0.488887;-0.484854;0.666499;-0.285807;0.505972;-0.441764;0.695807;-0.254339;0.526863;-0.413983;0.680964;-0.295504;0.548863;-0.358041;0.711969;-0.252302;0.866496;-0.435833;0.130780;0.205259;0.718875;-0.276237;-0.155443;0.618668;-0.129096;-0.280538;0.147539;0.939609;0.544860;0.282466;-0.295908;-0.731969;-0.356536;-0.344371;0.220810;0.839960;-0.356536;-0.344371;0.220810;0.839960;0.251147;0.675268;-0.567810;-0.398159;0.471400;0.875897;-0.073450;-0.072050;0.430889;0.675737;-0.548579;-0.238275;-0.446900;0.043017;0.869316;-0.206690;-0.327781;0.542014;0.589394;-0.501394;0.579507;-0.006204;-0.800703;0.151681;0.579507;-0.006204;-0.800703;0.151681;0.659058;0.230544;-0.201632;0.686903;-0.260436;0.603999;-0.322271;0.680808;0.609737;-0.301002;0.614908;-0.399383;-0.435833;0.534690;-0.506412;0.517399;0.677999;-0.022714;0.732276;-0.059778;0.367832;0.336059;0.829345;0.252885;0.136388;0.773171;0.450447;0.425092;0.261769;0.604032;0.657029;0.367336;-0.072639;0.894138;0.041546;0.439903;0.519107;-0.513180;0.620467;-0.286697;0.519107;-0.513180;0.620467;-0.286697;0.569790;0.075863;0.801609;0.164338;0.286697;0.620467;0.513180;0.519107;0.569790;0.075863;0.801609;0.164338;0.519107;-0.513180;0.620467;-0.286697
33966888;1;0.484897;-0.478951;0.680202;-0.269827;0.499070;-0.440620;0.705636;-0.242612;0.528370;-0.414709;0.678770;-0.296838;0.550472;-0.358940;0.709841;-0.253511;0.870407;-0.440477;0.120515;0.183977;0.717942;-0.291053;-0.169017;0.609328;-0.100901;-0.303311;0.145878;0.936238;0.556975;0.294655;-0.330696;-0.702564;-0.128596;-0.420914;0.137889;0.887289;-0.128596;-0.420914;0.137889;0.887289;0.190778;0.691845;-0.590604;-0.368975;0.470932;0.876253;-0.047314;-0.090365;0.446997;0.652744;-0.567389;-0.228447;-0.451648;0.059549;0.862821;-0.219109;-0.325379;0.552885;0.567023;-0.516654;0.582809;-0.052822;-0.790195;0.182034;0.582809;-0.052822;-0.790195;0.182034;0.664476;0.180922;-0.185126;0.701047;-0.249537;0.601529;-0.311510;0.691994;0.621808;-0.283617;0.615207;-0.392983;-0.442931;0.530468;-0.506666;0.515466;0.681655;-0.019504;0.729460;-0.053422;0.374431;0.312532;0.836930;0.248342;0.127750;0.776912;0.440998;0.430824;0.253204;0.618336;0.640007;0.379393;-0.087340;0.892320;0.019474;0.442444;0.477542;-0.545777;0.619892;-0.299692;0.477542;-0.545777;0.619892;-0.299692;0.549587;0.052407;0.824252;0.125759;0.299692;0.619892;0.545777;0.477542;0.549587;0.052407;0.824252;0.125759;0.477542;-0.545777;0.619892;-0.299692
34000200;1;0.490230;-0.476924;0.675151;-0.276385;0.509036;-0.426551;0.708053;-0.239994;0.529916;-0.397889;0.689417;-0.292537;0.551669;-0.341321;0.719104;-0.249100;0.878585;-0.424270;0.115427;0.186438;0.719979;-0.276631;-0.170674;0.613168;-0.125405;-0.293314;0.140076;0.937347;0.502807;0.318856;-0.284322;-0.751450;-0.208218;-0.398162;0.154839;0.879850;-0.208218;-0.398162;0.154839;0.879850;0.146015;0.687343;-0.572255;-0.422803;0.459036;0.880135;-0.080052;-0.090770;0.428382;0.673302;-0.546139;-0.254729;-0.454900;0.058944;0.864944;-0.203627;-0.368669;0.538196;0.591421;-0.473972;0.592667;0.007992;-0.799606;0.096503;0.592667;0.007992;-0.799606;0.096503;0.645595;0.225588;-0.237884;0.689730;-0.241568;0.604505;-0.307612;0.693969;0.623737;-0.277394;0.618989;-0.388403;-0.438248;0.535860;-0.503986;0.516518;0.679085;-0.025241;0.731373;-0.057437;0.352850;0.313649;0.849026;0.237226;0.112355;0.792024;0.438022;0.410135;0.250953;0.611838;0.659265;0.357835;-0.073650;0.901171;0.037642;0.425500;0.494610;-0.529803;0.597515;-0.342995;0.494610;-0.529803;0.597515;-0.342995;0.592276;0.047879;0.797134;0.107208;0.342995;0.597515;0.529803;0.494610;0.592276;0.047879;0.797134;0.107208;0.494610;-0.529803;0.597515;-0.342995
34033555;1;0.494342;-0.470467;0.673343;-0.284420;0.514430;-0.418216;0.706984;-0.246234;0.540360;-0.395239;0.688539;-0.278767;0.560975;-0.338749;0.718017;-0.234536;0.881570;-0.411777;0.106452;0.204800;0.713541;-0.279054;-0.167784;0.620352;-0.136335;-0.291981;0.144117;0.935623;0.516274;0.331912;-0.292230;-0.733414;-0.219050;-0.414611;0.153825;0.869743;-0.219050;-0.414611;0.153825;0.869743;0.202484;0.702744;-0.557979;-0.392187;0.447659;0.886593;-0.078784;-0.085715;0.428972;0.667118;-0.555109;-0.250578;-0.456737;0.048767;0.866496;-0.195443;-0.338300;0.544601;0.583982;-0.497922;0.591413;0.028652;-0.798001;0.112273;0.591413;0.028652;-0.798001;0.112273;0.659258;0.230910;-0.206382;0.685175;-0.225123;0.603889;-0.292854;0.706310;0.631519;-0.266474;0.616022;-0.388191;-0.444662;0.532577;-0.506531;0.511922;0.680394;-0.021074;0.730857;-0.049679;0.367850;0.298820;0.848578;0.235180;0.112582;0.793429;0.424016;0.421908;0.254531;0.607899;0.658607;0.363195;-0.074871;0.897947;0.039956;0.431844;0.499073;-0.522128;0.596520;-0.349961;0.499073;-0.522128;0.596520;-0.349961;0.600358;0.052603;0.791003;0.105438;0.349961;0.596520;0.522128;0.499073;0.600358;0.052603;0.791003;0.105438;0.499073;-0.522128;0.596520;-0.349961
34066877;1;0.493070;-0.471778;0.669227;-0.294010;0.518398;-0.407145;0.710403;-0.246624;0.533486;-0.395392;0.689875;-0.288323;0.554890;-0.338796;0.719361;-0.244612;0.879098;-0.418521;0.110124;0.199748;0.721918;-0.284015;-0.165278;0.608977;-0.098720;-0.296213;0.142263;0.939294;-0.498871;-0.323506;0.301849;0.745224;-0.313129;-0.384511;0.218908;0.840346;-0.313129;-0.384511;0.218908;0.840346;0.311396;0.667333;-0.575156;-0.356223;0.451993;0.884501;-0.060884;-0.098250;0.440469;0.653854;-0.565102;-0.243149;-0.461859;0.046775;0.862947;-0.199552;-0.358347;0.534808;0.567321;-0.513531;0.608191;-0.027111;-0.779191;0.149101;0.608191;-0.027111;-0.779191;0.149101;0.679560;0.214521;-0.184071;0.676976;-0.220114;0.603840;-0.291478;0.708497;0.632824;-0.261533;0.617437;-0.387176;-0.442067;0.534923;-0.505658;0.512585;0.679026;-0.023367;0.731900;-0.051965;0.357618;0.295066;0.856367;0.227334;0.103881;0.802625;0.419719;0.410899;0.244490;0.612400;0.663656;0.353202;-0.074960;0.904615;0.040372;0.417639;0.510597;-0.503549;0.625016;-0.308357;0.510597;-0.503549;0.625016;-0.308357;0.579088;0.085890;0.798016;0.143005;0.308357;0.625016;0.503549;0.510597;0.579088;0.085890;0.798016;0.143005;0.510597;-0.503549;0.625016;-0.308357
34100222;1;0.499986;-0.466880;0.663679;-0.302599;0.525593;-0.404151;0.703640;-0.255548;0.538967;-0.386177;0.690166;-0.289920;0.560481;-0.329586;0.718912;-0.245764;0.880025;-0.412636;0.095987;0.214648;0.704265;-0.294887;-0.166756;0.623895;-0.140737;-0.300281;0.156835;0.930283;0.538252;0.319003;-0.312891;-0.714578;-0.192298;-0.420236;0.151872;0.873703;-0.192298;-0.420236;0.151872;0.873703;0.224038;0.677117;-0.598500;-0.364852;0.452579;0.879263;-0.102035;-0.107969;0.442530;0.654406;-0.559540;-0.250669;-0.463543;0.065432;0.858517;-0.209275;-0.377253;0.538732;0.536113;-0.529179;0.634948;-0.038885;-0.759037;0.138533;0.634948;-0.038885;-0.759037;0.138533;0.671592;0.249414;-0.170497;0.676526;-0.199895;0.605472;-0.275581;0.719375;0.646747;-0.238792;0.620941;-0.373000;-0.453820;0.525472;-0.506659;0.511099;0.686283;-0.015904;0.725908;-0.042669;0.361673;0.276566;0.859825;0.231095;0.089115;0.806766;0.406026;0.419917;0.272732;0.600876;0.657001;0.364575;-0.062898;0.891912;0.043692;0.445677;0.508611;-0.494284;0.617136;-0.340795;0.508611;-0.494284;0.617136;-0.340795;0.600621;0.086870;0.785892;0.118664;0.340795;0.617136;0.494284;0.508611;0.600621;0.086870;0.785892;0.118664;0.508611;-0.494284;0.617136;-0.340795
34133544;1;0.504659;-0.453809;0.669572;-0.301745;0.527240;-0.398630;0.703820;-0.260286;0.535987;-0.387532;0.691691;-0.290001;0.557517;-0.330815;0.720541;-0.246085;0.886747;-0.416813;0.094831;0.175937;0.701642;-0.309290;-0.160596;0.621487;-0.112429;-0.307947;0.163158;0.930542;0.529252;0.292053;-0.322842;-0.728265;-0.324503;-0.365159;0.237024;0.839748;-0.324503;-0.365159;0.237024;0.839748;0.166304;0.677803;-0.600038;-0.390998;0.445241;0.886039;-0.045025;-0.121113;0.457682;0.629881;-0.582092;-0.234407;-0.473614;0.041649;0.856648;-0.200273;0.396658;-0.515080;-0.530641;0.543852;0.648088;-0.076428;-0.735558;0.181918;0.648088;-0.076428;-0.735558;0.181918;0.698038;0.198608;-0.139951;0.673581;-0.183032;0.605835;-0.263796;0.727925;0.649791;-0.232725;0.618477;-0.375630;0.472537;-0.506324;0.525208;-0.494470;0.687837;0.010895;0.725564;-0.017832;0.352712;0.267658;0.867317;0.227408;0.078877;0.812429;0.404696;0.412260;0.269094;0.612311;0.647400;0.365427;-0.066168;0.893257;0.028842;0.443713;0.480824;-0.530336;0.624504;-0.312325;0.480824;-0.530336;0.624504;-0.312325;0.560841;0.066587;0.816595;0.119147;0.312325;0.624504;0.530336;0.480824;0.560841;0.066587;0.816595;0.119147;0.480824;-0.530336;0.624504;-0.312325
34166888;1;0.501209;-0.456337;0.668843;-0.305279;0.522577;-0.405195;0.701007;-0.267057;0.533956;-0.394261;0.684843;-0.300732;0.556353;-0.338071;0.714254;-0.256944;0.879167;-0.428804;0.103398;0.180284;0.713414;-0.298015;-0.163208;0.612854;-0.092941;-0.304608;0.150545;0.935902;-0.492079;-0.326907;0.312889;0.743701;-0.149854;-0.425418;0.154232;0.879077;-0.149854;-0.425418;0.154232;0.879077;0.026800;0.696130;-0.589248;-0.409232;0.458823;0.878938;-0.056486;-0.117295;0.453280;0.636072;-0.575909;-0.241409;-0.473202;0.045839;0.856830;-0.199550;-0.387349;0.521859;0.541421;-0.533374;0.636096;-0.067421;-0.748951;0.172941;0.636096;-0.067421;-0.748951;0.172941;0.694312;0.190078;-0.154335;0.676744;-0.182079;0.593116;-0.256311;0.741192;0.670527;-0.209989;0.611094;-0.364503;0.486572;-0.497049;0.513139;-0.502870;0.703629;0.008991;0.710375;-0.013888;0.340260;0.261022;0.872847;0.232871;0.055027;0.822995;0.390662;0.408699;0.273711;0.617381;0.638846;0.368510;-0.065118;0.890865;0.019192;0.449167;0.473707;-0.525818;0.639722;-0.299789;0.473707;-0.525818;0.639722;-0.299789;0.546944;0.080542;0.824161;0.122979;0.299789;0.639722;0.525818;0.473707;0.546944;0.080542;0.824161;0.122979;0.473707;-0.525818;0.639722;-0.299789
34200211;1;0.499210;-0.452466;0.676094;-0.298263;0.521548;-0.396714;0.710244;-0.257213;0.526507;-0.391806;0.695062;-0.293542;0.548351;-0.334805;0.724244;-0.250374;0.878760;-0.419224;0.092916;0.208325;0.736467;-0.262352;-0.150115;0.605188;-0.103260;-0.269248;0.137364;0.947615;-0.478439;-0.371785;0.261934;0.751174;-0.226077;-0.434032;0.135828;0.861427;-0.226077;-0.434032;0.135828;0.861427;0.066909;0.734633;-0.519898;-0.430748;0.455222;0.877661;-0.061621;-0.136698;0.454163;0.650191;-0.561613;-0.235750;-0.466727;0.036803;0.858373;-0.209781;-0.362359;0.521354;0.564257;-0.527731;0.620837;-0.017766;-0.768036;0.156097;0.620837;-0.017766;-0.768036;0.156097;0.654941;0.251054;-0.175202;0.690890;-0.183963;0.594600;-0.263488;0.737009;0.672274;-0.199500;0.619052;-0.353584;0.487493;-0.500810;0.518494;-0.492651;0.697116;0.010141;0.716862;-0.005996;0.325173;0.256726;0.879227;0.235191;0.043428;0.824630;0.398596;0.399025;0.265585;0.610183;0.652633;0.362231;-0.066378;0.895404;0.034057;0.438959;0.458371;-0.519430;0.636823;-0.338446;0.458371;-0.519430;0.636823;-0.338446;0.563434;0.083009;0.817594;0.084800;0.338446;0.636823;0.519430;0.458371;0.563434;0.083009;0.817594;0.084800;0.458371;-0.519430;0.636823;-0.338446
34233555;1;0.496947;-0.449502;0.676747;-0.304968;0.522104;-0.387523;0.714048;-0.259555;0.530268;-0.384731;0.694257;-0.298002;0.552458;-0.327817;0.722874;-0.254518;0.881719;-0.418555;0.091173;0.197664;0.702116;-0.296219;-0.143925;0.631326;-0.128127;-0.285429;0.164288;0.935480;0.546553;0.328541;-0.334491;-0.693871;-0.130031;-0.451244;0.127287;0.873652;-0.130031;-0.451244;0.127287;0.873652;-0.079195;0.704434;-0.596734;-0.376046;0.455037;0.876676;-0.085442;-0.130688;0.467596;0.630176;-0.569563;-0.244602;-0.479537;0.065073;0.846929;-0.220274;-0.328308;0.549569;0.565444;-0.520059;0.583959;-0.065086;-0.785822;0.192975;0.583959;-0.065086;-0.785822;0.192975;0.666463;0.176812;-0.180738;0.701355;-0.161313;0.596300;-0.241635;0.748343;0.680696;-0.191715;0.614213;-0.350201;0.490348;-0.502230;0.509921;-0.497297;0.702388;0.003084;0.711751;-0.007239;0.331166;0.231178;0.887256;0.222850;0.037194;0.833192;0.382623;0.397502;0.269607;0.615318;0.648239;0.358445;-0.060896;0.895956;0.027289;0.439101;0.501960;-0.533416;0.618601;-0.284318;0.501960;-0.533416;0.618601;-0.284318;0.555982;0.060235;0.814599;0.153895;0.284318;0.618601;0.533416;0.501960;0.555982;0.060235;0.814599;0.153895;0.501960;-0.533416;0.618601;-0.284318
34266877;1;0.499597;-0.445107;0.678931;-0.302216;0.523561;-0.385556;0.714433;-0.258488;0.532999;-0.381383;0.699853;-0.284014;0.554059;-0.324031;0.728184;-0.240356;0.890165;-0.407077;0.093413;0.182121;0.699560;-0.305390;-0.158283;0.626338;-0.118057;-0.303748;0.161412;0.931529;-0.487470;-0.337862;0.308612;0.743627;-0.230912;-0.417330;0.187691;0.858654;-0.230912;-0.417330;0.187691;0.858654;-0.010298;0.674726;-0.612544;-0.411617;0.437634;0.887221;-0.044829;-0.138946;0.465871;0.633196;-0.576482;-0.222923;-0.466597;0.048869;0.854916;-0.221400;0.357360;-0.531829;-0.542854;0.542920;0.579895;-0.191785;-0.735358;0.293581;0.579895;-0.191785;-0.735358;0.293581;0.723731;0.145756;-0.137359;0.660379;-0.143224;0.598156;-0.230435;0.754053;0.682889;-0.185789;0.613537;-0.350310;0.512856;-0.477435;0.531905;-0.475512;0.702989;0.036346;0.709869;0.023891;0.330502;0.215933;0.891992;0.220210;0.029223;0.836597;0.377257;0.396143;0.231409;0.642244;0.632351;0.366203;-0.093657;0.903757;-0.002763;0.417664;0.464170;-0.540421;0.618069;-0.332387;0.464170;-0.540421;0.618069;-0.332387;0.563251;0.054906;0.819176;0.093185;0.332387;0.618069;0.540421;0.464170;0.563251;0.054906;0.819176;0.093185;0.464170;-0.540421;0.618069;-0.332387
34300222;1;0.500232;-0.445130;0.675032;-0.309772;0.527397;-0.378991;0.714265;-0.260851;0.540416;-0.383884;0.694738;-0.279146;0.561061;-0.326934;0.723286;-0.234909;0.889428;-0.405204;0.077566;0.196753;0.688178;-0.311951;-0.163939;0.634210;-0.116248;-0.314692;0.158613;0.928600;-0.493846;-0.325063;0.308846;0.745026;-0.252196;-0.401681;0.199260;0.857523;-0.252196;-0.401681;0.199260;0.857523;0.059970;0.678120;-0.606533;-0.410699;0.437230;0.886864;-0.045631;-0.142195;0.467487;0.637875;-0.569660;-0.223738;-0.472971;0.022022;0.854934;-0.211898;0.380037;-0.502921;-0.546676;0.551170;0.660014;0.040811;-0.741700;0.112238;0.660014;0.040811;-0.741700;0.112238;0.697012;0.162057;-0.131979;0.685925;-0.142189;0.591206;-0.224524;0.761477;0.689111;-0.184474;0.604945;-0.353746;0.537643;-0.449474;0.543621;-0.461942;0.710943;0.064592;0.698430;0.050828;0.311823;0.222272;0.897069;0.220518;0.020691;0.841341;0.382398;0.381430;0.216147;0.647129;0.638288;0.356501;-0.097655;0.911303;-0.001965;0.399983;0.430183;-0.531224;0.655632;-0.320767;0.430183;-0.531224;0.655632;-0.320767;0.531002;0.087970;0.839233;0.077368;0.320767;0.655632;0.531224;0.430183;0.531002;0.087970;0.839233;0.077368;0.430183;-0.531224;0.655632;-0.320767
34333544;1;0.510720;-0.435276;0.659414;-0.338930;0.546473;-0.356138;0.705307;-0.277625;0.544097;-0.371866;0.694728;-0.288144;0.565452;-0.314956;0.722312;-0.243583;0.889050;-0.403427;0.066556;0.205931;0.681704;-0.319684;-0.163322;0.637502;-0.125801;-0.318126;0.166336;0.924826;-0.496030;-0.281918;0.300661;0.764251;-0.308879;-0.343000;0.228529;0.857157;-0.308879;-0.343000;0.228529;0.857157;0.073325;0.672663;-0.592297;-0.437416;0.436997;0.884872;-0.079342;-0.140500;0.468889;0.628224;-0.563386;-0.260912;-0.494253;0.057283;0.841895;-0.208916;-0.339217;0.540713;0.569846;-0.517530;0.601376;-0.005024;-0.785538;0.145778;0.601376;-0.005024;-0.785538;0.145778;0.690532;0.141530;-0.177280;0.686809;-0.136355;0.581656;-0.218505;0.771582;0.700042;-0.172566;0.596944;-0.351881;0.564640;-0.416197;0.551273;-0.451729;0.722795;0.093740;0.680339;0.076937;0.297527;0.221433;0.902356;0.219541;0.003634;0.854071;0.365771;0.369812;0.215452;0.652422;0.638201;0.347312;-0.091700;0.914958;-0.005790;0.392949;0.476109;-0.495949;0.648193;-0.327415;0.476109;-0.495949;0.648193;-0.327415;0.568177;0.107652;0.809030;0.105142;0.327415;0.648193;0.495949;0.476109;0.568177;0.107652;0.809030;0.105142;0.476109;-0.495949;0.648193;-0.327415
34366888;1;0.515648;-0.429757;0.660262;-0.336853;0.545942;-0.363561;0.698900;-0.285150;0.544029;-0.370314;0.698178;-0.281864;0.564880;-0.313132;0.725626;-0.237329;0.894018;-0.398083;0.070551;0.193092;0.686050;-0.317153;-0.156075;0.635917;-0.114351;-0.312127;0.165898;0.928428;-0.483093;-0.310861;0.307829;0.758438;-0.166210;-0.403077;0.170063;0.883732;-0.166210;-0.403077;0.170063;0.883732;0.023978;0.658112;-0.622562;-0.422766;0.430115;0.889142;-0.066469;-0.141454;0.479733;0.622578;-0.557975;-0.266302;0.502254;-0.067695;-0.833281;0.220912;-0.316450;0.549796;0.576462;-0.515050;0.581017;-0.017127;-0.796423;0.166839;0.581017;-0.017127;-0.796423;0.166839;0.686532;0.252299;-0.174935;0.659103;-0.102894;0.590475;-0.205763;0.773572;0.696681;-0.163362;0.603629;-0.351540;0.588066;-0.381883;0.588609;-0.402346;0.704620;0.144688;0.682746;0.128193;0.285024;0.203634;0.911653;0.214902;-0.009540;0.860610;0.363148;0.356907;0.183847;0.682320;0.616799;0.346698;-0.113919;0.920979;-0.041911;0.370222;0.482784;-0.511281;0.632692;-0.324363;0.482784;-0.511281;0.632692;-0.324363;0.570740;0.085850;0.808911;0.112021;0.324363;0.632692;0.511281;0.482784;0.570740;0.085850;0.808911;0.112021;0.482784;-0.511281;0.632692;-0.324363
34400211;1;0.516976;-0.426261;0.665851;-0.328145;0.543759;-0.366231;0.700665;-0.281548;0.550640;-0.361461;0.700268;-0.275257;0.570940;-0.304140;0.727000;-0.230212;0.904331;-0.389528;0.081557;0.154279;0.676469;-0.326323;-0.161114;0.640270;-0.106932;-0.324579;0.164599;0.925268;-0.491465;-0.284077;0.308369;0.763329;-0.203247;-0.371869;0.193661;0.884816;-0.203247;-0.371869;0.193661;0.884816;0.090054;0.643670;-0.628756;-0.426903;0.411782;0.902433;-0.032286;-0.122506;0.477531;0.626258;-0.552531;-0.272901;0.503126;-0.072746;-0.831984;0.222206;-0.303715;0.556743;0.581817;-0.509199;0.564270;-0.034140;-0.804555;0.182005;0.564270;-0.034140;-0.804555;0.182005;0.671190;0.259190;-0.183854;0.669718;-0.092527;0.587404;-0.203786;0.777732;0.696182;-0.160070;0.600837;-0.358750;0.597330;-0.367120;0.603393;-0.379917;0.695384;0.165707;0.682882;0.150516;0.295384;0.195114;0.909139;0.219419;-0.008134;0.854544;0.366475;0.367947;0.194212;0.686936;0.599531;0.361888;-0.117348;0.912202;-0.057401;0.388358;0.438199;-0.521304;0.642752;-0.350848;0.438199;-0.521304;0.642752;-0.350848;0.557941;0.085877;0.823111;0.061766;0.350848;0.642752;0.521304;0.438199;0.557941;0.085877;0.823111;0.061766;0.438199;-0.521304;0.642752;-0.350848
34433555;1;0.496152;-0.451070;0.685583;-0.283452;0.520522;-0.384866;0.724821;-0.235729;0.540147;-0.383839;0.696947;-0.274177;0.560394;-0.326713;0.725484;-0.229978;0.894431;-0.403027;0.079316;0.176838;0.690499;-0.301849;-0.151999;0.639526;-0.109981;-0.300647;0.154362;0.934713;-0.474125;-0.320102;0.293574;0.765868;-0.155161;-0.406345;0.153411;0.887285;-0.155161;-0.406345;0.153411;0.887285;0.053297;0.674299;-0.596044;-0.432679;0.431552;0.893448;-0.037191;-0.118874;0.462505;0.647846;-0.544089;-0.265240;-0.497260;0.014844;0.845882;-0.192342;-0.351995;0.507931;0.596497;-0.512149;0.535948;-0.207080;-0.755593;0.314574;0.535948;-0.207080;-0.755593;0.314574;0.679378;0.210000;-0.185252;0.678253;-0.079273;0.587171;-0.198148;0.780822;0.703788;-0.143792;0.602837;-0.347265;0.612720;-0.345207;0.607964;-0.368492;0.698180;0.184580;0.670665;0.169361;0.297313;0.178291;0.913051;0.214838;-0.008750;0.853612;0.369783;0.366784;0.170365;0.699595;0.591009;0.363665;-0.135618;0.915096;-0.072260;0.372809;0.439907;-0.512478;0.661683;-0.325613;0.439907;-0.512478;0.661683;-0.325613;0.541305;0.105503;0.830257;0.080818;0.325613;0.661683;0.512478;0.439907;0.541305;0.105503;0.830257;0.080818;0.439907;-0.512478;0.661683;-0.325613
34466877;1;0.500638;-0.441365;0.683711;-0.295123;0.524987;-0.378563;0.720385;-0.249249;0.543821;-0.384749;0.695511;-0.269242;0.563660;-0.327735;0.724126;-0.224764;0.894314;-0.399627;0.076038;0.186332;0.691047;-0.292453;-0.136357;0.646786;-0.116778;-0.282264;0.156362;0.939277;0.548205;0.294169;-0.321391;-0.713893;-0.095511;-0.418599;0.120842;0.895014;-0.095511;-0.418599;0.120842;0.895014;-0.008788;0.693070;-0.599473;-0.400261;0.428402;0.895600;-0.032312;-0.115450;0.459595;0.652898;-0.535894;-0.274435;0.505286;0.007408;-0.844632;0.176713;-0.371318;0.504675;0.619119;-0.473410;0.540782;-0.183630;-0.777358;0.263722;0.540782;-0.183630;-0.777358;0.263722;0.686688;0.242105;-0.222230;0.648427;-0.071285;0.584126;-0.192705;0.785227;0.706153;-0.141928;0.598541;-0.350647;0.625651;-0.318950;0.607141;-0.371768;0.709553;0.202667;0.651511;0.176050;0.287447;0.167406;0.919153;0.210967;-0.017242;0.858898;0.367567;0.356217;0.168933;0.710049;0.581571;0.359259;-0.133614;0.915847;-0.086335;0.368669;0.436705;-0.523792;0.661993;-0.310960;0.436705;-0.523792;0.661993;-0.310960;0.528679;0.097723;0.838477;0.088915;0.310960;0.661993;0.523792;0.436705;0.528679;0.097723;0.838477;0.088915;0.436705;-0.523792;0.661993;-0.310960
34500222;1;0.504439;-0.444969;0.684099;-0.282050;0.528704;-0.378737;0.722874;-0.233415;0.545746;-0.375798;0.703119;-0.257995;0.564678;-0.318202;0.730991;-0.213399;0.901607;-0.385208;0.077897;0.180696;0.689173;-0.295206;-0.143286;0.646036;-0.113162;-0.290162;0.153244;0.937826;-0.484429;-0.337071;0.298390;0.750117;-0.160862;-0.425541;0.146861;0.878334;-0.160862;-0.425541;0.146861;0.878334;0.108709;0.683314;-0.594105;-0.410249;0.413234;0.903363;-0.029897;-0.110815;0.460443;0.650378;-0.537192;-0.276452;0.505837;-0.002494;-0.843540;0.180449;-0.356430;0.509373;0.618503;-0.480574;0.532604;-0.182202;-0.780262;0.272629;0.532604;-0.182202;-0.780262;0.272629;0.686964;0.281249;-0.207791;0.637027;-0.058143;0.580621;-0.188837;0.789835;0.705359;-0.139834;0.594377;-0.360043;0.620301;-0.324770;0.605219;-0.378762;0.710703;0.197134;0.654243;0.167348;0.291109;0.166348;0.920642;0.200004;-0.009855;0.863455;0.360061;0.353136;0.170937;0.707821;0.589561;0.349553;-0.125314;0.919861;-0.079142;0.363166;0.443771;-0.523716;0.643770;-0.338156;0.443771;-0.523716;0.643770;-0.338156;0.552906;0.084891;0.825537;0.074681;0.338156;0.643770;0.523716;0.443771;0.552906;0.084891;0.825537;0.074681;0.443771;-0.523716;0.643770;-0.338156
34533544;1;0.504899;-0.443233;0.677451;-0.299469;0.529613;-0.380998;0.714308;-0.253209;0.550580;-0.385558;0.695035;-0.255212;0.569273;-0.328579;0.723716;-0.210237;0.896856;-0.389350;0.063306;0.200120;0.682069;-0.310003;-0.150977;0.644893;-0.110482;-0.306138;0.158668;0.932147;0.521015;0.292643;-0.316636;-0.736645;-0.131975;-0.404132;0.150254;0.892572;-0.131975;-0.404132;0.150254;0.892572;0.005655;0.680342;-0.605830;-0.412400;0.420069;0.900535;-0.030359;-0.107964;0.460094;0.650504;-0.535389;-0.280208;0.509106;0.001772;-0.842492;0.176109;-0.414107;0.501751;0.595561;-0.471242;0.615978;-0.031818;-0.778097;0.118846;0.615978;-0.031818;-0.778097;0.118846;0.678041;0.347092;-0.216330;0.610728;-0.061608;0.566084;-0.200043;0.797331;0.712388;-0.124624;0.587361;-0.363290;0.618972;-0.328484;0.596557;-0.391269;0.718556;0.188339;0.650670;0.157588;0.283325;0.170251;0.919261;0.213779;-0.026911;0.865679;0.352948;0.353983;0.194769;0.718649;0.560572;0.362447;-0.117639;0.907286;-0.107393;0.389178;0.442016;-0.528896;0.655267;-0.309058;0.442016;-0.528896;0.655267;-0.309058;0.531090;0.089358;0.837329;0.094016;0.309058;0.655267;0.528896;0.442016;0.531090;0.089358;0.837329;0.094016;0.442016;-0.528896;0.655267;-0.309058
34566888;1;0.499359;-0.449377;0.681645;-0.289932;0.529915;-0.366335;0.729642;-0.229369;0.549627;-0.371386;0.705891;-0.248395;0.567777;-0.313582;0.733400;-0.203519;0.904990;-0.374404;0.069579;0.189668;0.678893;-0.306974;-0.162906;0.646787;-0.112658;-0.314101;0.148701;0.930879;-0.459440;-0.323225;0.282091;0.777731;-0.214640;-0.391043;0.176450;0.877428;-0.214640;-0.391043;0.176450;0.877428;0.069212;0.675739;-0.584556;-0.443714;0.404631;0.906206;-0.029834;-0.119061;0.462604;0.647428;-0.540562;-0.273182;0.503126;-0.014012;-0.843311;0.188401;-0.407592;0.504446;0.567625;-0.507153;0.641873;0.002208;-0.759381;0.106464;0.641873;0.002208;-0.759381;0.106464;0.654842;0.383110;-0.187648;0.623856;-0.046960;0.582758;-0.186160;0.789641;0.701961;-0.139062;0.595804;-0.364595;0.618368;-0.328927;0.620962;-0.351901;0.690480;0.205380;0.668456;0.184994;0.317042;0.153042;0.911220;0.213872;-0.012509;0.853109;0.354806;0.382311;0.179926;0.718376;0.550211;0.385786;-0.144655;0.899830;-0.114398;0.395340;0.461657;-0.512322;0.641237;-0.336473;0.461657;-0.512322;0.641237;-0.336473;0.564363;0.091156;0.815689;0.088518;0.336473;0.641237;0.512322;0.461657;0.564363;0.091156;0.815689;0.088518;0.461657;-0.512322;0.641237;-0.336473
34600222;1;0.494842;-0.459320;0.675889;-0.295517;0.529552;-0.365982;0.730656;-0.227539;0.543978;-0.380493;0.706032;-0.246641;0.562005;-0.322649;0.734271;-0.202224;0.899094;-0.377671;0.071141;0.209605;0.672214;-0.313163;-0.155277;0.652645;-0.118721;-0.312131;0.157342;0.929367;0.512130;0.275536;-0.299977;-0.756186;-0.193170;-0.367531;0.175577;0.892625;-0.193170;-0.367531;0.175577;0.892625;0.086788;0.679033;-0.584018;-0.436239;0.412564;0.902303;-0.033209;-0.120574;0.467491;0.648812;-0.543736;-0.254649;-0.496604;-0.005054;0.846510;-0.191778;-0.462493;0.471560;0.598514;-0.453335;0.647067;0.050830;-0.760266;0.026760;0.647067;0.050830;-0.760266;0.026760;0.696361;0.295128;-0.231729;0.611787;-0.052066;0.577996;-0.190315;0.791827;0.706853;-0.132402;0.593992;-0.360559;0.620160;-0.326454;0.609240;-0.371020;0.705170;0.198803;0.658314;0.172731;0.307630;0.150841;0.916692;0.205634;-0.011496;0.857505;0.357355;0.369932;0.160900;0.721412;0.562291;0.370816;-0.147583;0.910352;-0.107944;0.371250;0.457782;-0.516312;0.661909;-0.292804;0.457782;-0.516312;0.661909;-0.292804;0.530744;0.102953;0.833128;0.116657;0.292804;0.661909;0.516312;0.457782;0.530744;0.102953;0.833128;0.116657;0.457782;-0.516312;0.661909;-0.292804
34633555;1;0.502966;-0.447249;0.677794;-0.295956;0.535560;-0.360451;0.727675;-0.231819;0.547904;-0.369967;0.707798;-0.248892;0.566099;-0.312015;0.735188;-0.204152;0.905146;-0.373521;0.071444;0.189969;0.677314;-0.296324;-0.136453;0.659408;-0.124301;-0.286431;0.156155;0.937082;0.540835;0.310407;-0.319565;-0.713458;-0.115133;-0.428123;0.123229;0.887846;-0.115133;-0.428123;0.123229;0.887846;0.037837;0.701304;-0.590907;-0.396951;0.404239;0.906180;-0.032752;-0.119818;0.464480;0.650244;-0.545563;-0.252591;-0.490136;0.008287;0.848756;-0.198270;-0.455570;0.480353;0.593625;-0.457522;0.645268;0.055370;-0.761619;0.022365;0.645268;0.055370;-0.761619;0.022365;0.690066;0.312164;-0.230143;0.611062;-0.045084;0.583258;-0.188334;0.788865;0.702949;-0.133147;0.598322;-0.360756;0.618900;-0.325040;0.618827;-0.358280;0.695330;0.206608;0.664174;0.180837;0.298066;0.147831;0.922284;0.196710;-0.011635;0.863320;0.356486;0.357018;0.154018;0.731716;0.558175;0.359599;-0.144630;0.914693;-0.118140;0.358415;0.459104;-0.519299;0.647817;-0.316046;0.459104;-0.519299;0.647817;-0.316046;0.548114;0.090876;0.825276;0.101158;0.316046;0.647817;0.519299;0.459104;0.548114;0.090876;0.825276;0.101158;0.459104;-0.519299;0.647817;-0.316046
34666877;1;0.502869;-0.447144;0.677909;-0.296016;0.535482;-0.360297;0.727794;-0.231864;0.547684;-0.369671;0.708065;-0.249056;0.565893;-0.311698;0.735430;-0.204333;0.905249;-0.373422;0.071408;0.189688;0.678139;-0.295776;-0.136148;0.658868;-0.123952;-0.285763;0.156073;0.937345;0.542449;0.308322;-0.320202;-0.712852;-0.116077;-0.426736;0.124453;0.888220;-0.116077;-0.426736;0.124453;0.888220;0.038479;0.699844;-0.592766;-0.396694;0.404088;0.906253;-0.032912;-0.119729;0.464544;0.650117;-0.545773;-0.252348;-0.489984;0.008546;0.848791;-0.198483;-0.455107;0.481210;0.592958;-0.457947;0.645216;0.054131;-0.761729;0.023125;0.645216;0.054131;-0.761729;0.023125;0.693183;0.307890;-0.228804;0.610204;-0.044694;0.583043;-0.188667;0.788966;0.702919;-0.132618;0.598336;-0.360988;0.618970;-0.323926;0.618274;-0.360119;0.696668;0.207002;0.662990;0.179579;0.297812;0.148017;0.922273;0.197006;-0.012104;0.863492;0.356118;0.356953;0.153024;0.731669;0.558634;0.359405;-0.145196;0.914979;-0.117777;0.357575;0.457912;-0.518092;0.648900;-0.317530;0.457912;-0.518092;0.648900;-0.317530;0.548321;0.092496;0.825188;0.099265;0.317530;0.648900;0.518092;0.457912;0.548321;0.092496;0.825188;0.099265;0.457912;-0.518092;0.648900;-0.317530
34700222;1;0.517985;-0.434748;0.671179;-0.303652;0.551902;-0.347368;0.720293;-0.236467;0.558101;-0.367164;0.701313;-0.248744;0.576251;-0.309741;0.728499;-0.203187;0.903575;-0.371573;0.075926;0.199303;0.674556;-0.297211;-0.124823;0.664123;-0.128314;-0.277881;0.163394;0.937881;0.589931;0.295541;-0.348977;-0.665471;-0.095086;-0.443096;0.113115;0.884211;-0.095086;-0.443096;0.113115;0.884211;0.052857;0.717169;-0.595309;-0.358445;0.402486;0.907972;-0.045152;-0.107486;0.458537;0.650342;-0.550562;-0.252350;-0.488966;-0.000416;0.852093;-0.186679;-0.453683;0.486373;0.593652;-0.452979;0.640597;0.044730;-0.766147;0.025582;0.640597;0.044730;-0.766147;0.025582;0.710111;0.274939;-0.229650;0.606145;-0.036028;0.576080;-0.180298;0.796447;0.698506;-0.146354;0.585674;-0.384261;0.605096;-0.337076;0.598500;-0.402537;0.716696;0.183512;0.658115;0.139842;0.332052;0.152127;0.909259;0.199616;-0.001064;0.858627;0.335544;0.387517;0.183144;0.718302;0.553369;0.379846;-0.138174;0.901991;-0.112142;0.393376;0.451890;-0.519483;0.657521;-0.305939;0.451890;-0.519483;0.657521;-0.305939;0.535866;0.097608;0.832267;0.103203;0.305939;0.657521;0.519483;0.451890;0.535866;0.097608;0.832267;0.103203;0.451890;-0.519483;0.657521;-0.305939
34733533;1;0.512669;-0.447994;0.673698;-0.287408;0.544733;-0.359744;0.724674;-0.220677;0.558048;-0.376077;0.697449;-0.246401;0.576011;-0.318935;0.725361;-0.200855;0.900584;-0.376264;0.079246;0.202714;0.659001;-0.311073;-0.148506;0.668503;-0.138660;-0.305576;0.159511;0.928414;0.549914;0.306572;-0.321014;-0.707501;-0.119978;-0.426357;0.123515;0.888014;-0.119978;-0.426357;0.123515;0.888014;0.114081;0.680410;-0.612784;-0.385388;0.408011;0.906470;-0.044749;-0.099185;0.455280;0.648983;-0.551241;-0.260143;-0.491416;0.007520;0.851463;-0.182935;-0.428897;0.517413;0.569827;-0.472892;0.637630;0.036290;-0.768832;0.031750;0.637630;0.036290;-0.768832;0.031750;0.720466;0.265709;-0.209515;0.605336;-0.032749;0.569646;-0.183859;0.800392;0.708784;-0.126765;0.585055;-0.373184;0.612850;-0.326337;0.591187;-0.410386;0.727656;0.185976;0.645296;0.139725;0.341078;0.147271;0.907587;0.195611;0.002168;0.858800;0.328326;0.393268;0.201657;0.715563;0.548088;0.383280;-0.127459;0.896419;-0.114025;0.408884;0.444202;-0.509678;0.668256;-0.310397;0.444202;-0.509678;0.668256;-0.310397;0.533582;0.112132;0.832925;0.094615;0.310397;0.668256;0.509678;0.444202;0.533582;0.112132;0.832925;0.094615;0.444202;-0.509678;0.668256;-0.310397
34766888;1;0.505737;-0.449481;0.679902;-0.282720;0.535839;-0.365206;0.728646;-0.220401;0.557658;-0.373470;0.700182;-0.243480;0.575387;-0.316117;0.727877;-0.197976;0.900614;-0.371480;0.085240;0.208879;0.663144;-0.320059;-0.145309;0.660824;-0.135969;-0.307331;0.170588;0.926261;0.543387;0.283419;-0.322418;-0.721423;-0.126491;-0.404036;0.145035;0.894271;-0.126491;-0.404036;0.145035;0.894271;0.076303;0.662635;-0.628304;-0.400407;0.403035;0.909671;-0.048635;-0.087727;0.459176;0.645347;-0.551733;-0.261297;-0.493097;0.017926;0.848858;-0.189668;-0.396445;0.504086;0.562357;-0.521999;0.653448;0.084198;-0.750506;0.051551;0.653448;0.084198;-0.750506;0.051551;0.751032;0.214327;-0.148526;0.606593;-0.033386;0.574273;-0.185848;0.796590;0.704428;-0.129564;0.589577;-0.373354;0.602163;-0.343100;0.594440;-0.407828;0.718351;0.176345;0.659470;0.134062;0.363750;0.143452;0.900026;0.192510;0.015792;0.850693;0.326920;0.411335;0.177787;0.720423;0.540555;0.396462;-0.153740;0.894520;-0.122641;0.401445;0.446231;-0.516328;0.666313;-0.300517;0.446231;-0.516328;0.666313;-0.300517;0.528031;0.106055;0.836253;0.103035;0.300517;0.666313;0.516328;0.446231;0.528031;0.106055;0.836253;0.103035;0.446231;-0.516328;0.666313;-0.300517
34800222;1;0.516979;-0.435631;0.676879;-0.291193;0.546758;-0.355774;0.722055;-0.230471;0.561456;-0.363487;0.705298;-0.234943;0.578489;-0.305756;0.732176;-0.189161;0.904071;-0.357269;0.105499;0.209488;0.667260;-0.313597;-0.137719;0.661404;-0.129052;-0.298282;0.168337;0.930611;0.525551;0.305080;-0.319207;-0.727206;-0.122562;-0.419239;0.138583;0.888826;-0.122562;-0.419239;0.138583;0.888826;0.078504;0.672448;-0.618045;-0.399588;0.387323;0.917106;-0.038094;-0.086294;0.468623;0.635722;-0.557901;-0.254945;-0.498224;0.011290;0.845735;-0.190728;0.461630;-0.475567;-0.508127;0.550036;0.710345;-0.018566;-0.695710;0.105131;0.710345;-0.018566;-0.695710;0.105131;0.737804;0.214515;-0.106325;0.631129;-0.042976;0.579695;-0.183313;0.792782;0.696203;-0.150015;0.589240;-0.381567;0.588595;-0.360866;0.588278;-0.421024;0.718073;0.159292;0.667621;0.115233;0.373504;0.155980;0.893841;0.192909;0.029064;0.844926;0.330618;0.419460;0.220614;0.695207;0.557912;0.395917;-0.122773;0.889016;-0.092741;0.431250;0.449202;-0.537821;0.650069;-0.293901;0.449202;-0.537821;0.650069;-0.293901;0.525453;0.079371;0.839965;0.109815;0.293901;0.650069;0.537821;0.449202;0.525453;0.079371;0.839965;0.109815;0.449202;-0.537821;0.650069;-0.293901
34833555;1;0.516701;-0.435462;0.677144;-0.291323;0.546451;-0.355718;0.722230;-0.230739;0.563240;-0.363994;0.704574;-0.232043;0.580035;-0.306320;0.731495;-0.186127;0.903477;-0.355203;0.109258;0.213593;0.674386;-0.301481;-0.132980;0.660779;-0.134136;-0.285505;0.164503;0.934577;0.534769;0.297162;-0.311333;-0.727178;-0.123729;-0.409597;0.132153;0.894124;-0.123729;-0.409597;0.132153;0.894124;0.059371;0.686839;-0.596797;-0.410562;0.385101;0.918656;-0.039025;-0.079027;0.439639;0.653194;-0.564552;-0.247662;-0.480210;-0.028376;0.862888;-0.154974;0.524832;-0.425545;-0.500262;0.541481;0.735566;-0.082509;-0.651569;0.166111;0.735566;-0.082509;-0.651569;0.166111;0.764611;0.156211;-0.074250;0.620850;-0.045132;0.581945;-0.184767;0.790673;0.694633;-0.151395;0.591555;-0.380300;0.584288;-0.365027;0.586382;-0.426050;0.718570;0.154966;0.669206;0.108656;0.374663;0.157099;0.894007;0.188941;0.031550;0.846832;0.326700;0.418507;0.212168;0.697809;0.560306;0.392560;-0.126407;0.892501;-0.092852;0.422898;0.437284;-0.524917;0.644740;-0.342864;0.437284;-0.524917;0.644740;-0.342864;0.551648;0.084728;0.827072;0.066765;0.342864;0.644740;0.524917;0.437284;0.551648;0.084728;0.827072;0.066765;0.437284;-0.524917;0.644740;-0.342864
34866866;1;0.520729;-0.414222;0.679696;-0.308666;0.552942;-0.332807;0.723053;-0.246351;0.555001;-0.366674;0.706721;-0.240977;0.572538;-0.308818;0.733849;-0.195694;0.898512;-0.361889;0.112063;0.221710;0.675656;-0.289078;-0.147771;0.661881;-0.149537;-0.287682;0.150470;0.933936;0.510249;0.285429;-0.275433;-0.763094;-0.120986;-0.377699;0.121146;0.909961;-0.120986;-0.377699;0.121146;0.909961;0.116823;0.681107;-0.564073;-0.451960;0.394361;0.913618;-0.038677;-0.091024;0.421353;0.671194;-0.559448;-0.242856;-0.457993;-0.008768;0.873731;-0.163584;0.569206;-0.433694;-0.516469;0.470291;0.730643;-0.102542;-0.666570;0.106442;0.730643;-0.102542;-0.666570;0.106442;0.777788;0.199224;-0.142341;0.578874;-0.073192;0.588282;-0.200682;0.779932;0.692949;-0.153776;0.602295;-0.365261;0.579818;-0.378491;0.590264;-0.414902;0.707611;0.148177;0.681512;0.113453;0.361319;0.170031;0.892982;0.207657;0.017436;0.845782;0.333033;0.416458;0.203062;0.691010;0.570893;0.394147;-0.133917;0.895097;-0.080504;0.417596;0.450058;-0.519377;0.634985;-0.352831;0.450058;-0.519377;0.634985;-0.352831;0.567728;0.081747;0.816257;0.068750;0.352831;0.634985;0.519377;0.450058;0.567728;0.081747;0.816257;0.068750;0.450058;-0.519377;0.634985;-0.352831
34900222;1;0.501077;-0.432810;0.684779;-0.304424;0.538242;-0.334336;0.737880;-0.232484;0.547973;-0.366298;0.711554;-0.243398;0.565727;-0.308057;0.738637;-0.198670;0.893261;-0.361110;0.096036;0.249925;0.667259;-0.298238;-0.136581;0.668704;-0.160728;-0.283710;0.164648;0.930895;0.547958;0.263820;-0.294310;-0.737240;-0.069690;-0.380207;0.107990;0.915928;-0.069690;-0.380207;0.107990;0.915928;0.049220;0.678834;-0.588273;-0.436688;0.402956;0.906685;-0.078426;-0.096944;0.408642;0.686030;-0.556648;-0.229168;-0.437991;-0.013317;0.883355;-0.166345;0.580824;-0.461769;-0.548725;0.385114;0.693980;-0.146439;-0.702059;0.063728;0.693980;-0.146439;-0.702059;0.063728;0.818477;0.103632;-0.198110;0.529252;-0.086222;0.596315;-0.207633;0.770625;0.686497;-0.162322;0.610255;-0.360502;0.573693;-0.388061;0.596500;-0.405552;0.696740;0.145796;0.692742;0.115782;0.362004;0.176988;0.889905;0.213768;0.022166;0.839294;0.344635;0.419906;0.205276;0.684150;0.575952;0.397592;-0.134721;0.893813;-0.072076;0.421608;0.490737;-0.504052;0.626836;-0.334941;0.490737;-0.504052;0.626836;-0.334941;0.583843;0.086821;0.799658;0.110165;0.334941;0.626836;0.504052;0.490737;0.583843;0.086821;0.799658;0.110165;0.490737;-0.504052;0.626836;-0.334941
34933544;1;0.492555;-0.435716;0.690888;-0.300359;0.528139;-0.339917;0.742718;-0.232153;0.543458;-0.369251;0.711870;-0.248091;0.561603;-0.310974;0.739188;-0.203710;0.890375;-0.365763;0.104991;0.249852;0.665315;-0.305522;-0.146477;0.665249;-0.169807;-0.294057;0.168314;0.925401;0.537635;0.243793;-0.287027;-0.754407;-0.016283;-0.363436;0.098658;0.926237;-0.016283;-0.363436;0.098658;0.926237;0.036578;0.677026;-0.578064;-0.454027;0.410538;0.902135;-0.091301;-0.096313;0.404015;0.688150;-0.557687;-0.228486;-0.429400;0.012727;0.885666;-0.176211;0.574662;-0.541848;-0.544840;0.281626;0.637443;-0.181335;-0.746705;-0.056712;0.637443;-0.181335;-0.746705;-0.056712;0.804311;0.056977;-0.294837;0.512746;-0.094236;0.599673;-0.223127;0.762709;0.677745;-0.163033;0.618765;-0.362231;0.568273;-0.390775;0.615647;-0.381234;0.675843;0.157440;0.708357;0.129147;0.341625;0.193105;0.894879;0.212590;0.021877;0.843786;0.355049;0.401855;0.178307;0.690035;0.589563;0.380096;-0.141516;0.907392;-0.066518;0.390113;0.467920;-0.539097;0.622714;-0.320394;0.467920;-0.539097;0.622714;-0.320394;0.557422;0.059126;0.821525;0.104317;0.320394;0.622714;0.539097;0.467920;0.557422;0.059126;0.821525;0.104317;0.467920;-0.539097;0.622714;-0.320394
34966888;1;0.499506;-0.423349;0.689413;-0.309804;0.531238;-0.342956;0.732732;-0.251537;0.543367;-0.367467;0.711474;-0.252041;0.561829;-0.309228;0.738651;-0.207655;0.894058;-0.368830;0.110646;0.228872;0.665003;-0.319649;-0.144511;0.659327;-0.133200;-0.306530;0.170581;0.926930;0.518053;0.268471;-0.305791;-0.752353;-0.040233;-0.389774;0.116881;0.912577;-0.040233;-0.389774;0.116881;0.912577;0.114786;0.668067;-0.596836;-0.429299;0.404735;0.907263;-0.048346;-0.103565;0.448258;0.655061;-0.561932;-0.232793;-0.469011;-0.002129;0.863057;-0.187500;0.474294;-0.475695;-0.516945;0.530592;0.708833;0.005687;-0.702485;0.063541;0.708833;0.005687;-0.702485;0.063541;0.729638;0.291247;-0.134551;0.603904;-0.129118;0.590737;-0.239032;0.759751;0.680575;-0.171311;0.613851;-0.361467;0.562763;-0.401414;0.593815;-0.411763;0.693406;0.134363;0.700267;0.103737;0.335397;0.213655;0.889960;0.223229;0.026288;0.836906;0.370414;0.402109;0.231699;0.671126;0.590001;0.384453;-0.106598;0.894516;-0.053094;0.430882;0.450733;-0.551270;0.616874;-0.335273;0.450733;-0.551270;0.616874;-0.335273;0.555790;0.046389;0.826002;0.081643;0.335273;0.616874;0.551270;0.450733;0.555790;0.046389;0.826002;0.081643;0.450733;-0.551270;0.616874;-0.335273
35000222;1;0.494901;-0.437318;0.685395;-0.306690;0.528950;-0.349440;0.734102;-0.243306;0.537212;-0.373422;0.711140;-0.257368;0.556121;-0.315190;0.738796;-0.213458;0.888474;-0.375952;0.104059;0.241755;0.664603;-0.316220;-0.141782;0.661971;-0.147250;-0.300136;0.173251;0.926402;0.528715;0.227104;-0.291773;-0.764037;0.009805;-0.353928;0.106968;0.929084;0.009805;-0.353928;0.106968;0.929084;0.060010;0.664638;-0.587131;-0.458183;0.417271;0.899731;-0.068872;-0.107823;0.450494;0.649774;-0.565720;-0.234115;-0.471433;0.004375;0.861525;-0.188430;0.526822;-0.483898;-0.495249;0.492980;0.720712;-0.047387;-0.690785;0.033834;0.720712;-0.047387;-0.690785;0.033834;0.790488;0.144255;-0.122946;0.582412;-0.140626;0.592154;-0.254096;0.751673;0.674186;-0.172578;0.620871;-0.360845;0.554184;-0.408299;0.599136;-0.408911;0.685359;0.133205;0.708940;0.099720;0.349533;0.235576;0.876378;0.233005;0.037310;0.830769;0.365099;0.418489;0.215498;0.675972;0.583290;0.395469;-0.125905;0.893208;-0.061158;0.427303;0.484735;-0.529968;0.623546;-0.308798;0.484735;-0.529968;0.623546;-0.308798;0.561112;0.066170;0.815658;0.124407;0.308798;0.623546;0.529968;0.484735;0.561112;0.066170;0.815658;0.124407;0.484735;-0.529968;0.623546;-0.308798
35033555;1;0.487420;-0.453157;0.692018;-0.279611;0.516548;-0.369878;0.739885;-0.221221;0.537094;-0.382480;0.706922;-0.255929;0.555888;-0.324558;0.735318;-0.212034;0.887027;-0.382030;0.111745;0.233986;0.676796;-0.302872;-0.134679;0.657325;-0.143806;-0.285219;0.168880;0.932443;0.562268;0.248785;-0.308462;-0.725818;-0.149646;-0.365511;0.153116;0.905849;-0.149646;-0.365511;0.153116;0.905849;0.051089;0.687160;-0.587184;-0.424754;0.423122;0.898053;-0.067173;-0.099778;0.441277;0.649906;-0.566995;-0.247816;-0.470571;0.030359;0.861940;-0.186283;0.518245;-0.538973;-0.513553;0.420943;0.667332;-0.071338;-0.741040;-0.020967;0.667332;-0.071338;-0.741040;-0.020967;0.778041;0.182904;-0.223262;0.557990;-0.142869;0.586694;-0.254051;0.755538;0.681580;-0.164073;0.617967;-0.355873;0.538785;-0.432996;0.571950;-0.441699;0.697534;0.096333;0.706990;0.065814;0.367696;0.238660;0.869640;0.227083;0.052633;0.828002;0.357186;0.429023;0.232678;0.652817;0.606889;0.389072;-0.109009;0.893433;-0.028196;0.434856;0.497953;-0.515519;0.616364;-0.326157;0.497953;-0.515519;0.616364;-0.326157;0.582734;0.071308;0.800362;0.121479;0.326157;0.616364;0.515519;0.497953;0.582734;0.071308;0.800362;0.121479;0.497953;-0.515519;0.616364;-0.326157
35066866;1;0.499930;-0.424895;0.687262;-0.311778;0.532779;-0.342137;0.731988;-0.251560;0.534967;-0.391874;0.695595;-0.276392;0.555409;-0.334830;0.724780;-0.232601;0.876159;-0.403678;0.105078;0.241553;0.687436;-0.295396;-0.117983;0.652881;-0.126364;-0.268675;0.170272;0.939603;0.573322;0.288126;-0.331251;-0.691779;-0.068691;-0.426505;0.104104;0.895845;-0.068691;-0.426505;0.104104;0.895845;-0.003703;0.706629;-0.593167;-0.385765;0.442926;0.889136;-0.074404;-0.087853;0.428153;0.680139;-0.550037;-0.227056;-0.445944;-0.000764;0.874717;-0.189745;0.502383;-0.454655;-0.471992;0.564025;0.754153;0.013616;-0.655212;0.042026;0.754153;0.013616;-0.655212;0.042026;0.683722;0.272566;-0.106428;0.668510;-0.186786;0.585899;-0.276349;0.738556;0.666073;-0.199938;0.616214;-0.369665;0.492846;-0.487033;0.537122;-0.481043;0.692752;0.033111;0.720392;0.005882;0.354963;0.253844;0.867878;0.237385;0.053271;0.821997;0.376711;0.423760;0.225787;0.656587;0.603806;0.391576;-0.115693;0.893920;-0.033000;0.431778;0.484056;-0.505858;0.632131;-0.331976;0.484056;-0.505858;0.632131;-0.331976;0.577022;0.089288;0.804680;0.107537;0.331976;0.632131;0.505858;0.484056;0.577022;0.089288;0.804680;0.107537;0.484056;-0.505858;0.632131;-0.331976
35100222;1;0.499691;-0.436342;0.686311;-0.298148;0.524799;-0.371934;0.723244;-0.251336;0.536081;-0.381703;0.703346;-0.268746;0.555906;-0.324070;0.731691;-0.224890;0.883247;-0.390453;0.117605;0.231495;0.657396;-0.321903;-0.134303;0.667961;-0.165095;-0.295658;0.185054;0.922543;0.568348;0.240465;-0.319031;-0.719288;-0.057960;-0.379291;0.125469;0.914897;-0.057960;-0.379291;0.125469;0.914897;0.154902;0.672462;-0.596731;-0.409526;0.431790;0.893210;-0.082732;-0.094282;0.455514;0.655914;-0.555780;-0.231068;-0.464218;0.027374;0.859282;-0.213042;0.450270;-0.515508;-0.511205;0.519787;0.685789;-0.005130;-0.725984;0.051129;0.685789;-0.005130;-0.725984;0.051129;0.735018;0.195517;-0.146668;0.632464;-0.184706;0.592450;-0.273533;0.734892;0.660553;-0.208859;0.618259;-0.371219;0.501323;-0.474066;0.549719;-0.470899;0.691614;0.051263;0.720197;0.018951;0.370316;0.268573;0.855206;0.243634;0.071282;0.811402;0.380886;0.437574;0.247600;0.632545;0.619894;0.392826;-0.100921;0.888277;-0.004733;0.448059;0.491883;-0.503764;0.626275;-0.334742;0.491883;-0.503764;0.626275;-0.334742;0.584512;0.086628;0.799059;0.111116;0.334742;0.626275;0.503764;0.491883;0.584512;0.086628;0.799059;0.111116;0.491883;-0.503764;0.626275;-0.334742
35133544;1;0.497152;-0.450009;0.682239;-0.291345;0.523043;-0.381782;0.722635;-0.241800;0.533185;-0.385281;0.700655;-0.276326;0.553627;-0.327852;0.729295;-0.232678;0.875928;-0.396100;0.131951;0.241752;0.677329;-0.310473;-0.122797;0.655556;-0.155554;-0.277267;0.185999;0.929694;0.539440;0.288798;-0.318220;-0.724111;-0.187175;-0.395412;0.168279;0.883344;-0.187175;-0.395412;0.168279;0.883344;0.122314;0.685129;-0.595852;-0.400747;0.446718;0.881045;-0.126645;-0.090356;0.457445;0.663092;-0.542276;-0.238724;-0.470494;0.016076;0.856444;-0.211850;0.409638;-0.487395;-0.511497;0.577073;0.693973;-0.003497;-0.706521;0.138626;0.693973;-0.003497;-0.706521;0.138626;0.731072;-0.130148;-0.043508;0.668358;-0.199026;0.583768;-0.284598;0.733898;0.656629;-0.216478;0.612345;-0.383418;0.465119;-0.515821;0.518964;-0.498266;0.685264;-0.000288;0.727841;-0.025690;0.375044;0.280219;0.848270;0.247503;0.082187;0.805182;0.386918;0.441839;0.279515;0.611081;0.629632;0.389891;-0.076065;0.880016;0.017152;0.468499;0.498930;-0.506606;0.629844;-0.312595;0.498930;-0.506606;0.629844;-0.312595;0.573835;0.087143;0.803591;0.131759;0.312595;0.629844;0.506606;0.498930;0.573835;0.087143;0.803591;0.131759;0.498930;-0.506606;0.629844;-0.312595
35166888;1;0.503412;-0.458749;0.670358;-0.294527;0.535917;-0.372497;0.721856;-0.230137;0.543657;-0.387022;0.687432;-0.286509;0.564882;-0.330648;0.716255;-0.241988;0.870735;-0.404822;0.134432;0.244679;0.670915;-0.318015;-0.125118;0.658091;-0.161409;-0.283431;0.190932;0.925829;0.504745;0.290220;-0.305144;-0.753586;-0.217138;-0.376961;0.187726;0.880631;-0.217138;-0.376961;0.187726;0.880631;0.111066;0.682682;-0.584033;-0.424869;0.446905;0.883292;-0.134295;-0.045129;0.409696;0.703385;-0.540562;-0.212583;-0.405825;0.052861;0.885530;-0.219882;-0.431440;0.536283;0.494115;-0.531141;0.683374;0.007734;-0.729170;0.035363;0.683374;0.007734;-0.729170;0.035363;0.728370;0.493965;-0.103088;0.463518;-0.211634;0.575650;-0.281930;0.737804;0.657215;-0.229884;0.598378;-0.396441;-0.448012;0.534972;-0.492271;0.520345;0.688659;-0.032843;0.722383;-0.053226;0.391516;0.288923;0.838229;0.246193;0.104614;0.795478;0.391480;0.450571;0.298922;0.585642;0.649698;0.381525;-0.056207;0.876133;0.049197;0.476248;0.481806;-0.510642;0.655848;-0.277436;0.481806;-0.510642;0.655848;-0.277436;0.536865;0.102676;0.824833;0.144511;0.277436;0.655848;0.510642;0.481806;0.536865;0.102676;0.824833;0.144511;0.481806;-0.510642;0.655848;-0.277436
35200222;1;0.495420;-0.451459;0.676911;-0.304198;0.524274;-0.378887;0.720047;-0.251226;0.531912;-0.388312;0.694098;-0.290707;0.553512;-0.331400;0.723003;-0.247115;0.866027;-0.406540;0.137800;0.256385;0.672691;-0.315986;-0.138794;0.654504;-0.165846;-0.291882;0.184162;0.923788;0.509169;0.260629;-0.295616;-0.765134;-0.331242;-0.318502;0.232104;0.857300;-0.331242;-0.318502;0.232104;0.857300;0.105028;0.666013;-0.588509;-0.446153;0.455798;0.877322;-0.128708;-0.077386;0.434299;0.677568;-0.549405;-0.224589;-0.437033;0.045966;0.871109;-0.219221;-0.425354;0.577514;0.550584;-0.427094;0.602734;-0.026449;-0.797474;0.006827;0.602734;-0.026449;-0.797474;0.006827;0.718148;0.250581;-0.264197;0.593020;-0.245657;0.577951;-0.305918;0.715569;0.646744;-0.248297;0.604983;-0.392514;-0.449783;0.533358;-0.499853;0.513197;0.684902;-0.026319;0.726645;-0.046944;0.365892;0.308316;0.837850;0.262814;0.099208;0.786833;0.421770;0.439501;0.296206;0.587654;0.645183;0.388154;-0.062831;0.874397;0.044614;0.479052;0.493403;-0.510780;0.640377;-0.292531;0.493403;-0.510780;0.640377;-0.292531;0.555739;0.091639;0.813991;0.142038;0.292531;0.640377;0.510780;0.493403;0.555739;0.091639;0.813991;0.142038;0.493403;-0.510780;0.640377;-0.292531
35233555;1;0.498343;-0.456705;0.673861;-0.298304;0.526919;-0.383401;0.718103;-0.244311;0.542839;-0.388711;0.684666;-0.292340;0.564534;-0.332554;0.713633;-0.247867;0.863871;-0.407972;0.140689;0.259791;0.681724;-0.314984;-0.138900;0.645558;-0.162461;-0.289596;0.186125;0.924715;-0.487808;-0.287353;0.293824;0.770156;-0.261817;-0.355997;0.205354;0.873240;-0.261817;-0.355997;0.205354;0.873240;0.081639;0.660432;-0.601527;-0.441961;0.457963;0.872218;-0.163722;-0.051972;0.422528;0.691336;-0.526133;-0.258280;-0.449426;0.053668;0.867111;-0.207976;-0.352622;0.609820;0.597350;-0.383341;0.520763;0.042999;-0.852560;-0.009898;0.520763;0.042999;-0.852560;-0.009898;0.791143;0.116225;-0.296746;0.522040;-0.247396;0.575881;-0.305518;0.716809;0.642840;-0.256096;0.599531;-0.402161;-0.440130;0.541555;-0.492748;0.519811;0.682719;-0.037207;0.727394;-0.058378;0.384481;0.316554;0.825242;0.266351;0.116992;0.778960;0.417608;0.452922;0.325112;0.576580;0.638003;0.393458;-0.046027;0.861622;0.047218;0.503249;0.459231;-0.524342;0.653962;-0.294119;0.459231;-0.524342;0.653962;-0.294119;0.532699;0.091656;0.833187;0.116752;0.294119;0.653962;0.524342;0.459231;0.532699;0.091656;0.833187;0.116752;0.459231;-0.524342;0.653962;-0.294119
35266866;1;0.502349;-0.460297;0.668311;-0.298549;0.529347;-0.392136;0.710452;-0.247546;0.541646;-0.388198;0.684941;-0.294581;0.563525;-0.332020;0.713866;-0.250196;0.868986;-0.411054;0.143448;0.235203;0.670143;-0.319423;-0.136278;0.655977;-0.154962;-0.294449;0.184126;0.924870;0.531841;0.253615;-0.307960;-0.746984;-0.308054;-0.327965;0.227155;0.863679;-0.308054;-0.327965;0.227155;0.863679;0.075031;0.674385;-0.593990;-0.432148;0.454915;0.878103;-0.138757;-0.052287;0.427033;0.675886;-0.554591;-0.230759;-0.431793;0.075234;0.871053;-0.221725;-0.365525;0.624073;0.569235;-0.391019;0.534710;-0.048624;-0.843286;0.024271;0.534710;-0.048624;-0.843286;0.024271;0.674970;0.226642;-0.316119;0.626991;-0.253146;0.574799;-0.306991;0.715038;0.638140;-0.266261;0.594798;-0.409997;-0.443646;0.537364;-0.498259;0.515903;0.682465;-0.030320;0.728351;-0.053166;0.387815;0.334660;0.816664;0.265823;0.132783;0.775345;0.421571;0.451094;0.307421;0.567708;0.664549;0.376264;-0.046332;0.873872;0.072314;0.478510;0.472868;-0.549991;0.625139;-0.288283;0.472868;-0.549991;0.625139;-0.288283;0.538216;0.053138;0.830942;0.130521;0.288283;0.625139;0.549991;0.472868;0.538216;0.053138;0.830942;0.130521;0.472868;-0.549991;0.625139;-0.288283
35300222;1;0.500202;-0.461243;0.671334;-0.293878;0.525672;-0.395919;0.711816;-0.245428;0.534816;-0.401709;0.681500;-0.296915;0.556904;-0.345764;0.711520;-0.253070;0.862303;-0.422327;0.146304;0.238052;0.679478;-0.313615;-0.163529;0.642817;-0.143099;-0.312725;0.165224;0.924352;0.544240;0.270468;-0.310340;-0.730985;-0.231811;-0.366811;0.186853;0.881362;-0.231811;-0.366811;0.186853;0.881362;0.049238;0.664726;-0.616639;-0.418893;0.467483;0.873258;-0.123243;-0.060755;0.450102;0.647235;-0.554490;-0.266525;-0.477703;0.078182;0.848682;-0.213135;-0.303750;0.574462;0.585298;-0.484929;0.560767;0.028575;-0.819611;0.113848;0.560767;0.028575;-0.819611;0.113848;0.656216;0.212414;-0.219862;0.689871;-0.270266;0.568801;-0.316842;0.709248;0.636154;-0.273096;0.591084;-0.413939;-0.426361;0.553627;-0.478605;0.531649;0.681287;-0.055841;0.725876;-0.076375;0.382115;0.352263;0.810418;0.270411;0.140512;0.771011;0.431690;0.446590;0.327673;0.539825;0.686177;0.361082;-0.021057;0.869329;0.107157;0.482018;0.528061;-0.503469;0.622092;-0.284030;0.528061;-0.503469;0.622092;-0.284030;0.574235;0.083879;0.795891;0.172556;0.284030;0.622092;0.503469;0.528061;0.574235;0.083879;0.795891;0.172556;0.528061;-0.503469;0.622092;-0.284030
35333555;1;0.498179;-0.472236;0.669457;-0.283969;0.516353;-0.425572;0.700049;-0.249400;0.529254;-0.413767;0.679374;-0.295192;0.551222;-0.357953;0.710367;-0.251799;0.855963;-0.428797;0.153253;0.244897;0.704139;-0.266327;-0.146694;0.641669;-0.172252;-0.265342;0.148469;0.936953;0.519064;0.333149;-0.267743;-0.740201;-0.131272;-0.417913;0.089570;0.894479;-0.131272;-0.417913;0.089570;0.894479;-0.001621;0.705998;-0.552404;-0.443185;0.473879;0.872002;-0.110474;-0.053364;0.439639;0.664076;-0.547062;-0.257768;-0.464784;0.061255;0.858208;-0.209050;-0.346408;0.534332;0.590115;-0.496241;0.602706;0.107094;-0.788846;0.054759;0.602706;0.107094;-0.788846;0.054759;0.658980;0.238017;-0.207890;0.682550;-0.287758;0.556141;-0.326175;0.708175;0.637212;-0.275088;0.583136;-0.422186;-0.421671;0.560682;-0.473309;0.532737;0.678733;-0.064601;0.727106;-0.080403;0.378115;0.366371;0.801464;0.283650;0.143546;0.763356;0.440240;0.450413;0.345598;0.542913;0.666685;0.375950;-0.018895;0.857931;0.091133;0.505265;0.499448;-0.503577;0.642544;-0.289999;0.499448;-0.503577;0.642544;-0.289999;0.558224;0.098264;0.810430;0.148102;0.289999;0.642544;0.503577;0.499448;0.558224;0.098264;0.810430;0.148102;0.499448;-0.503577;0.642544;-0.289999
35366888;1;0.495326;-0.470034;0.668298;-0.295123;0.516033;-0.418677;0.701616;-0.257207;0.524660;-0.425179;0.673543;-0.300491;0.547068;-0.369796;0.705470;-0.257449;0.847509;-0.440494;0.150634;0.254956;0.695191;-0.286406;-0.194066;0.630095;-0.172678;-0.315321;0.142348;0.922221;0.524331;0.278491;-0.268284;-0.758645;-0.170023;-0.363595;0.131654;0.906398;-0.170023;-0.363595;0.131654;0.906398;-0.008498;0.655124;-0.598051;-0.461602;0.487257;0.864011;-0.117827;-0.046721;0.432158;0.665862;-0.534267;-0.290561;-0.485005;0.059717;0.851615;-0.189621;-0.367026;0.520005;0.604606;-0.478893;0.598385;0.062160;-0.795041;0.077343;0.598385;0.062160;-0.795041;0.077343;0.630641;0.257170;-0.235248;0.693408;-0.303733;0.551546;-0.339922;0.698568;0.629579;-0.285205;0.581758;-0.428772;-0.420533;0.562510;-0.481867;0.523964;0.671785;-0.059837;0.734505;-0.075009;0.357229;0.388765;0.798883;0.288159;0.142486;0.761438;0.457734;0.436336;0.355000;0.535776;0.670940;0.369810;-0.007848;0.855873;0.099115;0.507539;0.519354;-0.503050;0.618829;-0.307022;0.519354;-0.503050;0.618829;-0.307022;0.584336;0.081868;0.793289;0.150142;0.307022;0.618829;0.503050;0.519354;0.584336;0.081868;0.793289;0.150142;0.519354;-0.503050;0.618829;-0.307022
35400200;1;0.500313;-0.472601;0.660264;-0.300644;0.516963;-0.433372;0.686651;-0.271015;0.530504;-0.413307;0.672356;-0.309324;0.553601;-0.358057;0.703335;-0.265785;0.853039;-0.439141;0.153774;0.236291;0.693899;-0.292717;-0.181052;0.632488;-0.147008;-0.312137;0.145030;0.927322;0.572112;0.273776;-0.303917;-0.710893;-0.115849;-0.392295;0.115860;0.905130;-0.115849;-0.392295;0.115860;0.905130;0.064032;0.670749;-0.611362;-0.415009;0.482864;0.865480;-0.125260;-0.045786;0.415296;0.659673;-0.548092;-0.303241;-0.485003;0.078712;0.854037;-0.170873;-0.347943;0.565182;0.578403;-0.474295;0.586899;0.078018;-0.804918;0.039624;0.586899;0.078018;-0.804918;0.039624;0.662218;0.320174;-0.223222;0.639631;-0.320484;0.541756;-0.350781;0.693356;0.621162;-0.297812;0.572615;-0.444498;-0.422738;0.558358;-0.494510;0.514771;0.666904;-0.047935;0.740576;-0.067000;0.357335;0.409008;0.788099;0.289697;0.157610;0.756049;0.465550;0.432218;0.324051;0.559223;0.668282;0.368321;-0.028881;0.870513;0.080837;0.484601;0.522166;-0.507503;0.608919;-0.314645;0.522166;-0.507503;0.608919;-0.314645;0.591715;0.071712;0.789429;0.146740;0.314645;0.608919;0.507503;0.522166;0.591715;0.071712;0.789429;0.146740;0.522166;-0.507503;0.608919;-0.314645
35433555;1;0.508068;-0.470109;0.652472;-0.308455;0.521461;-0.440207;0.673008;-0.285230;0.526276;-0.431227;0.660274;-0.317987;0.550082;-0.376888;0.692729;-0.274759;0.840096;-0.459331;0.140226;0.252172;0.700618;-0.294524;-0.194533;0.620118;-0.139316;-0.323433;0.141346;0.925205;0.561327;0.258210;-0.294369;-0.729100;-0.057592;-0.378682;0.099629;0.918345;-0.057592;-0.378682;0.099629;0.918345;0.018370;0.668793;-0.603270;-0.434101;0.506627;0.851173;-0.119374;-0.067706;0.439488;0.651078;-0.555703;-0.272292;-0.476617;0.075481;0.852649;-0.200320;-0.357112;0.554703;0.549608;-0.512549;0.621184;0.051709;-0.779160;0.066083;0.621184;0.051709;-0.779160;0.066083;0.705944;0.221819;-0.177351;0.648835;-0.342756;0.527770;-0.368865;0.684044;0.614316;-0.304881;0.567167;-0.456054;-0.417225;0.557590;-0.495482;0.519148;0.666079;-0.046744;0.740728;-0.073998;0.349953;0.433822;0.769617;0.311481;0.164049;0.743078;0.477821;0.438873;0.358405;0.536762;0.662615;0.379966;-0.012622;0.850767;0.092538;0.517177;0.497858;-0.532605;0.612860;-0.304749;0.497858;-0.532605;0.612860;-0.304749;0.567529;0.056749;0.809966;0.136549;0.304749;0.612860;0.532605;0.497858;0.567529;0.056749;0.809966;0.136549;0.497858;-0.532605;0.612860;-0.304749
35466888;1;0.506748;-0.470527;0.649199;-0.316783;0.513383;-0.456588;0.659077;-0.305914;0.521709;-0.445522;0.655005;-0.316697;0.545426;-0.391561;0.688624;-0.273839;0.834349;-0.469278;0.142100;0.251886;0.704619;-0.265461;-0.157823;0.638854;-0.186358;-0.271743;0.146743;0.932681;0.590287;0.250532;-0.281903;-0.713671;-0.054510;-0.368691;0.079388;0.924550;-0.054510;-0.368691;0.079388;0.924550;-0.081456;0.690481;-0.573575;-0.433143;0.509503;0.854904;-0.088532;-0.041329;0.425381;0.659483;-0.552686;-0.280484;-0.478882;0.050103;0.858993;-0.174047;-0.385742;0.531001;0.559287;-0.506398;0.616887;-0.068567;-0.768156;0.157117;0.616887;-0.068567;-0.768156;0.157117;0.670686;0.204774;-0.193885;0.686044;-0.363839;0.521998;-0.391599;0.664673;0.600623;-0.320258;0.568586;-0.461948;-0.404049;0.563419;-0.491483;0.527018;0.662286;-0.053782;0.742021;-0.088827;0.330237;0.456688;0.763585;0.315147;0.164690;0.738402;0.496346;0.425769;0.358158;0.535241;0.665203;0.377816;-0.011266;0.851500;0.095439;0.515473;0.534890;-0.486629;0.615714;-0.313018;0.534890;-0.486629;0.615714;-0.313018;0.599562;0.091277;0.779475;0.156887;0.313018;0.615714;0.486629;0.534890;0.599562;0.091277;0.779475;0.156887;0.534890;-0.486629;0.615714;-0.313018
35500222;1;0.511753;-0.464237;0.645604;-0.325252;0.510823;-0.466077;0.644276;-0.326711;0.524606;-0.445003;0.644231;-0.334255;0.549722;-0.391906;0.677843;-0.291109;0.830065;-0.483234;0.134913;0.243465;0.706541;-0.275032;-0.175510;0.627976;-0.138927;-0.297410;0.134141;0.935015;0.579914;0.289187;-0.306852;-0.697074;-0.045256;-0.415495;0.071772;0.905629;-0.045256;-0.415495;0.071772;0.905629;-0.006770;0.695967;-0.590821;-0.408062;0.519832;0.847902;-0.098560;-0.033507;0.396722;0.679881;-0.538372;-0.300881;-0.472157;0.061417;0.865049;-0.158068;-0.438229;0.517052;0.564605;-0.470993;0.642987;0.036044;-0.764737;0.021135;0.642987;0.036044;-0.764737;0.021135;0.669097;0.258262;-0.232617;0.656886;-0.394922;0.505740;-0.416635;0.643956;0.588152;-0.336627;0.562191;-0.474026;-0.408896;0.549956;-0.497117;0.532191;0.669339;-0.040262;0.736489;-0.089158;0.308173;0.490707;0.744627;0.331311;0.169259;0.724759;0.519585;0.419651;0.354566;0.528491;0.670422;0.381465;-0.016336;0.850383;0.103927;0.515540;0.504696;-0.487734;0.618468;-0.353405;0.504696;-0.487734;0.618468;-0.353405;0.606769;0.092443;0.782203;0.106978;0.353405;0.618468;0.487734;0.504696;0.606769;0.092443;0.782203;0.106978;0.504696;-0.487734;0.618468;-0.353405
35533533;1;0.505136;-0.476561;0.643365;-0.322194;0.505993;-0.474846;0.644631;-0.320847;0.511779;-0.462378;0.639759;-0.339112;0.537326;-0.409584;0.674778;-0.296979;0.818509;-0.499415;0.123161;0.255849;0.711481;-0.266111;-0.177783;0.625598;-0.168980;-0.289568;0.136281;0.932214;0.544649;0.274888;-0.264676;-0.746820;-0.007118;-0.377645;0.054783;0.924301;-0.007118;-0.377645;0.054783;0.924301;-0.049052;0.678437;-0.571486;-0.459044;0.541532;0.833332;-0.093638;-0.059442;0.429514;0.657381;-0.549486;-0.285366;-0.480590;0.070901;0.853849;-0.186946;-0.311164;0.567272;0.599286;-0.471419;0.560789;0.090094;-0.820259;0.067633;0.560789;0.090094;-0.820259;0.067633;0.664685;0.220538;-0.231457;0.675266;-0.415229;0.497878;-0.440097;0.621303;0.568883;-0.359106;0.559128;-0.484551;-0.409986;0.543956;-0.514212;0.521162;0.662383;-0.023909;0.744427;-0.080658;0.300004;0.512435;0.723088;0.352920;0.188044;0.696043;0.548597;0.423326;0.357026;0.526417;0.656145;0.406069;-0.031966;0.838968;0.095344;0.534808;0.501879;-0.493010;0.645023;-0.298336;0.501879;-0.493010;0.645023;-0.298336;0.565837;0.107489;0.804711;0.143927;0.298336;0.645023;0.493010;0.501879;0.565837;0.107489;0.804711;0.143927;0.501879;-0.493010;0.645023;-0.298336
35566888;1;0.507130;-0.471864;0.643995;-0.324706;0.506097;-0.473905;0.642494;-0.326314;0.503232;-0.480457;0.625162;-0.353681;0.529974;-0.428776;0.661678;-0.312186;0.805499;-0.525147;0.101842;0.254990;0.701296;-0.284574;-0.187327;0.626188;-0.166017;-0.308641;0.144272;0.925400;0.565197;0.188930;-0.262168;-0.759030;0.058555;-0.313550;0.078188;0.944534;0.058555;-0.313550;0.078188;0.944534;-0.041419;0.663411;-0.577602;-0.473862;0.564269;0.819404;-0.079181;-0.062509;0.420075;0.683763;-0.527604;-0.278637;-0.466071;0.054295;0.861946;-0.192040;-0.275433;0.564829;0.630932;-0.455006;0.528399;0.153159;-0.832856;0.060725;0.528399;0.153159;-0.832856;0.060725;0.589733;0.349862;-0.237789;0.687945;-0.435512;0.488643;-0.461431;0.598864;0.555776;-0.376158;0.556960;-0.489299;0.424820;-0.524758;0.526065;-0.517119;0.670027;-0.001860;0.739263;-0.067459;0.284667;0.535867;0.705934;0.365334;0.194759;0.681675;0.566402;0.420210;0.337381;0.546866;0.637593;0.424955;-0.059375;0.840418;0.067932;0.534375;0.529652;-0.469917;0.629381;-0.320198;0.529652;-0.469917;0.629381;-0.320198;0.600935;0.112758;0.777321;0.148107;0.320198;0.629380;0.469917;0.529652;0.600935;0.112758;0.777321;0.148107;0.529652;-0.469917;0.629381;-0.320198
35600211;1;0.507843;-0.471631;0.641586;-0.328674;0.505973;-0.475258;0.638904;-0.331546;0.488997;-0.499929;0.612081;-0.369202;0.517029;-0.449234;0.650201;-0.328798;0.791891;-0.551864;0.094963;0.243593;0.693652;-0.292568;-0.201125;0.626737;-0.177369;-0.323496;0.146280;0.917874;0.550200;0.100165;-0.235166;-0.794949;0.031543;-0.220531;0.129238;0.966265;0.031543;-0.220531;0.129238;0.966265;-0.062108;0.647318;-0.563126;-0.509913;0.590849;0.800210;-0.072702;-0.072631;0.431680;0.688663;-0.509064;-0.283283;-0.474911;0.042613;0.855329;-0.202624;-0.227390;0.559771;0.668048;-0.434351;-0.480472;-0.165276;0.855755;-0.097540;-0.480472;-0.165276;0.855755;-0.097540;0.668085;0.136013;-0.275988;0.677491;-0.450417;0.479595;-0.488861;0.572825;0.534187;-0.397618;0.557585;-0.495624;0.422081;-0.520933;0.543634;-0.504914;0.659537;0.013273;0.749090;-0.060817;0.255452;0.563154;0.696668;0.363669;0.190091;0.673297;0.590901;0.401712;0.328561;0.550176;0.636144;0.429738;-0.069025;0.841731;0.064629;0.531552;0.535395;-0.458158;0.628498;-0.329293;0.535395;-0.458158;0.628498;-0.329293;0.611427;0.120448;0.768382;0.145736;0.329293;0.628498;0.458158;0.535395;0.611427;0.120448;0.768382;0.145736;0.535395;-0.458158;0.628498;-0.329293
35633555;1;0.505174;-0.481564;0.634796;-0.331556;0.503798;-0.484185;0.632799;-0.333643;0.476315;-0.514915;0.596721;-0.389758;0.506037;-0.465403;0.636091;-0.350305;0.770626;-0.576768;0.078200;0.259536;0.720366;-0.253836;-0.135934;0.631000;-0.174170;-0.246576;0.148699;0.941676;0.518310;0.356350;-0.269645;-0.729151;-0.088944;-0.443136;0.057659;0.890166;-0.088944;-0.443136;0.057659;0.890166;-0.080299;0.685264;-0.577051;-0.437010;0.616266;0.779682;-0.068849;-0.087014;0.439641;0.677295;-0.523989;-0.270967;-0.470546;0.055429;0.854529;-0.212824;-0.371764;0.521825;0.566038;-0.518740;0.635446;0.085472;-0.765111;0.059230;0.635446;0.085472;-0.765111;0.059230;0.610760;0.243382;-0.201205;0.726122;-0.477403;0.455517;-0.495683;0.564703;0.534968;-0.400059;0.541434;-0.510501;0.418688;-0.523824;0.540142;-0.508483;0.659643;0.008733;0.748650;-0.065715;0.272760;0.573409;0.656925;0.406514;0.223226;0.646621;0.585013;0.435674;0.325595;0.546789;0.631598;0.442824;-0.080351;0.836167;0.063854;0.538787;0.546729;-0.436734;0.649153;-0.298248;0.546729;-0.436734;0.649153;-0.298248;0.597489;0.150203;0.767838;0.175703;0.298248;0.649153;0.436734;0.546729;0.597489;0.150203;0.767838;0.175703;0.546729;-0.436734;0.649153;-0.298248
35666877;1;0.497653;-0.493015;0.630212;-0.334829;0.485010;-0.515846;0.611665;-0.352895;0.473414;-0.513276;0.598745;-0.392341;0.503353;-0.463608;0.637978;-0.353113;0.771394;-0.577563;0.082625;0.254060;0.712770;-0.259485;-0.095772;0.644558;-0.196781;-0.213628;0.175693;0.940623;0.518797;0.360711;-0.266717;-0.727735;-0.049956;-0.447405;0.032851;0.892330;-0.049956;-0.447405;0.032851;0.892330;-0.128689;0.691951;-0.561034;-0.435757;0.618137;0.776911;-0.079066;-0.089805;0.440179;0.680959;-0.524368;-0.259955;-0.459117;0.063736;0.857090;-0.224823;-0.402830;0.485067;0.600134;-0.492216;0.630241;0.053981;-0.769764;0.085708;0.630241;0.053981;-0.769764;0.085708;0.622681;0.253594;-0.223436;0.705715;-0.492808;0.438932;-0.506621;0.554810;0.528206;-0.404757;0.534317;-0.521225;0.418753;-0.517490;0.552414;-0.501686;0.654922;0.021903;0.752918;-0.060922;0.255263;0.592148;0.645841;0.408767;0.223205;0.640036;0.598431;0.427100;0.317778;0.547849;0.636419;0.440283;-0.084096;0.840271;0.066551;0.531454;0.547005;-0.457042;0.637199;-0.293045;0.547005;-0.457042;0.637199;-0.293045;0.594005;0.127390;0.773746;0.179577;0.293045;0.637199;0.457042;0.547005;0.594005;0.127390;0.773746;0.179577;0.547005;-0.457042;0.637199;-0.293045
35700222;1;0.496952;-0.495816;0.624970;-0.341493;0.481144;-0.523333;0.602117;-0.363426;0.464564;-0.521975;0.591924;-0.401681;0.495280;-0.472826;0.631877;-0.363133;0.762030;-0.590649;0.082446;0.252285;0.675834;-0.319994;-0.140311;0.648973;-0.200560;-0.286757;0.199635;0.915255;0.539758;0.236790;-0.304178;-0.748376;-0.048180;-0.363830;0.127363;0.921458;-0.048180;-0.363830;0.127363;0.921458;0.015849;0.667733;-0.602268;-0.437213;0.633435;0.762619;-0.092150;-0.093167;0.454724;0.672427;-0.522350;-0.261186;-0.466790;0.071563;0.848461;-0.238954;-0.434739;0.448402;0.617280;-0.478438;0.638285;0.034970;-0.762152;0.102436;0.638285;0.034970;-0.762152;0.102436;0.622852;0.203474;-0.232207;0.718842;-0.499136;0.432697;-0.518264;0.543175;0.520780;-0.411367;0.535347;-0.522465;0.407397;-0.526807;0.544489;-0.509935;0.652685;0.009630;0.753875;-0.074709;0.231650;0.611550;0.640275;0.402979;0.215159;0.637115;0.614859;0.411995;0.324868;0.535966;0.641298;0.442648;-0.080658;0.835310;0.078364;0.538154;0.563669;-0.446628;0.637221;-0.277037;0.563669;-0.446628;0.637221;-0.277037;0.594469;0.134770;0.766397;0.202680;0.277037;0.637221;0.446628;0.563669;0.594469;0.134770;0.766397;0.202680;0.563669;-0.446628;0.637221;-0.277037
35733544;1;0.496778;-0.495609;0.624796;-0.342366;0.479143;-0.526058;0.599384;-0.366640;0.460590;-0.527138;0.584727;-0.409972;0.491983;-0.478549;0.625116;-0.371715;0.756169;-0.601443;0.081156;0.244720;0.656903;-0.340331;-0.143604;0.657290;-0.213245;-0.301204;0.213831;0.904477;0.504344;0.255025;-0.307080;-0.765703;-0.075314;-0.371058;0.147145;0.913779;-0.075314;-0.371058;0.147145;0.913779;0.125039;0.643210;-0.617317;-0.435392;0.642309;0.755157;-0.091416;-0.093913;0.465673;0.666461;-0.522347;-0.257163;-0.467959;0.079584;0.843020;-0.252979;-0.440008;0.452568;0.616673;-0.470414;0.631530;-0.009489;-0.764862;0.126755;0.631530;-0.009489;-0.764862;0.126755;0.632294;0.182733;-0.235795;0.714992;0.500406;-0.431354;0.518285;-0.543055;0.522003;-0.410066;0.535281;-0.522334;0.411390;-0.522865;0.546922;-0.508179;0.654275;0.014164;0.752814;-0.070674;0.227677;0.612919;0.640886;0.402193;0.211367;0.638287;0.615642;0.410973;0.325281;0.533127;0.643918;0.441971;-0.079865;0.835138;0.082218;0.537965;0.553225;-0.459785;0.627283;-0.298421;0.553225;-0.459785;0.627283;-0.298421;0.602205;0.118439;0.768673;0.180173;0.298421;0.627283;0.459785;0.553225;0.602205;0.118439;0.768673;0.180173;0.553225;-0.459785;0.627283;-0.298421
35766888;1;0.496159;-0.496482;0.624400;-0.342721;0.477887;-0.527920;0.598055;-0.367770;0.458218;-0.530284;0.583425;-0.410427;0.489655;-0.481789;0.624071;-0.372360;0.753520;-0.603725;0.082825;0.246703;0.653415;-0.341171;-0.141796;0.660715;-0.219307;-0.299795;0.215933;0.902995;-0.492985;-0.258528;0.302639;0.773652;-0.078717;-0.369277;0.148531;0.913989;-0.078717;-0.369277;0.148531;0.913989;0.127350;0.639299;-0.617027;-0.440859;0.644708;0.753714;-0.085950;-0.094225;0.469618;0.663639;-0.520329;-0.261345;-0.473722;0.079037;0.839590;-0.253830;-0.438731;0.445103;0.606826;-0.491081;0.643808;-0.002239;-0.752562;0.138409;0.643808;-0.002239;-0.752562;0.138409;0.592854;0.195981;-0.225546;0.747827;-0.499736;0.433046;-0.517754;0.542831;0.522010;-0.411076;0.535359;-0.521453;0.411742;-0.523460;0.547444;-0.506719;0.653499;0.014117;0.753608;-0.069390;0.225095;0.613063;0.642449;0.400930;0.208917;0.638377;0.617320;0.409567;0.326110;0.533112;0.640502;0.446320;-0.082354;0.832743;0.079819;0.541651;0.552527;-0.477194;0.615624;-0.296660;0.552527;-0.477194;0.615624;-0.296660;0.600466;0.097885;0.772739;0.180925;0.296660;0.615624;0.477194;0.552527;0.600466;0.097885;0.772739;0.180925;0.552527;-0.477194;0.615624;-0.296660
35800211;1;0.498111;-0.493790;0.614549;-0.361091;0.476881;-0.527773;0.585623;-0.388698;0.459249;-0.526193;0.589055;-0.406480;0.490367;-0.477260;0.629355;-0.368342;0.758106;-0.597545;0.088156;0.245854;0.650007;-0.340169;-0.142959;0.664334;-0.229333;-0.299026;0.216184;0.900697;-0.475407;-0.255229;0.293248;0.789209;-0.094038;-0.355813;0.156631;0.916526;-0.094038;-0.355813;0.156631;0.916526;-0.071888;-0.626344;0.626633;0.458100;0.637296;0.761074;-0.073327;-0.096139;0.472387;0.663021;-0.519951;-0.258659;-0.476364;0.067820;0.839849;-0.251260;-0.433363;0.454736;0.590525;-0.506648;0.647237;-0.026277;-0.744858;0.159936;0.647237;-0.026277;-0.744858;0.159936;0.593272;0.187487;-0.207294;0.754921;0.500398;-0.435731;0.516744;-0.541031;0.524043;-0.412308;0.535614;-0.518168;0.421784;-0.516507;0.552747;-0.499790;0.655733;0.022854;0.752457;-0.057446;0.215721;0.615006;0.643526;0.401381;0.200368;0.639097;0.619626;0.409233;0.330450;0.527755;0.635279;0.456835;-0.086676;0.825323;0.079909;0.552217;0.525022;-0.488810;0.627118;-0.303544;0.525022;-0.488810;0.627118;-0.303544;0.585884;0.097798;0.789081;0.156609;0.303544;0.627118;0.488811;0.525022;0.585884;0.097798;0.789081;0.156609;0.525022;-0.488810;0.627118;-0.303544
35833555;1;0.496600;-0.491414;0.617742;-0.360965;0.473513;-0.528397;0.586421;-0.390759;0.459999;-0.522147;0.595231;-0.401826;0.490742;-0.472731;0.635186;-0.363643;0.763336;-0.590907;0.091913;0.244335;0.652758;-0.337415;-0.147582;0.662026;-0.227265;-0.301229;0.211873;0.901511;0.506189;0.213876;-0.299853;-0.779819;-0.119737;-0.322407;0.178071;0.921959;-0.119737;-0.322407;0.178071;0.921959;-0.093673;-0.622174;0.627847;0.458184;0.629630;0.768133;-0.061280;-0.098906;0.469126;0.660599;-0.524340;-0.261912;-0.478981;0.066977;0.840736;-0.243422;-0.435141;0.457256;0.588805;-0.504855;0.647389;-0.030510;-0.744878;0.158471;0.647389;-0.030510;-0.744878;0.158471;0.586828;0.214396;-0.215374;0.750521;0.501506;-0.435606;0.508332;-0.548031;0.532685;-0.405216;0.532869;-0.517782;0.433530;-0.507632;0.553403;-0.498103;0.662844;0.029666;0.746628;-0.048008;0.232522;0.606430;0.638389;0.413080;0.213824;0.634523;0.610492;0.423036;0.322047;0.537776;0.632225;0.455384;-0.091675;0.830246;0.070713;0.545241;0.527774;-0.494034;0.612085;-0.320526;0.527774;-0.494034;0.612085;-0.320526;0.599839;0.083475;0.782144;0.146547;0.320526;0.612085;0.494034;0.527774;0.599839;0.083475;0.782144;0.146547;0.527774;-0.494034;0.612085;-0.320526
35866888;1;0.495102;-0.485080;0.623928;-0.360951;0.478738;-0.512067;0.601976;-0.382389;0.457036;-0.522712;0.597815;-0.400634;0.487692;-0.473088;0.637808;-0.362692;0.766354;-0.591275;0.095824;0.232190;0.653304;-0.336336;-0.152401;0.660944;-0.218954;-0.306420;0.206045;0.903167;-0.471267;-0.219434;0.286494;0.804784;-0.146919;-0.308477;0.187275;0.920969;-0.146919;-0.308477;0.187275;0.920969;-0.113806;-0.609264;0.622228;0.478202;0.629787;0.766894;-0.059703;-0.108058;0.467374;0.666375;-0.516270;-0.266405;-0.480486;0.061415;0.840725;-0.241956;-0.453017;0.424854;0.614615;-0.486336;0.650465;0.006818;-0.747132;0.136533;0.650465;0.006818;-0.747132;0.136533;0.608095;0.194271;-0.222822;0.736770;-0.485655;0.460189;-0.514564;0.536273;0.524856;-0.419990;0.547865;-0.497975;0.437614;-0.511061;0.556402;-0.487574;0.658346;0.029406;0.751198;-0.037660;0.225263;0.601516;0.656209;0.396012;0.203092;0.636941;0.621897;0.407803;0.309931;0.544695;0.635913;0.450405;-0.096783;0.837685;0.068488;0.533129;0.515487;-0.494600;0.622485;-0.319620;0.515487;-0.494600;0.622485;-0.319620;0.590510;0.090428;0.789898;0.138499;0.319620;0.622485;0.494600;0.515488;0.590510;0.090428;0.789898;0.138499;0.515487;-0.494600;0.622485;-0.319620
35900222;1;0.494564;-0.483674;0.631235;-0.350725;0.475728;-0.515730;0.605327;-0.375879;0.463826;-0.514478;0.610040;-0.384746;0.493186;-0.463900;0.649333;-0.346311;0.778311;-0.572408;0.089814;0.241898;0.660852;-0.326373;-0.154091;0.658036;-0.206675;-0.303879;0.194733;0.909407;-0.472865;-0.225877;0.278508;0.804867;-0.170418;-0.307238;0.184910;0.917807;-0.170418;-0.307238;0.184910;0.917807;0.100381;0.618647;-0.610927;-0.483702;0.613323;0.778966;-0.054363;-0.118710;0.458953;0.675568;-0.511465;-0.267158;-0.478850;0.043593;0.846220;-0.229594;-0.446088;0.426672;0.617978;-0.486888;0.650882;0.041531;-0.749814;0.111389;0.650882;0.041531;-0.749814;0.111389;0.590928;0.230212;-0.232593;0.737365;-0.475995;0.470320;-0.497903;0.551652;0.535087;-0.411334;0.547643;-0.494544;0.445415;-0.507357;0.553229;-0.487987;0.664144;0.029827;0.746304;-0.032456;0.262518;0.579738;0.655396;0.406748;0.221516;0.641167;0.595447;0.430440;0.299971;0.557882;0.642581;0.431132;-0.090310;0.851622;0.063897;0.512350;0.517141;-0.496839;0.624003;-0.310381;0.517141;-0.496839;0.624003;-0.310381;0.585146;0.089918;0.792555;0.146202;0.310381;0.624003;0.496839;0.517141;0.585146;0.089918;0.792555;0.146202;0.517141;-0.496839;0.624003;-0.310381
35933533;1;0.492849;-0.483368;0.640577;-0.336329;0.482402;-0.502608;0.625594;-0.351148;0.457865;-0.514135;0.616400;-0.382199;0.487040;-0.463048;0.655645;-0.344251;0.779983;-0.569899;0.105264;0.236138;0.687068;-0.303435;-0.156727;0.641328;-0.181387;-0.293405;0.174784;0.922205;-0.464047;-0.233689;0.260039;0.813898;-0.183226;-0.303859;0.172918;0.918802;-0.183226;-0.303859;0.172918;0.918802;0.069221;0.624413;-0.595707;-0.500450;0.609627;0.782325;-0.038203;-0.121919;0.467523;0.672325;-0.507759;-0.267547;-0.488470;0.026069;0.842117;-0.227061;-0.374839;0.464144;0.623686;-0.505057;0.617651;0.079668;-0.773348;0.118718;0.617651;0.079668;-0.773348;0.118718;0.589576;0.208746;-0.217847;0.749245;-0.459372;0.488608;-0.498482;0.549323;0.529337;-0.416900;0.559838;-0.482264;0.450147;-0.503034;0.559659;-0.480735;0.662397;0.037474;0.747829;-0.024020;0.260075;0.575804;0.668991;0.391487;0.216092;0.645115;0.602441;0.417367;0.295211;0.564308;0.642411;0.426281;-0.090301;0.856024;0.059250;0.505528;0.513785;-0.495279;0.619658;-0.326723;0.513785;-0.495279;0.619658;-0.326723;0.594328;0.087949;0.788380;0.132273;0.326723;0.619658;0.495279;0.513785;0.594328;0.087949;0.788380;0.132273;0.513785;-0.495279;0.619658;-0.326723
35966888;1;0.492122;-0.483168;0.643772;-0.331544;0.476457;-0.512083;0.621020;-0.353686;0.468688;-0.493260;0.628405;-0.377005;0.497412;-0.441277;0.665937;-0.338205;0.793433;-0.550707;0.112607;0.233462;0.686767;-0.304299;-0.146464;0.643662;-0.169888;-0.287787;0.176715;0.925791;-0.456607;-0.241714;0.262658;0.814921;-0.228454;-0.301812;0.190589;0.905756;-0.228454;-0.301812;0.190589;0.905756;0.072683;0.626724;-0.595669;-0.497104;0.591009;0.796323;-0.058418;-0.114736;0.459237;0.674538;-0.512265;-0.267737;-0.482547;0.033402;0.846346;-0.223004;-0.383574;0.467358;0.620345;-0.499619;0.622334;0.089458;-0.771524;0.097206;0.622334;0.089458;-0.771524;0.097206;0.587696;0.249369;-0.225086;0.736047;-0.448613;0.498719;-0.486221;0.560014;0.536450;-0.409863;0.563160;-0.476534;0.456948;-0.498401;0.562552;-0.475741;0.663695;0.042846;0.746609;-0.015714;0.283849;0.555101;0.677180;0.390794;0.220486;0.652647;0.583750;0.429736;0.276909;0.583099;0.640841;0.415500;-0.095787;0.868139;0.044932;0.484914;0.509691;-0.490295;0.617392;-0.344462;0.509691;-0.490295;0.617392;-0.344462;0.603977;0.089871;0.783253;0.116835;0.344462;0.617392;0.490295;0.509691;0.603977;0.089871;0.783253;0.116835;0.509691;-0.490295;0.617392;-0.344462
36000222;1;0.491170;-0.479373;0.647549;-0.331111;0.476896;-0.506030;0.626938;-0.351359;0.483247;-0.472450;0.645126;-0.356478;0.510278;-0.419193;0.680935;-0.316576;0.813467;-0.520343;0.129691;0.225156;0.699443;-0.291642;-0.146816;0.635743;-0.162454;-0.280148;0.167711;0.931127;-0.491979;-0.225776;0.264678;0.798077;-0.118119;-0.314986;0.147692;0.930064;-0.118119;-0.314986;0.147692;0.930064;0.099837;0.637635;-0.583573;-0.492846;0.559832;0.819993;-0.055446;-0.105476;0.439958;0.685106;-0.515635;-0.266807;-0.472958;0.020841;0.857214;-0.202633;-0.381513;0.478014;0.614575;-0.498245;0.617111;0.057357;-0.776473;0.113906;0.617111;0.057357;-0.776473;0.113906;0.591513;0.261782;-0.225969;0.728368;-0.432999;0.509839;-0.457114;0.586193;0.554515;-0.393128;0.560670;-0.472877;0.471435;-0.488998;0.559505;-0.474956;0.673370;0.047431;0.737766;-0.004972;0.315349;0.523093;0.691881;0.385005;0.221315;0.664659;0.557268;0.445758;0.279931;0.581700;0.643925;0.410640;-0.090201;0.869309;0.048075;0.483584;0.505483;-0.493601;0.616096;-0.348239;0.505483;-0.493601;0.616096;-0.348239;0.603673;0.086617;0.784674;0.111188;0.348239;0.616096;0.493601;0.505483;0.603673;0.086617;0.784674;0.111188;0.505483;-0.493601;0.616096;-0.348239
36033555;1;0.495708;-0.470984;0.651314;-0.328994;0.488683;-0.484571;0.641270;-0.339342;0.483753;-0.468886;0.647697;-0.355833;0.510730;-0.415435;0.683213;-0.315893;0.817534;-0.518256;0.135650;0.211301;0.699829;-0.300016;-0.158605;0.628549;-0.155648;-0.294683;0.168306;0.927690;-0.478716;-0.200885;0.260973;0.813860;-0.167826;-0.278722;0.175430;0.929178;-0.167826;-0.278722;0.175430;0.929178;0.081955;0.619019;-0.593061;-0.508308;0.556462;0.820894;-0.052670;-0.117082;0.445025;0.679767;-0.525181;-0.253090;-0.462285;0.041440;0.858010;-0.219989;-0.320430;0.537406;0.584180;-0.516965;0.600308;0.087745;-0.788906;0.097763;0.600308;0.087745;-0.788906;0.097763;0.562064;0.354194;-0.208669;0.717696;-0.415031;0.524499;-0.437233;0.601230;0.564442;-0.384015;0.564641;-0.463809;0.480947;-0.483502;0.558454;-0.472276;0.678203;0.050638;0.733119;0.003615;0.312641;0.504426;0.718672;0.362381;0.205157;0.677352;0.558675;0.432420;0.284750;0.586815;0.633265;0.416582;-0.091029;0.865479;0.036909;0.491220;0.486910;-0.521921;0.615770;-0.333685;0.486910;-0.521921;0.615770;-0.333685;0.580248;0.066361;0.804469;0.108346;0.333685;0.615770;0.521921;0.486910;0.580248;0.066361;0.804469;0.108346;0.486910;-0.521921;0.615770;-0.333685
36066866;1;0.494445;-0.474935;0.653758;-0.320252;0.493787;-0.476276;0.652782;-0.321266;0.490987;-0.457804;0.651084;-0.354171;0.517808;-0.404117;0.685700;-0.313656;0.824868;-0.509489;0.138944;0.201766;0.710518;-0.289233;-0.144757;0.624943;-0.138031;-0.278776;0.163994;0.936129;-0.481053;-0.239083;0.267184;0.800025;-0.161427;-0.319126;0.163421;0.919453;-0.161427;-0.319126;0.163421;0.919453;0.123142;0.636411;-0.585647;-0.486657;0.544379;0.831163;-0.051563;-0.100802;0.454460;0.667722;-0.520617;-0.276715;-0.485685;0.049969;0.845221;-0.217292;-0.284279;0.550622;0.610037;-0.493818;0.563401;0.134339;-0.810730;0.085146;0.563401;0.134339;-0.810730;0.085146;0.541001;0.363517;-0.223513;0.724717;-0.391113;0.542115;-0.423108;0.611655;0.567159;-0.377163;0.575044;-0.453213;0.479615;-0.484836;0.561547;-0.468581;0.674671;0.051880;0.736274;0.005291;0.340752;0.479094;0.724692;0.359414;0.208541;0.685093;0.534170;0.449244;0.278514;0.588061;0.640326;0.408164;-0.089504;0.871275;0.041036;0.480817;0.483117;-0.524871;0.618052;-0.330333;0.483117;-0.524871;0.618052;-0.330333;0.575196;0.065889;0.808169;0.108034;0.330333;0.618052;0.524871;0.483117;0.575196;0.065889;0.808169;0.108034;0.483117;-0.524871;0.618052;-0.330333
36100222;1;0.497705;-0.478554;0.649893;-0.317671;0.499232;-0.475412;0.652195;-0.315265;0.497994;-0.437303;0.665750;-0.342849;0.523884;-0.382506;0.698675;-0.301809;0.838472;-0.484850;0.151490;0.197321;0.706739;-0.282401;-0.130238;0.635459;-0.155827;-0.261645;0.168091;0.937553;0.523306;0.282335;-0.287828;-0.750728;-0.181161;-0.373586;0.151629;0.897008;-0.181161;-0.373586;0.151629;0.897008;0.025885;0.640384;-0.627594;-0.442000;0.526682;0.839008;-0.093564;-0.099588;0.450665;0.674884;-0.499748;-0.302795;-0.499245;0.052146;0.838151;-0.213398;-0.252933;0.556779;0.637840;-0.468168;0.518908;0.113512;-0.839022;0.117859;0.518908;0.113512;-0.839022;0.117859;0.622089;0.243248;-0.232331;0.707006;-0.369063;0.557632;-0.404558;0.623837;0.574652;-0.367169;0.582950;-0.441737;0.474157;-0.493406;0.546651;-0.482595;0.680651;0.035225;0.731712;-0.008403;0.348047;0.456941;0.744720;0.339794;0.197330;0.700542;0.522127;0.444617;0.282068;0.585870;0.645986;0.399868;-0.081106;0.873687;0.046548;0.477417;0.491253;-0.500302;0.610657;-0.368057;0.491253;-0.500302;0.610657;-0.368057;0.607624;0.078033;0.785567;0.087113;0.368057;0.610657;0.500302;0.491253;0.607624;0.078033;0.785567;0.087113;0.491253;-0.500302;0.610657;-0.368057
36133555;1;0.493098;-0.485869;0.658355;-0.295558;0.500352;-0.469214;0.670327;-0.283104;0.498822;-0.442633;0.665380;-0.335442;0.524116;-0.387849;0.698734;-0.294359;0.839718;-0.484676;0.144944;0.197369;0.670831;-0.329009;-0.168509;0.642918;-0.204479;-0.314130;0.194845;0.906392;-0.395460;-0.067774;0.256898;0.879217;0.547596;0.020313;-0.264910;-0.793441;0.547596;0.020313;-0.264910;-0.793441;-0.138248;-0.569822;0.541763;0.602232;0.523906;0.842960;-0.076098;-0.095658;0.445531;0.673429;-0.512731;-0.291721;-0.492255;0.043259;0.845298;-0.203187;-0.370141;0.546796;0.574133;-0.484129;0.608907;0.091941;-0.787503;0.024862;0.608907;0.091941;-0.787503;0.024862;0.625306;0.261029;-0.235377;0.696745;-0.346461;0.567091;-0.391180;0.636672;0.572767;-0.362598;0.585802;-0.444181;0.452673;-0.511125;0.532156;-0.500649;0.678147;0.012281;0.733930;-0.036224;0.360949;0.436132;0.759353;0.320762;0.193645;0.713951;0.507019;0.442389;0.277551;0.584787;0.659091;0.382870;-0.072284;0.882056;0.056562;0.462117;0.500535;-0.507722;0.607940;-0.349417;0.500535;-0.507722;0.607940;-0.349417;0.601007;0.070865;0.788892;0.106857;0.349417;0.607940;0.507722;0.500535;0.601007;0.070865;0.788892;0.106857;0.500535;-0.507722;0.607940;-0.349417
36166888;1;0.497585;-0.481170;0.659980;-0.292079;0.506423;-0.460426;0.674616;-0.276473;0.507361;-0.445515;0.658840;-0.331708;0.532328;-0.391245;0.692446;-0.289953;0.842307;-0.486848;0.142209;0.182412;0.669684;-0.333212;-0.171545;0.641144;-0.187250;-0.322389;0.191110;0.908009;-0.432798;0.007090;0.244612;0.867641;0.514298;-0.030601;-0.242794;-0.821956;0.514298;-0.030601;-0.242794;-0.821956;-0.201265;-0.549836;0.491229;0.644878;0.519826;0.848177;-0.058597;-0.083325;0.450100;0.665002;-0.526274;-0.279675;-0.487828;0.047369;0.846728;-0.206961;-0.354853;0.530014;0.563322;-0.525198;0.631808;0.109118;-0.765728;0.050719;0.631808;0.109118;-0.765728;0.050719;0.622188;0.302602;-0.188725;0.696920;-0.322860;0.578285;-0.372500;0.650071;0.582415;-0.346724;0.594124;-0.433120;0.456579;-0.507163;0.532821;-0.500423;0.680746;0.015577;0.731595;-0.033329;0.376954;0.410807;0.768914;0.312913;0.185539;0.724239;0.485210;0.453458;0.285255;0.583940;0.651514;0.391374;-0.072831;0.876187;0.051784;0.473615;0.455501;-0.539709;0.628804;-0.325329;0.455501;-0.539709;0.628804;-0.325329;0.552130;0.063000;0.826263;0.092045;0.325329;0.628804;0.539709;0.455501;0.552130;0.063000;0.826263;0.092045;0.455501;-0.539709;0.628804;-0.325329
36200200;1;0.510787;-0.467728;0.648467;-0.315939;0.520892;-0.446168;0.663485;-0.298985;0.508887;-0.438009;0.666890;-0.323171;0.533164;-0.383118;0.699868;-0.281321;0.845858;-0.472622;0.140364;0.203592;0.680989;-0.325599;-0.170296;0.633434;-0.186207;-0.314926;0.189308;0.911214;0.509559;0.038745;-0.257156;-0.820195;-0.375643;-0.078311;0.247988;0.889529;-0.375643;-0.078311;0.247988;0.889529;-0.318330;-0.509160;0.585367;0.544764;0.507339;0.855470;-0.047415;-0.092355;0.459845;0.647274;-0.542071;-0.275203;-0.493785;0.054661;0.842507;-0.208256;-0.358595;0.532614;0.557296;-0.526453;0.636242;0.124274;-0.760797;0.030664;0.636242;0.124274;-0.760797;0.030664;0.670680;0.225232;-0.172301;0.685398;-0.305670;0.587894;-0.361182;0.656120;0.583715;-0.341555;0.599538;-0.427984;0.450012;-0.511776;0.526092;-0.508726;0.681931;0.007503;0.730065;-0.043802;0.370350;0.392684;0.787807;0.296650;0.164466;0.742673;0.472475;0.445145;0.282084;0.590780;0.648378;0.388605;-0.073174;0.878810;0.044742;0.469400;0.476442;-0.535682;0.614746;-0.328839;0.476442;-0.535682;0.614746;-0.328839;0.569419;0.055907;0.813476;0.104371;0.328839;0.614746;0.535682;0.476442;0.569419;0.055907;0.813476;0.104371;0.476442;-0.535682;0.614746;-0.328839
36233555;1;0.514658;-0.465058;0.637446;-0.335426;0.527514;-0.439499;0.655330;-0.314821;0.508739;-0.435019;0.663991;-0.333256;0.533826;-0.380370;0.696738;-0.291385;0.842603;-0.476941;0.136332;0.209669;0.675643;-0.346917;-0.161595;0.630112;-0.167243;-0.322950;0.205348;0.908606;-0.433869;0.000017;0.252178;0.864964;-0.481804;0.014192;0.251778;0.839208;-0.481804;0.014192;0.251778;0.839208;-0.200066;-0.551856;0.504893;0.632860;0.514799;0.849387;-0.076820;-0.087307;0.465211;0.653427;-0.536036;-0.263206;-0.489029;0.039373;0.844246;-0.215752;-0.344594;0.524666;0.570689;-0.529428;0.629205;0.124707;-0.765120;0.056039;0.629205;0.124707;-0.765120;0.056039;0.669908;0.220464;-0.168478;0.688647;-0.295572;0.586447;-0.344183;0.671011;0.594299;-0.331963;0.593480;-0.429407;0.464810;-0.500318;0.532842;-0.499713;0.686057;0.020483;0.726756;-0.027051;0.359427;0.384885;0.801083;0.284502;0.148707;0.756837;0.465859;0.433658;0.284352;0.593149;0.649105;0.382075;-0.066972;0.880986;0.043553;0.466349;0.505040;-0.530484;0.610510;-0.301329;0.505040;-0.530484;0.610510;-0.301329;0.570189;0.056587;0.806804;0.144046;0.301329;0.610510;0.530484;0.505040;0.570189;0.056587;0.806804;0.144046;0.505040;-0.530484;0.610510;-0.301329
36266888;1;0.507221;-0.469792;0.648789;-0.317957;0.521995;-0.437887;0.670735;-0.293072;0.528049;-0.422039;0.666225;-0.314946;0.551605;-0.367253;0.697924;-0.271585;0.860546;-0.458645;0.127209;0.181448;0.672982;-0.334851;-0.162859;0.639099;-0.183726;-0.315911;0.197100;0.909724;-0.425364;-0.049223;0.257847;0.866116;0.569337;0.003688;-0.262477;-0.779068;0.569337;0.003688;-0.262477;-0.779068;-0.493505;-0.404019;0.591229;0.493629;0.488938;0.866824;-0.068229;-0.070006;0.439807;0.678831;-0.523485;-0.267809;-0.472944;0.034006;0.856558;-0.203656;-0.389529;0.487567;0.598968;-0.501780;0.630590;0.082107;-0.767947;0.076637;0.630590;0.082107;-0.767947;0.076637;0.648620;0.263904;-0.203202;0.684365;-0.275089;0.598177;-0.330075;0.676432;0.602438;-0.317120;0.605178;-0.412630;0.457487;-0.508205;0.522020;-0.509832;0.687982;0.007191;0.724626;-0.039316;0.364326;0.363589;0.814038;0.269096;0.144297;0.764636;0.458406;0.429387;0.284895;0.594038;0.651883;0.375503;-0.061951;0.883549;0.044869;0.462050;0.462637;-0.544163;0.617658;-0.329170;0.462637;-0.544163;0.617658;-0.329170;0.559892;0.051969;0.821531;0.094375;0.329170;0.617658;0.544163;0.462637;0.559892;0.051969;0.821531;0.094375;0.462637;-0.544163;0.617658;-0.329170
36300222;1;0.497872;-0.480489;0.661791;-0.288595;0.509786;-0.451678;0.681780;-0.266988;0.524406;-0.411564;0.682459;-0.299771;0.546757;-0.355510;0.713266;-0.256752;0.872735;-0.442588;0.139503;0.151619;0.680545;-0.325255;-0.158109;0.637235;-0.180507;-0.306289;0.192293;0.914674;-0.387133;-0.079706;0.233512;0.888396;0.535756;0.037874;-0.243816;-0.807518;0.535756;0.037874;-0.243816;-0.807518;-0.453575;-0.416256;0.591732;0.520436;0.468594;0.878323;-0.042583;-0.084590;0.453577;0.657635;-0.539931;-0.265064;-0.487292;0.024209;0.850543;-0.196309;-0.362356;0.517826;0.563769;-0.531713;0.631154;0.025944;-0.765053;0.125157;0.631154;0.025944;-0.765053;0.125157;0.644208;0.239668;-0.174355;0.705092;-0.258935;0.600979;-0.315111;0.687374;0.609292;-0.307311;0.605039;-0.410184;0.461801;-0.503912;0.522101;-0.510120;0.691229;0.010310;0.721640;-0.036498;0.381085;0.345550;0.817697;0.258343;0.153532;0.763360;0.453056;0.434108;0.281121;0.598565;0.650108;0.374233;-0.063762;0.885492;0.040432;0.458480;0.501888;-0.516707;0.612770;-0.325016;0.501888;-0.516707;0.612770;-0.325016;0.584709;0.067926;0.798661;0.125068;0.325016;0.612770;0.516707;0.501888;0.584709;0.067926;0.798661;0.125068;0.501888;-0.516707;0.612770;-0.325016
36333533;1;0.481601;-0.486014;0.668894;-0.290570;0.499192;-0.442259;0.698596;-0.259188;0.525558;-0.406842;0.685513;-0.297220;0.547701;-0.350558;0.715931;-0.254117;0.873969;-0.434969;0.129947;0.173474;0.681541;-0.329303;-0.155093;0.634829;-0.154072;-0.310906;0.189292;0.918568;-0.487395;0.065746;0.089056;0.866137;-0.434473;0.060277;0.092845;0.893856;-0.434473;0.060277;0.092845;0.893856;-0.475496;-0.353496;0.493153;0.636981;0.467339;0.877194;-0.069670;-0.085266;0.450808;0.662432;-0.548630;-0.238664;-0.464596;0.028673;0.859645;-0.210568;-0.364447;0.515991;0.560124;-0.535904;0.637824;0.038812;-0.760578;0.114867;0.637824;0.038812;-0.760578;0.114867;0.679098;0.214175;-0.158153;0.684063;-0.248060;0.611381;-0.306804;0.685968;0.613019;-0.300444;0.614566;-0.395284;0.461826;-0.507729;0.522922;-0.505451;0.687975;0.008199;0.724931;-0.033156;0.372120;0.322777;0.835187;0.244549;0.139570;0.772002;0.453519;0.422911;0.268676;0.605530;0.652250;0.368396;-0.068507;0.891870;0.037074;0.445534;0.487354;-0.547199;0.608553;-0.304504;0.487354;-0.547199;0.608553;-0.304504;0.559928;0.043384;0.817240;0.129295;0.304504;0.608553;0.547199;0.487354;0.559928;0.043384;0.817240;0.129295;0.487354;-0.547199;0.608553;-0.304504
36366888;1;0.493736;-0.470116;0.670122;-0.293516;0.513920;-0.419739;0.702775;-0.256541;0.532301;-0.400801;0.679472;-0.307136;0.555217;-0.345021;0.709425;-0.263459;0.874895;-0.438630;0.117600;0.168325;0.686640;-0.336647;-0.178688;0.619084;-0.148422;-0.332564;0.186177;0.912530;-0.388548;-0.076476;0.245432;0.884842;0.536418;0.032656;-0.254988;-0.803847;0.536418;0.032656;-0.254988;-0.803847;-0.262405;-0.558080;0.489542;0.616473;0.467587;0.876814;-0.065029;-0.091268;0.453549;0.652990;-0.556231;-0.241877;-0.463356;0.062038;0.855535;-0.222514;0.362848;-0.540050;-0.533442;0.540487;0.642725;0.021647;-0.758780;0.103389;0.642725;0.021647;-0.758780;0.103389;0.672517;0.234941;-0.156788;0.684062;-0.231879;0.611976;-0.289130;0.698657;0.624118;-0.287094;0.612971;-0.390283;0.467766;-0.503752;0.519125;-0.507877;0.693867;0.008359;0.719400;-0.030691;0.384898;0.304528;0.835687;0.246463;0.129188;0.777786;0.431392;0.438476;0.257395;0.604557;0.653462;0.375828;-0.081741;0.892015;0.038697;0.442865;0.448606;-0.558631;0.609415;-0.339554;0.448606;-0.558631;0.609415;-0.339554;0.557313;0.035910;0.825934;0.077112;0.339554;0.609415;0.558631;0.448606;0.557313;0.035910;0.825934;0.077112;0.448606;-0.558631;0.609415;-0.339554
36400211;1;0.488479;-0.470299;0.673042;-0.295332;0.512121;-0.410527;0.711080;-0.252122;0.529315;-0.391688;0.692490;-0.294727;0.551246;-0.334893;0.721670;-0.251331;0.878047;-0.419487;0.130578;0.189774;0.700892;-0.324085;-0.189943;0.606334;-0.161100;-0.329264;0.180818;0.912654;-0.384603;-0.103973;0.060091;0.915237;-0.470672;-0.097725;0.069793;0.874097;-0.470672;-0.097725;0.069793;0.874097;-0.368691;-0.453346;0.491728;0.645560;0.454570;0.882177;-0.072369;-0.099458;0.449593;0.651407;-0.558796;-0.247553;-0.468086;0.055023;0.856479;-0.210504;-0.362768;0.536682;0.546980;-0.530268;0.626995;-0.019242;-0.766058;0.140223;0.626995;-0.019242;-0.766058;0.140223;0.702437;0.208630;-0.158063;0.661870;-0.229437;0.610317;-0.278648;0.705144;0.633530;-0.281400;0.609091;-0.385308;-0.463059;0.515281;-0.503002;0.516769;0.696777;-0.011237;0.716072;-0.040206;0.382022;0.288531;0.843658;0.243002;0.121548;0.778773;0.434121;0.436208;0.287736;0.587840;0.654646;0.378275;-0.061848;0.881117;0.051196;0.466033;0.488507;-0.543719;0.589807;-0.343305;0.488507;-0.543719;0.589807;-0.343305;0.588180;0.032589;0.801524;0.102673;0.343305;0.589807;0.543719;0.488507;0.588180;0.032589;0.801524;0.102673;0.488507;-0.543719;0.589807;-0.343305
36433555;1;0.488069;-0.467872;0.673638;-0.298491;0.512386;-0.406934;0.712107;-0.254497;0.523483;-0.401338;0.693035;-0.290854;0.545121;-0.344469;0.722988;-0.247938;0.872236;-0.421787;0.132429;0.209197;0.708721;-0.319428;-0.184838;0.601261;-0.150573;-0.322914;0.178678;0.917131;-0.374213;0.078694;-0.258113;0.887214;0.527283;-0.031120;0.268042;-0.805703;0.527283;-0.031120;0.268042;-0.805703;-0.426384;-0.232226;0.305126;0.819247;0.461738;0.877944;-0.074434;-0.102337;0.444072;0.667016;-0.549027;-0.237611;-0.456455;0.039324;0.863015;-0.212856;0.377688;-0.520751;-0.541021;0.541725;0.638967;-0.044850;-0.749582;0.166841;0.638967;-0.044850;-0.749582;0.166841;0.690056;0.241727;-0.147852;0.665981;-0.228788;0.607892;-0.280825;0.706584;0.636455;-0.274213;0.610941;-0.382732;-0.448707;0.537798;-0.495391;0.513831;0.684585;-0.032621;0.726611;-0.048116;0.360053;0.282213;0.858119;0.233130;0.106665;0.789270;0.439325;0.415535;0.271138;0.593292;0.665199;0.363315;-0.063077;0.892289;0.054855;0.443658;0.470315;-0.538456;0.621040;-0.321212;0.470315;-0.538456;0.621040;-0.321212;0.559694;0.058396;0.819888;0.105432;0.321212;0.621040;0.538456;0.470315;0.559694;0.058396;0.819888;0.105432;0.470315;-0.538456;0.621040;-0.321212
36466888;1;0.485221;-0.478337;0.678845;-0.273721;0.508115;-0.414583;0.719554;-0.228435;0.521174;-0.400883;0.692914;-0.295873;0.543223;-0.344025;0.722830;-0.253125;0.871647;-0.425331;0.134672;0.202948;0.725347;-0.304320;-0.178016;0.591246;-0.120868;-0.311551;0.165034;0.927950;-0.379019;0.068011;-0.431471;0.815814;0.519685;0.010771;0.436665;-0.734258;0.519685;0.010771;0.436665;-0.734258;-0.404146;-0.271982;0.113597;0.865903;0.464593;0.875882;-0.073029;-0.107942;0.453764;0.656540;-0.549506;-0.247177;-0.469015;0.049580;0.854718;-0.216847;-0.386852;0.513536;0.549041;-0.534022;0.642507;-0.026376;-0.751312;0.148385;0.642507;-0.026376;-0.751312;0.148385;0.672986;0.217862;-0.161412;0.688166;-0.208575;0.610134;-0.275432;0.713001;0.639906;-0.256609;0.618325;-0.377289;-0.447392;0.534402;-0.500431;0.513637;0.683522;-0.026664;0.727799;-0.048940;0.367366;0.270412;0.859902;0.229105;0.105443;0.791600;0.431117;0.419988;0.277061;0.594660;0.659466;0.367045;-0.061528;0.889263;0.049812;0.450494;0.476666;-0.533221;0.618326;-0.325786;0.476666;-0.533221;0.618326;-0.325786;0.567420;0.060178;0.814267;0.106688;0.325786;0.618326;0.533221;0.476666;0.567420;0.060178;0.814267;0.106688;0.476666;-0.533221;0.618326;-0.325786
36500222;1;0.482143;-0.479012;0.680231;-0.274539;0.505914;-0.412635;0.722426;-0.227781;0.515893;-0.394544;0.701870;-0.292519;0.537690;-0.336988;0.731250;-0.250206;0.876628;-0.418607;0.129782;0.198614;0.721819;-0.306132;-0.179526;0.594164;-0.137205;-0.311614;0.169833;0.924786;-0.382479;0.104268;-0.445411;0.802774;0.516318;-0.025181;0.456759;-0.723984;0.516318;-0.025181;0.456759;-0.723984;-0.499098;0.154113;0.332353;0.785297;0.457350;0.877145;-0.060936;-0.133170;0.469110;0.638042;-0.560363;-0.242552;-0.477971;0.056281;0.847311;-0.224587;0.381535;-0.519569;-0.537157;0.544005;0.644770;-0.040081;-0.746246;0.160571;0.644770;-0.040081;-0.746246;0.160571;0.680171;0.184337;-0.145959;0.694322;-0.206804;0.606742;-0.272671;0.717459;0.648364;-0.245044;0.618455;-0.370258;-0.452824;0.533265;-0.498894;0.511550;0.685894;-0.026911;0.725894;-0.043629;0.355082;0.263589;0.867986;0.225914;0.092106;0.799426;0.428647;0.410727;0.261773;0.603583;0.659861;0.362968;-0.069547;0.895796;0.043855;0.436795;0.488773;-0.523258;0.606003;-0.346501;0.488773;-0.523258;0.606003;-0.346501;0.590627;0.058510;0.798508;0.100601;0.346501;0.606003;0.523258;0.488773;0.590627;0.058510;0.798508;0.100601;0.488773;-0.523258;0.606003;-0.346501
36533544;1;0.492094;-0.449647;0.680183;-0.304979;0.513884;-0.396559;0.712441;-0.266630;0.517224;-0.397385;0.693158;-0.306751;0.540158;-0.340518;0.722793;-0.264286;0.872827;-0.432430;0.121684;0.190711;0.718530;-0.298653;-0.153276;0.609120;-0.121770;-0.290802;0.167695;0.934069;0.348483;-0.378254;0.688919;-0.510759;0.432306;-0.252161;0.744379;-0.442070;0.432306;-0.252161;0.744379;-0.442070;-0.377188;-0.024675;-0.375817;0.846098;0.465829;0.874344;-0.054479;-0.124729;0.455357;0.645341;-0.562989;-0.243370;-0.468997;0.058910;0.854371;-0.215919;-0.436361;0.486248;0.549513;-0.520757;0.657304;-0.078249;-0.729574;0.171904;0.657304;-0.078249;-0.729574;0.171904;0.715511;0.202118;-0.155073;0.650496;-0.198455;0.605489;-0.259297;0.725785;0.660172;-0.233714;0.615857;-0.360931;-0.470911;0.523289;-0.503443;0.500955;0.691236;-0.016512;0.722061;-0.023423;0.334335;0.246670;0.880865;0.226827;0.061378;0.813320;0.418596;0.399400;0.249104;0.612969;0.656304;0.362604;-0.078339;0.899900;0.034771;0.427592;0.440722;-0.566160;0.619252;-0.318989;0.440722;-0.566160;0.619252;-0.318989;0.537196;0.037542;0.838213;0.086079;0.318989;0.619252;0.566160;0.440722;0.537196;0.037542;0.838213;0.086079;0.440722;-0.566160;0.619252;-0.318989
36566888;1;0.493286;-0.449504;0.679779;-0.304161;0.515653;-0.394721;0.712986;-0.264476;0.521069;-0.393986;0.694209;-0.302219;0.543627;-0.337047;0.723568;-0.259459;0.878361;-0.428540;0.115806;0.177267;0.711816;-0.316805;-0.144772;0.609912;-0.109554;-0.296794;0.182312;0.930953;-0.340309;0.248585;-0.621681;0.660234;0.449480;-0.137196;0.655331;-0.591343;0.449480;-0.137196;0.655331;-0.591343;-0.334303;-0.198915;-0.276037;0.878907;0.458929;0.876462;-0.043666;-0.138898;0.476842;0.629180;-0.569288;-0.229489;-0.483588;0.026648;0.848084;-0.214910;0.391094;-0.500059;-0.530993;0.561279;0.648219;-0.086215;-0.724278;0.218633;0.648219;-0.086215;-0.724278;0.218633;0.707257;0.166900;-0.114846;0.677305;-0.184707;0.604470;-0.249672;0.733596;0.661764;-0.230877;0.611936;-0.366467;0.482965;-0.510410;0.515915;-0.489958;0.692034;0.001506;0.721827;-0.007228;0.335780;0.247682;0.880352;0.225578;0.060473;0.816540;0.411790;0.400043;0.247049;0.605803;0.666828;0.356804;-0.075639;0.902192;0.047273;0.422012;0.469181;-0.530582;0.634967;-0.308493;0.469181;-0.530582;0.634967;-0.308493;0.549899;0.073811;0.824168;0.113624;0.308493;0.634967;0.530582;0.469181;0.549899;0.073811;0.824168;0.113624;0.469181;-0.530582;0.634967;-0.308493
36600211;1;0.494209;-0.448202;0.680226;-0.303587;0.517943;-0.389536;0.715439;-0.261043;0.522163;-0.386155;0.699972;-0.297103;0.544307;-0.328778;0.728684;-0.254272;0.883820;-0.419401;0.109326;0.176103;0.705199;-0.321329;-0.159659;0.611515;-0.112470;-0.312079;0.177061;0.926610;-0.348982;0.263713;-0.568575;0.696699;-0.465629;0.160036;-0.605979;0.624794;-0.465629;0.160036;-0.605979;0.624794;-0.353890;-0.146303;-0.165882;0.908757;0.448953;0.881325;-0.041533;-0.141357;0.472266;0.633119;-0.567824;-0.231735;-0.480046;0.032149;0.849841;-0.215156;0.394590;-0.503370;-0.527104;0.559535;0.647133;-0.100606;-0.721872;0.223604;0.647133;-0.100606;-0.721872;0.223604;0.689442;0.168552;-0.120914;0.694002;-0.183586;0.602117;-0.248838;0.736091;0.665999;-0.224574;0.611623;-0.363221;-0.482207;0.513964;-0.511595;0.491516;0.692592;-0.004069;0.721264;-0.008836;0.337386;0.237835;0.882963;0.223563;0.057522;0.817543;0.409579;0.400700;0.219288;0.614990;0.667934;0.357161;-0.095633;0.909378;0.041705;0.402673;0.458233;-0.536222;0.628732;-0.327390;0.458233;-0.536222;0.628732;-0.327390;0.555520;0.065415;0.823747;0.092520;0.327390;0.628732;0.536222;0.458233;0.555520;0.065415;0.823747;0.092520;0.458233;-0.536222;0.628732;-0.327390
36633555;1;0.480565;-0.438828;0.689320;-0.318317;0.504712;-0.381700;0.722521;-0.278449;0.516266;-0.384202;0.706655;-0.294102;0.538189;-0.326296;0.735190;-0.251754;0.882839;-0.413677;0.117086;0.189094;0.714796;-0.295430;-0.140039;0.618205;-0.130102;-0.278177;0.171777;0.936047;0.367351;-0.345109;0.696310;-0.510985;0.450938;-0.218212;0.745876;-0.438985;0.450938;-0.218212;0.745876;-0.438985;-0.363506;-0.058328;-0.384743;0.846424;0.446885;0.879884;-0.043988;-0.155441;0.471915;0.630815;-0.571205;-0.230420;-0.474350;0.053406;0.849324;-0.225364;0.400929;-0.506022;-0.534947;0.545004;0.632681;-0.134233;-0.724022;0.239767;0.632681;-0.134233;-0.724022;0.239767;0.712815;0.106705;-0.125490;0.681733;-0.164804;0.621660;-0.222867;0.732604;0.675626;-0.213163;0.625097;-0.327635;0.524462;-0.473862;0.538623;-0.458562;0.699289;0.043729;0.712139;0.044054;0.315849;0.200296;0.901319;0.218505;0.028668;0.826896;0.410706;0.383068;0.219191;0.625225;0.658313;0.357312;-0.095891;0.909870;0.027668;0.402710;0.455215;-0.543630;0.616264;-0.342732;0.455215;-0.543630;0.616264;-0.342732;0.564233;0.051360;0.820169;0.079538;0.342732;0.616264;0.543630;0.455215;0.564233;0.051360;0.820169;0.079538;0.455215;-0.543630;0.616264;-0.342732
36666877;1;0.489250;-0.425993;0.685369;-0.330807;0.517032;-0.362593;0.720922;-0.285441;0.525043;-0.374971;0.705828;-0.292460;0.546805;-0.317161;0.733625;-0.249413;0.886956;-0.406380;0.108322;0.190870;0.706382;-0.316327;-0.149329;0.615356;-0.123870;-0.298996;0.181557;0.928598;0.311475;-0.363979;0.715806;-0.508060;0.396280;-0.231888;0.768821;-0.445089;0.396280;-0.231888;0.768821;-0.445089;-0.340309;-0.032204;-0.402534;0.849187;0.437855;0.884498;-0.047137;-0.154031;0.470533;0.636418;-0.565405;-0.232137;-0.475681;0.042130;0.850257;-0.221397;0.373188;-0.519041;-0.533732;0.553586;0.615884;-0.140676;-0.731084;0.257710;0.615884;-0.140676;-0.731084;0.257710;0.699759;0.196984;-0.130300;0.674208;-0.156349;0.618402;-0.214844;0.739578;0.677460;-0.214383;0.618606;-0.335283;0.523030;-0.476727;0.533791;-0.462859;0.701294;0.038268;0.710718;0.040027;0.316756;0.197465;0.900261;0.224063;0.021845;0.827534;0.405699;0.387452;0.235105;0.613078;0.662645;0.360226;-0.086576;0.904375;0.039244;0.416018;0.447992;-0.561946;0.612445;-0.329290;0.447992;-0.561946;0.612445;-0.329290;0.549622;0.035708;0.830419;0.083935;0.329290;0.612445;0.561946;0.447992;0.549622;0.035708;0.830419;0.083935;0.447992;-0.561946;0.612445;-0.329290
36700222;1;0.478618;-0.452128;0.681052;-0.320427;0.507035;-0.385011;0.721123;-0.273248;0.522084;-0.387887;0.705582;-0.281294;0.542960;-0.330055;0.734416;-0.238521;0.881415;-0.405418;0.090028;0.225032;0.707204;-0.327673;-0.156024;0.606754;-0.125934;-0.308855;0.190582;0.923270;0.358310;-0.308662;0.641283;-0.604233;0.458531;-0.191661;0.685407;-0.532196;0.458531;-0.191661;0.685407;-0.532196;-0.338687;-0.124439;-0.322951;0.874933;0.444296;0.879197;-0.047550;-0.165386;0.476530;0.634052;-0.565388;-0.226347;-0.479329;0.026980;0.849093;-0.220357;0.382083;-0.503170;-0.534723;0.561163;0.621057;-0.144245;-0.719932;0.274190;0.621057;-0.144245;-0.719932;0.274190;0.710288;0.191311;-0.116759;0.667277;-0.152737;0.594022;-0.215549;0.759834;0.697010;-0.188464;0.603207;-0.338821;0.559938;-0.436457;0.547634;-0.442800;0.713233;0.076820;0.692090;0.080053;0.294780;0.205417;0.905460;0.225943;0.006592;0.836670;0.402473;0.371423;0.209448;0.636954;0.651239;0.355399;-0.101539;0.913167;0.014418;0.394472;0.457375;-0.526005;0.641084;-0.321151;0.457375;-0.526005;0.641084;-0.321151;0.550501;0.081373;0.825257;0.096325;0.321151;0.641084;0.526005;0.457375;0.550501;0.081373;0.825257;0.096325;0.457375;-0.526005;0.641084;-0.321151
36733544;1;0.497776;-0.444007;0.667514;-0.330911;0.526119;-0.380687;0.705545;-0.283693;0.532328;-0.385262;0.699640;-0.280543;0.553111;-0.327915;0.728282;-0.236951;0.884603;-0.404844;0.087990;0.214094;0.695128;-0.324843;-0.154899;0.622319;-0.138445;-0.307822;0.186446;0.922668;0.298592;-0.305133;0.773643;-0.468201;0.247614;-0.384925;0.737199;-0.497048;0.247614;-0.384925;0.737199;-0.497048;-0.325123;-0.036693;-0.415792;0.848567;0.443199;0.881159;-0.061592;-0.152771;0.477187;0.624146;-0.560192;-0.262525;0.501582;-0.053551;-0.836962;0.212232;-0.350135;0.531976;0.561250;-0.528587;0.578963;-0.148128;-0.758985;0.258459;0.578963;-0.148128;-0.758985;0.258459;0.707620;0.210429;-0.158486;0.655649;-0.118427;0.590293;-0.208317;0.770800;0.699587;-0.167482;0.603198;-0.344501;0.562673;-0.440025;0.566429;-0.411017;0.692862;0.087674;0.708055;0.104466;0.293503;0.186113;0.913407;0.211908;-0.002303;0.851997;0.378150;0.362075;0.229023;0.662089;0.620774;0.351890;-0.085401;0.909625;-0.025006;0.405788;0.472387;-0.528292;0.632513;-0.312548;0.472387;-0.528292;0.632513;-0.312548;0.555033;0.073696;0.820813;0.113023;0.312548;0.632513;0.528292;0.472387;0.555033;0.073696;0.820813;0.113023;0.472387;-0.528292;0.632513;-0.312548
36766888;1;0.491209;-0.445049;0.679225;-0.315117;0.515834;-0.386705;0.714055;-0.272946;0.529142;-0.382142;0.705871;-0.275176;0.549505;-0.324305;0.734243;-0.231857;0.891155;-0.400073;0.101741;0.188236;0.692830;-0.327360;-0.157920;0.622803;-0.143629;-0.311013;0.188080;0.920471;0.051524;-0.469551;0.866786;0.159843;0.054674;-0.486593;0.857334;0.158794;0.054674;-0.486593;0.857334;0.158794;0.215743;-0.391878;0.771311;-0.452733;0.430530;0.890409;-0.025702;-0.145450;0.482304;0.616068;-0.568566;-0.254119;-0.498597;0.063428;0.835933;-0.220440;-0.332446;0.543021;0.564968;-0.524804;0.616544;0.091866;-0.778217;0.076242;0.616544;0.091866;-0.778217;0.076242;0.694674;0.265973;-0.161574;0.648521;-0.091962;0.590349;-0.191303;0.778739;0.705257;-0.157486;0.600303;-0.342705;0.589502;-0.398396;0.582671;-0.392764;0.698928;0.128832;0.690204;0.136092;0.295341;0.158203;0.919569;0.205279;-0.006193;0.852116;0.380098;0.359701;0.207302;0.676815;0.610403;0.355466;-0.103445;0.912700;-0.042635;0.393013;0.472343;-0.537062;0.622654;-0.317425;0.472343;-0.537062;0.622654;-0.317425;0.558450;0.060523;0.820043;0.109543;0.317425;0.622654;0.537062;0.472343;0.558450;0.060523;0.820043;0.109543;0.472343;-0.537062;0.622654;-0.317425
36800222;1;0.481519;-0.453365;0.686638;-0.301873;0.506526;-0.390311;0.724341;-0.257719;0.530072;-0.384388;0.703971;-0.275126;0.550428;-0.326697;0.732529;-0.231732;0.891929;-0.402936;0.104938;0.176332;0.689708;-0.332583;-0.162464;0.622332;-0.132517;-0.320212;0.185662;0.919474;-0.098810;-0.456220;0.800431;0.376044;-0.088825;-0.477240;0.788079;0.378527;-0.088825;-0.477240;0.788079;0.378527;0.133965;-0.494411;0.825934;-0.235466;0.432671;0.889470;-0.027031;-0.144601;0.479974;0.619067;-0.564248;-0.260779;0.506745;-0.040710;-0.836637;0.203937;-0.357179;0.520756;0.570534;-0.525097;0.623711;0.034210;-0.771703;0.119535;0.623711;0.034210;-0.771703;0.119535;0.697194;0.240005;-0.163464;0.655437;-0.077904;0.595065;-0.188559;0.777351;0.702620;-0.151710;0.605556;-0.341484;0.601571;-0.375687;0.605918;-0.360327;0.684630;0.161504;0.690772;0.167426;0.291935;0.143587;0.923256;0.204343;-0.012130;0.852305;0.382802;0.356220;0.160339;0.699874;0.597486;0.357041;-0.138046;0.919786;-0.067844;0.361018;0.442805;-0.524466;0.644744;-0.336400;0.442805;-0.524466;0.644744;-0.336400;0.550981;0.085049;0.826756;0.075239;0.336400;0.644744;0.524466;0.442805;0.550981;0.085049;0.826756;0.075239;0.442805;-0.524466;0.644744;-0.336400
36833555;1;0.489830;-0.446744;0.683522;-0.305425;0.515537;-0.382842;0.721259;-0.259692;0.537831;-0.372358;0.705351;-0.273070;0.557997;-0.314594;0.732940;-0.229060;0.895361;-0.392032;0.109200;0.180873;0.703285;-0.333217;-0.158934;0.607534;-0.114151;-0.317329;0.188668;0.922321;-0.036445;-0.367256;0.883776;0.287638;0.025387;-0.546333;0.785784;0.288824;0.025387;-0.546333;0.785784;0.288824;0.190054;-0.444362;0.792265;-0.372476;0.421486;0.895784;-0.033883;-0.137016;0.474165;0.622389;-0.562143;-0.267948;0.506524;-0.045653;-0.837429;0.200153;-0.350973;0.527986;0.576224;-0.515767;0.611660;0.026161;-0.781101;0.122758;0.611660;0.026161;-0.781101;0.122758;0.697310;0.230077;-0.174712;0.655972;-0.062512;0.592204;-0.166939;0.785823;0.705409;-0.162524;0.593481;-0.351803;0.624355;-0.341713;0.613983;-0.341230;0.687230;0.191456;0.672535;0.196863;0.299155;0.131945;0.923241;0.201799;-0.011204;0.851452;0.380463;0.360764;0.139972;0.725056;0.566291;0.366082;-0.159105;0.915649;-0.107603;0.353120;0.454823;-0.521995;0.642438;-0.328527;0.454823;-0.521995;0.642438;-0.328527;0.553912;0.085166;0.823379;0.089305;0.328527;0.642438;0.521995;0.454823;0.553912;0.085166;0.823379;0.089305;0.454823;-0.521995;0.642438;-0.328527
36866866;1;0.496030;-0.442551;0.683047;-0.302571;0.522735;-0.375079;0.722303;-0.253659;0.538971;-0.374989;0.703621;-0.271682;0.559022;-0.317355;0.731426;-0.227585;0.896887;-0.394278;0.101472;0.172751;0.694791;-0.334105;-0.160637;0.616307;-0.119648;-0.320565;0.186195;0.921007;-0.087071;-0.304430;0.847993;0.425028;0.056228;-0.564216;0.702446;0.430196;0.056228;-0.564216;0.702446;0.430196;0.135917;-0.540063;0.788411;-0.261280;0.421230;0.896832;-0.025065;-0.132777;0.478650;0.625904;-0.549967;-0.276903;0.513820;-0.044267;-0.832021;0.204378;-0.330405;0.530536;0.593581;-0.506977;0.591268;0.039247;-0.795152;0.128824;0.591268;0.039247;-0.795152;0.128824;0.666776;0.286724;-0.185713;0.662352;-0.056668;0.590805;-0.166882;0.787330;0.703191;-0.162667;0.592029;-0.358557;0.618621;-0.341846;0.603381;-0.369298;0.702902;0.183755;0.665018;0.172954;0.301815;0.129112;0.923851;0.196816;-0.008830;0.853889;0.375478;0.360294;0.153292;0.720447;0.570127;0.363886;-0.148068;0.915125;-0.101698;0.360944;0.460167;-0.519592;0.644423;-0.320920;0.460167;-0.519592;0.644423;-0.320920;0.552312;0.088269;0.823083;0.098462;0.320920;0.644423;0.519592;0.460167;0.552312;0.088269;0.823083;0.098462;0.460167;-0.519592;0.644423;-0.320920
36900222;1;0.495514;-0.463008;0.679381;-0.280235;0.523012;-0.386506;0.725636;-0.224777;0.541192;-0.378144;0.704622;-0.260050;0.560303;-0.320421;0.732677;-0.215813;0.898165;-0.387389;0.090326;0.187270;0.689334;-0.351119;-0.166833;0.611311;-0.131113;-0.332514;0.201376;0.911971;-0.107026;-0.279453;0.871809;0.387814;0.038221;-0.571819;0.714961;0.400492;0.038221;-0.571819;0.714961;0.400492;0.157488;-0.497799;0.797369;-0.302648;0.417179;0.899333;-0.024773;-0.128640;0.472533;0.631887;-0.556040;-0.261248;-0.499175;0.039517;0.840774;-0.205821;-0.406925;0.522294;0.575390;-0.480153;0.626783;0.030771;-0.776478;0.057251;0.626783;0.030771;-0.776478;0.057251;0.716972;0.255105;-0.204644;0.615624;-0.034041;0.578128;-0.163983;0.798573;0.707408;-0.148919;0.582241;-0.372012;0.617873;-0.340793;0.601110;-0.375180;0.706504;0.182876;0.662645;0.168258;0.325161;0.126930;0.918368;0.186436;0.003750;0.856364;0.355086;0.374886;0.142042;0.725589;0.564690;0.366702;-0.158082;0.914911;-0.109121;0.355022;0.472112;-0.517676;0.643204;-0.308886;0.472112;-0.517676;0.643204;-0.308886;0.552249;0.088762;0.820866;0.115418;0.308886;0.643204;0.517676;0.472112;0.552249;0.088762;0.820866;0.115418;0.472112;-0.517676;0.643204;-0.308886
36933544;1;0.538604;-0.394811;0.695454;-0.265281;0.538955;-0.393889;0.695977;-0.264566;0.527202;-0.381106;0.704894;-0.282737;0.548178;-0.323351;0.733186;-0.239548;0.891755;-0.406126;0.096865;0.174503;0.690989;-0.349830;-0.171567;0.608866;-0.138888;-0.333408;0.201632;0.910436;-0.112253;-0.268649;0.884531;0.364461;0.050903;-0.614763;0.690387;0.377943;0.050903;-0.614763;0.690387;0.377943;0.188324;-0.478124;0.791564;-0.330693;0.428500;0.895101;-0.000002;-0.123217;0.478877;0.614491;-0.567740;-0.265985;0.509183;-0.049963;-0.835124;0.202000;-0.392627;0.531348;0.546603;-0.514528;0.641406;0.010347;-0.762232;0.086567;0.641406;0.010347;-0.762232;0.086567;0.718386;0.241024;-0.168723;0.630366;-0.025305;0.578113;-0.137258;0.803931;0.715056;-0.160751;0.572078;-0.368213;0.619299;-0.352959;0.576343;-0.399647;0.724710;0.156697;0.653545;0.152054;0.332059;0.101627;0.920401;0.179641;-0.000206;0.858106;0.347924;0.377627;0.112879;0.738020;0.554221;0.368000;-0.179795;0.916248;-0.125182;0.335399;0.481217;-0.512003;0.624449;-0.341096;0.481217;-0.512003;0.624449;-0.341096;0.581463;0.079511;0.803593;0.099080;0.341096;0.624449;0.512003;0.481217;0.581463;0.079511;0.803593;0.099080;0.481217;-0.512003;0.624449;-0.341096
36966888;1;0.539555;-0.394351;0.695269;-0.264516;0.540694;-0.391340;0.696968;-0.262180;0.530397;-0.378522;0.705767;-0.278017;0.550984;-0.320705;0.733849;-0.234588;0.893835;-0.400822;0.098068;0.175452;0.689261;-0.349128;-0.170483;0.611526;-0.144234;-0.331634;0.202420;0.910078;-0.114079;-0.277144;0.887445;0.350170;0.038072;-0.613876;0.698228;0.366311;0.038072;-0.613876;0.698228;0.366311;0.144999;-0.499271;0.784691;-0.337586;0.422164;0.899308;0.005069;-0.114002;0.474953;0.621232;-0.562848;-0.267755;0.505334;-0.053265;-0.836594;0.204720;-0.433246;0.538154;0.563613;-0.452801;0.626115;0.002054;-0.779272;0.026648;0.626115;0.002054;-0.779272;0.026648;0.715310;0.236084;-0.235179;0.614237;-0.022063;0.578314;-0.134904;0.804280;0.713755;-0.162955;0.571097;-0.371279;0.621204;-0.351243;0.581840;-0.390122;0.719363;0.161835;0.656267;0.160126;0.346838;0.095791;0.914538;0.184790;0.003160;0.849392;0.352163;0.393071;0.136208;0.727861;0.550590;0.385379;-0.175444;0.906648;-0.120630;0.364223;0.478808;-0.512760;0.644450;-0.304144;0.478808;-0.512760;0.644450;-0.304144;0.553631;0.093119;0.818271;0.123507;0.304144;0.644450;0.512760;0.478808;0.553631;0.093119;0.818271;0.123507;0.478808;-0.512760;0.644450;-0.304144
37000222;1;0.545604;-0.399585;0.681919;-0.278628;0.562602;-0.354296;0.706510;-0.242480;0.551373;-0.363366;0.704772;-0.259325;0.570393;-0.305677;0.731642;-0.214274;0.902611;-0.376488;0.110225;0.177203;0.687742;-0.345745;-0.160002;0.617957;-0.129148;-0.325680;0.197669;0.915522;-0.108286;-0.368232;0.855192;0.348320;0.000631;-0.606731;0.706275;0.364763;0.000631;-0.606731;0.706275;0.364763;0.138474;-0.521047;0.785423;-0.304050;0.400057;0.911342;-0.018863;-0.095158;0.474046;0.626424;-0.564710;-0.252934;-0.493688;0.049460;0.841937;-0.212055;-0.427005;0.541758;0.566946;-0.450264;0.618049;-0.031691;-0.783534;0.055553;0.618049;-0.031691;-0.783534;0.055553;0.726388;0.195919;-0.233717;0.615916;-0.012412;0.577744;-0.129646;0.805760;0.704035;-0.176555;0.565230;-0.392017;0.588354;-0.395060;0.570532;-0.415041;0.713753;0.122550;0.679157;0.119516;0.375705;0.080972;0.907839;0.167684;0.026299;0.841346;0.350409;0.410680;0.154622;0.726166;0.539437;0.397219;-0.170748;0.897715;-0.127381;0.385651;0.467549;-0.507256;0.644781;-0.329161;0.467549;-0.507256;0.644781;-0.329161;0.563359;0.097245;0.814613;0.097854;0.329161;0.644781;0.507256;0.467549;0.563359;0.097245;0.814613;0.097854;0.467549;-0.507256;0.644781;-0.329161
37033555;1;0.551342;-0.396529;0.680490;-0.275173;0.568145;-0.351214;0.704948;-0.238556;0.554137;-0.359364;0.704557;-0.259594;0.573170;-0.301706;0.731106;-0.214320;0.903921;-0.373809;0.109269;0.176788;0.683965;-0.352373;-0.165372;0.616991;-0.139999;-0.331719;0.203660;0.910431;-0.131005;-0.278479;0.868109;0.389453;0.045438;-0.618576;0.669722;0.408376;0.045438;-0.618576;0.669722;0.408376;0.159479;-0.528329;0.777296;-0.302070;0.395508;0.914630;-0.018368;-0.081787;0.466392;0.623573;-0.563122;-0.276640;0.503397;-0.067139;-0.837521;0.201600;-0.434670;0.523926;0.575078;-0.453706;0.624961;-0.027637;-0.777463;0.064895;0.624961;-0.027637;-0.777463;0.064895;0.709835;0.234875;-0.235029;0.621071;-0.016241;0.566354;-0.125448;0.814397;0.712003;-0.176498;0.552632;-0.395598;0.598009;-0.383189;0.552749;-0.435912;0.735193;0.118394;0.658053;0.111538;0.373767;0.082997;0.908994;0.164741;0.028495;0.842890;0.350170;0.407562;0.126983;0.744564;0.523812;0.393855;-0.188143;0.899645;-0.151330;0.363787;0.464157;-0.513293;0.648689;-0.316688;0.464157;-0.513293;0.648689;-0.316688;0.552140;0.095740;0.821646;0.104276;0.316688;0.648689;0.513293;0.464157;0.552140;0.095740;0.821646;0.104276;0.464157;-0.513293;0.648689;-0.316688
37066866;1;0.551341;-0.396528;0.680492;-0.275171;0.568145;-0.351210;0.704950;-0.238553;0.554136;-0.359357;0.704563;-0.259592;0.573169;-0.301698;0.731111;-0.214318;0.903925;-0.373801;0.109266;0.176787;0.683968;-0.352367;-0.165385;0.616987;-0.139996;-0.331726;0.203648;0.910432;-0.131011;-0.278498;0.868096;0.389466;0.045446;-0.618601;0.669690;0.408390;0.045446;-0.618601;0.669690;0.408390;0.159442;-0.528359;0.777294;-0.302044;0.395501;0.914632;-0.018379;-0.081791;0.466383;0.623571;-0.563129;-0.276645;0.503396;-0.067142;-0.837524;0.201588;-0.434669;0.523926;0.575082;-0.453701;0.624957;-0.027632;-0.777467;0.064890;0.624957;-0.027632;-0.777467;0.064890;0.709814;0.234908;-0.235042;0.621078;-0.016242;0.566354;-0.125451;0.814396;0.712004;-0.176495;0.552634;-0.395596;0.598009;-0.383189;0.552750;-0.435912;0.735192;0.118395;0.658053;0.111538;0.373752;0.082999;0.909000;0.164743;0.028486;0.842896;0.350169;0.407550;0.127010;0.744548;0.523833;0.393846;-0.188117;0.899649;-0.151304;0.363800;0.464107;-0.513320;0.648740;-0.316613;0.464107;-0.513320;0.648740;-0.316613;0.552053;0.095756;0.821700;0.104294;0.316613;0.648740;0.513320;0.464107;0.552053;0.095756;0.821700;0.104294;0.464107;-0.513320;0.648740;-0.316613
37100222;1;0.557660;-0.391696;0.679346;-0.272175;0.574791;-0.344855;0.704281;-0.233837;0.558490;-0.365433;0.697735;-0.260217;0.577559;-0.308303;0.724794;-0.214591;0.902144;-0.379520;0.105919;0.175732;0.684302;-0.343574;-0.171916;0.619784;-0.144506;-0.331856;0.193572;0.911877;-0.133867;-0.311037;0.855492;0.391752;0.026429;-0.615050;0.671062;0.413148;0.026429;-0.615050;0.671062;0.413148;0.200527;-0.470198;0.815216;-0.272262;0.400391;0.913153;-0.019482;-0.073880;0.458380;0.632321;-0.559234;-0.278056;0.505209;-0.033629;-0.843470;0.179419;-0.442156;0.533155;0.576451;-0.433529;0.616285;-0.053716;-0.783368;0.060348;0.616285;-0.053716;-0.783368;0.060348;0.711938;0.214833;-0.254886;0.618081;-0.018313;0.560666;-0.132347;0.817192;0.711365;-0.173326;0.549436;-0.402539;0.584744;-0.401365;0.548573;-0.442773;0.730674;0.102476;0.667926;0.097411;0.355617;0.096162;0.916310;0.157054;0.027334;0.855062;0.343024;0.387887;0.126459;0.746801;0.536974;0.371425;-0.172674;0.910407;-0.143652;0.347429;0.454040;-0.507884;0.659421;-0.317909;0.454040;-0.507884;0.659421;-0.317909;0.545850;0.107153;0.825409;0.096259;0.317909;0.659421;0.507884;0.454040;0.545850;0.107153;0.825409;0.096259;0.454040;-0.507884;0.659421;-0.317909
37133555;1;0.557737;-0.391205;0.679641;-0.271986;0.574986;-0.343949;0.704735;-0.233320;0.558061;-0.364080;0.699068;-0.259456;0.577071;-0.306846;0.726013;-0.213868;0.902758;-0.377876;0.107219;0.175335;0.684571;-0.343043;-0.170840;0.620078;-0.145275;-0.330523;0.193958;0.912157;-0.136857;-0.312965;0.854997;0.390260;0.022700;-0.616000;0.670456;0.412938;0.022700;-0.616000;0.670456;0.412938;0.200074;-0.474319;0.812794;-0.272686;0.399006;0.913628;-0.020169;-0.075307;0.457065;0.632728;-0.558977;-0.279807;0.505687;-0.033401;-0.843614;0.177430;-0.439691;0.533985;0.576402;-0.435079;0.615680;-0.050016;-0.784141;0.059665;0.615680;-0.050016;-0.784141;0.059665;0.713267;0.202380;-0.252595;0.621682;-0.018644;0.560189;-0.134523;0.817156;0.712015;-0.170513;0.550357;-0.401331;0.585970;-0.398787;0.549438;-0.442409;0.731281;0.104920;0.666719;0.098520;0.355529;0.096681;0.916304;0.156969;0.027236;0.855415;0.342273;0.387779;0.133379;0.746075;0.535549;0.372516;-0.168532;0.908922;-0.144176;0.353086;0.449418;-0.511575;0.663945;-0.309016;0.449418;-0.511575;0.663945;-0.309016;0.536294;0.107742;0.831218;0.099279;0.309016;0.663945;0.511575;0.449418;0.536294;0.107742;0.831218;0.099279;0.449418;-0.511575;0.663945;-0.309016
37166888;1;0.557640;-0.390399;0.680253;-0.271811;0.575069;-0.342522;0.705574;-0.232678;0.556989;-0.361973;0.701517;-0.258096;0.575893;-0.304550;0.728285;-0.212598;0.903075;-0.374743;0.110847;0.178146;0.684007;-0.338740;-0.164132;0.624861;-0.153438;-0.321733;0.195376;0.913659;-0.144426;-0.325207;0.849426;0.389688;0.014149;-0.623051;0.662640;0.415350;0.014149;-0.623051;0.662640;0.415350;0.192314;-0.484127;0.811112;-0.265956;0.396320;0.914832;-0.020397;-0.074809;0.459485;0.629856;-0.560383;-0.279512;0.507447;-0.034136;-0.842367;0.178186;-0.427259;0.546940;0.572469;-0.436561;0.607835;-0.052053;-0.790035;0.060595;0.607835;-0.052053;-0.790035;0.060595;0.715824;0.180025;-0.251017;0.626241;-0.021003;0.557286;-0.136791;0.818706;0.714805;-0.166734;0.549125;-0.399645;0.582353;-0.407308;0.545091;-0.444793;0.730412;0.095789;0.669645;0.094331;0.356564;0.098128;0.915407;0.158946;0.026258;0.855047;0.341203;0.389597;0.139580;0.743634;0.535573;0.375084;-0.165928;0.907242;-0.142455;0.359286;0.460561;-0.503823;0.668017;-0.296311;0.460561;-0.503823;0.668017;-0.296311;0.535189;0.116103;0.828615;0.116142;0.296311;0.668017;0.503823;0.460561;0.535189;0.116103;0.828615;0.116142;0.460561;-0.503823;0.668017;-0.296311
37200200;1;0.557481;-0.390450;0.680333;-0.271865;0.574879;-0.342673;0.705606;-0.232830;0.556333;-0.362472;0.701715;-0.258271;0.575253;-0.305031;0.728523;-0.212825;0.902603;-0.375051;0.112337;0.178953;0.682369;-0.339185;-0.162134;0.626929;-0.156218;-0.320264;0.196888;0.913380;-0.146903;-0.326488;0.849276;0.388014;0.010968;-0.623774;0.662397;0.414747;0.010968;-0.623774;0.662397;0.414747;0.192678;-0.486891;0.809099;-0.266779;0.396718;0.914696;-0.019719;-0.074553;0.460068;0.630168;-0.560090;-0.278434;0.506976;-0.033744;-0.842421;0.179339;-0.425675;0.547364;0.572635;-0.437358;0.607187;-0.051581;-0.790479;0.061692;0.607187;-0.051581;-0.790479;0.061692;0.715443;0.177896;-0.250391;0.627533;-0.021051;0.557368;-0.136693;0.818665;0.714848;-0.166787;0.549168;-0.399487;0.582204;-0.407663;0.544918;-0.444875;0.730365;0.095414;0.669773;0.094169;0.356841;0.098059;0.915222;0.159430;0.025972;0.854841;0.341204;0.390068;0.139280;0.743401;0.535638;0.375564;-0.166477;0.907123;-0.142242;0.359416;0.458582;-0.503603;0.668852;-0.297866;0.458582;-0.503603;0.668852;-0.297866;0.534889;0.116849;0.829051;0.113643;0.297866;0.668852;0.503603;0.458582;0.534889;0.116849;0.829051;0.113643;0.458582;-0.503603;0.668852;-0.297866
37233555;1;0.551535;-0.399319;0.681436;-0.268326;0.571605;-0.342339;0.711769;-0.222391;0.553858;-0.353515;0.711874;-0.247998;0.571962;-0.295288;0.737931;-0.202784;0.905696;-0.359076;0.119803;0.190860;0.681311;-0.333576;-0.157063;0.632355;-0.158921;-0.313476;0.194099;0.915861;-0.130070;-0.332657;0.841026;0.406320;0.003267;-0.578569;0.695157;0.426619;0.003267;-0.578569;0.695157;0.426619;0.190191;-0.519651;0.791189;-0.260403;0.385622;0.918634;-0.041709;-0.075291;0.448813;0.646094;-0.558613;-0.262833;-0.490246;0.010599;0.854033;-0.173705;-0.447901;0.570205;0.583828;-0.365234;0.577436;-0.106741;-0.809071;0.024070;0.577436;-0.106741;-0.809071;0.024070;0.738766;0.098446;-0.304292;0.593245;-0.023575;0.565263;-0.136610;0.813179;0.711580;-0.170655;0.555986;-0.394221;0.571610;-0.418280;0.538945;-0.455897;0.730636;0.083585;0.673017;0.078951;0.370588;0.102417;0.910247;0.153708;0.039564;0.850700;0.339517;0.399340;0.142981;0.727221;0.558014;0.373265;-0.162071;0.911399;-0.114986;0.360364;0.469508;-0.495618;0.660481;-0.312554;0.469508;-0.495618;0.660481;-0.312554;0.553001;0.116576;0.817485;0.110983;0.312554;0.660481;0.495618;0.469508;0.553001;0.116576;0.817485;0.110983;0.469508;-0.495618;0.660481;-0.312554
37266888;1;0.551451;-0.382114;0.691098;-0.268839;0.569437;-0.331173;0.716904;-0.228286;0.552849;-0.352414;0.709072;-0.259574;0.571885;-0.294416;0.735050;-0.214403;0.903122;-0.366352;0.120322;0.188891;0.678822;-0.334791;-0.162070;0.633126;-0.155274;-0.319519;0.190419;0.915171;-0.158090;-0.327480;0.847522;0.386616;0.002243;-0.627433;0.657164;0.417683;0.002243;-0.627433;0.657164;0.417683;0.171803;-0.536854;0.779199;-0.274080;0.395933;0.912211;-0.059469;-0.087014;0.458385;0.646991;-0.557281;-0.246422;-0.480158;0.025153;0.853538;-0.200720;-0.433844;0.556089;0.560466;-0.434076;0.613464;-0.019138;-0.789298;0.017445;0.613464;-0.019138;-0.789298;0.017445;0.733953;0.206495;-0.248271;0.597523;-0.037682;0.575383;-0.141351;0.804695;0.710348;-0.173417;0.566597;-0.379869;0.580863;-0.407003;0.547141;-0.444504;0.729158;0.097444;0.670892;0.093476;0.360989;0.111711;0.912020;0.159460;0.036142;0.851328;0.345580;0.393075;0.139359;0.716485;0.578067;0.364783;-0.158542;0.917849;-0.093210;0.351753;0.481081;-0.481809;0.664926;-0.307073;0.481081;-0.481809;0.664926;-0.307073;0.557310;0.129483;0.810864;0.123042;0.307073;0.664926;0.481809;0.481081;0.557310;0.129483;0.810864;0.123042;0.481081;-0.481809;0.664926;-0.307073
37300222;1;0.550779;-0.382994;0.690818;-0.269680;0.568260;-0.333839;0.715868;-0.230576;0.549208;-0.357274;0.708164;-0.263115;0.568539;-0.299334;0.734534;-0.218225;0.899636;-0.371621;0.129125;0.189417;0.682687;-0.334628;-0.149012;0.632265;-0.149243;-0.309208;0.196394;0.918448;-0.168826;-0.326262;0.849467;0.378758;-0.013199;-0.623041;0.663219;0.414470;-0.013199;-0.623041;0.663219;0.414470;0.178032;-0.546589;0.768357;-0.281376;0.403475;0.908163;-0.064076;-0.091337;0.463053;0.639502;-0.562850;-0.244579;-0.481177;0.036225;0.851147;-0.206653;-0.435694;0.574130;0.555713;-0.414401;0.601249;-0.023043;-0.798694;-0.007515;0.601249;-0.023043;-0.798694;-0.007515;0.750837;0.185077;-0.262230;0.577257;-0.037846;0.577512;-0.143609;0.802760;0.708428;-0.173083;0.569426;-0.379376;0.577887;-0.408329;0.548368;-0.445652;0.727866;0.097352;0.672704;0.090565;0.360933;0.114617;0.912261;0.156108;0.038605;0.853337;0.342200;0.391441;0.140734;0.712334;0.585865;0.359912;-0.154086;0.920379;-0.084776;0.349247;0.452649;-0.497235;0.670191;-0.314183;0.452649;-0.497235;0.670191;-0.314183;0.542232;0.122298;0.825494;0.097911;0.314183;0.670191;0.497235;0.452649;0.542232;0.122298;0.825494;0.097911;0.452649;-0.497235;0.670191;-0.314183
37333533;1;0.559885;-0.364936;0.694190;-0.267304;0.568150;-0.342541;0.705509;-0.249256;0.541204;-0.370785;0.705312;-0.268610;0.561002;-0.313030;0.732775;-0.224344;0.889165;-0.382692;0.136521;0.210461;0.689414;-0.315450;-0.139934;0.636882;-0.163243;-0.288226;0.189779;0.924263;-0.208295;-0.251639;0.863339;0.384625;-0.025649;0.668804;-0.601147;-0.436652;-0.025649;0.668804;-0.601147;-0.436652;0.283247;-0.506812;0.760351;-0.291168;0.420176;0.899770;-0.074274;-0.091371;0.465278;0.640418;-0.553869;-0.258088;-0.491673;0.034589;0.845997;-0.203348;-0.416330;0.547923;0.553208;-0.469479;0.627438;0.040564;-0.777569;0.007911;0.627438;0.040564;-0.777569;0.007911;0.724587;0.236183;-0.215790;0.610431;-0.049688;0.580843;-0.158967;0.796795;0.703069;-0.171433;0.577338;-0.378135;0.567250;-0.412574;0.548535;-0.455104;0.726999;0.094378;0.675819;0.076379;0.372560;0.129390;0.901747;0.176946;0.032719;0.845919;0.337986;0.411236;0.161904;0.698513;0.583617;0.381128;-0.153948;0.909159;-0.076638;0.379284;0.460345;-0.486223;0.687590;-0.280872;0.460345;-0.486223;0.687590;-0.280872;0.524120;0.142388;0.830012;0.126906;0.280872;0.687590;0.486223;0.460345;0.524120;0.142388;0.830012;0.126906;0.460345;-0.486223;0.687590;-0.280872
37366888;1;0.552698;-0.367794;0.700427;-0.262020;0.558407;-0.352074;0.708459;-0.249623;0.548433;-0.374006;0.702517;-0.256537;0.567239;-0.316464;0.730247;-0.211730;0.887082;-0.373745;0.170437;0.210598;0.697120;-0.298101;-0.148268;0.634961;-0.184951;-0.280677;0.179076;0.924633;-0.222561;-0.213088;0.864259;0.397639;-0.063077;0.692188;-0.559665;-0.451300;-0.063077;0.692188;-0.559665;-0.451300;0.340729;-0.481137;0.755020;-0.286978;0.411504;0.905868;-0.081702;-0.058242;0.443027;0.655473;-0.540424;-0.286399;-0.495860;0.034725;0.848821;-0.180055;-0.423776;0.530554;0.552334;-0.483584;0.642083;0.025066;-0.765462;0.034188;0.642083;0.025066;-0.765462;0.034188;0.756006;0.083823;-0.179564;0.623848;-0.051210;0.583097;-0.161303;0.794580;0.703158;-0.168826;0.581014;-0.373482;0.558306;-0.424996;0.543175;-0.461123;0.724925;0.081728;0.680782;0.065877;0.392710;0.122545;0.893602;0.179548;0.037784;0.837588;0.334528;0.430244;0.179695;0.690687;0.576231;0.398270;-0.153387;0.898547;-0.076373;0.404046;0.440050;-0.510783;0.674306;-0.301277;0.440050;-0.510783;0.674306;-0.301277;0.524198;0.115628;0.837984;0.098127;0.301277;0.674306;0.510783;0.440050;0.524198;0.115628;0.837984;0.098127;0.440050;-0.510783;0.674306;-0.301277
37400211;1;0.549178;-0.357850;0.696070;-0.292974;0.556532;-0.339826;0.705045;-0.278751;0.544311;-0.361034;0.705016;-0.276284;0.564714;-0.303333;0.731698;-0.231744;0.894987;-0.383265;0.142981;0.177943;0.664956;-0.319388;-0.133118;0.661895;-0.187227;-0.286805;0.193577;0.919357;-0.303080;-0.152719;0.892241;0.297870;0.015918;0.723536;-0.543978;-0.424653;0.015918;0.723536;-0.543978;-0.424653;0.272319;-0.541479;0.714462;-0.349553;0.410998;0.906990;-0.047628;-0.078614;0.477791;0.625826;-0.548744;-0.280957;0.505366;-0.086318;-0.827846;0.227654;-0.324514;0.591354;0.565545;-0.474500;0.569290;0.243774;-0.781099;-0.079798;0.569290;0.243774;-0.781099;-0.079798;0.658885;0.401264;-0.202613;0.603163;-0.084688;0.587423;-0.182935;0.783771;0.697214;-0.176688;0.589381;-0.367837;0.531796;-0.461474;0.529095;-0.473597;0.715000;0.045772;0.696559;0.038546;0.352709;0.154875;0.902445;0.192881;0.019857;0.850395;0.339342;0.401599;0.172519;0.684667;0.601849;0.373157;-0.140666;0.912180;-0.054020;0.381082;0.484220;-0.509393;0.647394;-0.294840;0.484220;-0.509393;0.647394;-0.294840;0.550879;0.097581;0.817972;0.133912;0.294840;0.647394;0.509393;0.484220;0.550879;0.097581;0.817972;0.133912;0.484220;-0.509393;0.647394;-0.294840
37433555;1;0.542086;-0.374071;0.700254;-0.275423;0.550728;-0.351177;0.712011;-0.257708;0.536770;-0.364090;0.711939;-0.269184;0.556628;-0.305825;0.738844;-0.225271;0.892405;-0.377770;0.155745;0.191433;0.670766;-0.317152;-0.147984;0.653902;-0.200812;-0.293203;0.191094;0.914981;-0.278360;-0.139551;0.891699;0.328503;-0.019636;0.709131;-0.558331;-0.430131;-0.019636;0.709131;-0.558331;-0.430131;0.249866;-0.563325;0.697947;-0.364831;0.413004;0.904019;-0.065085;-0.089112;0.474599;0.631585;-0.557711;-0.254587;-0.479765;0.098021;0.836859;-0.244714;-0.264995;0.583644;0.574280;-0.509254;0.569630;0.335388;-0.746963;-0.071296;0.569630;0.335388;-0.746963;-0.071296;0.708395;0.314238;-0.150006;0.613945;-0.088661;0.595879;-0.189273;0.775399;0.687902;-0.183707;0.597666;-0.368562;0.521056;-0.468276;0.532945;-0.474540;0.708088;0.043613;0.704123;0.030319;0.365481;0.169700;0.894031;0.195793;0.037978;0.839625;0.350784;0.412963;0.230968;0.644944;0.626651;0.371496;-0.097732;0.901680;-0.008687;0.421125;0.490187;-0.493810;0.643951;-0.318111;0.490187;-0.493810;0.643951;-0.318111;0.571553;0.106166;0.804519;0.121676;0.318111;0.643951;0.493810;0.490187;0.571553;0.106166;0.804519;0.121676;0.490187;-0.493810;0.643951;-0.318111
37466877;1;0.536653;-0.381502;0.690644;-0.299116;0.560938;-0.319118;0.721593;-0.250631;0.526957;-0.365263;0.714683;-0.279514;0.547675;-0.306774;0.741673;-0.236356;0.882523;-0.380924;0.157760;0.226190;0.676655;-0.325808;-0.145158;0.644140;-0.200282;-0.292978;0.203435;0.912505;-0.261906;-0.118695;0.895966;0.338470;-0.030327;0.685633;-0.588855;-0.426893;-0.030327;0.685633;-0.588855;-0.426893;0.256197;-0.523205;0.725166;-0.367088;0.421563;0.899178;-0.066674;-0.096536;0.482531;0.630098;-0.553158;-0.253291;-0.488850;0.076084;0.834996;-0.240870;-0.221778;0.573243;0.626996;-0.478626;0.522914;0.428273;-0.733699;-0.069492;0.522914;0.428273;-0.733699;-0.069492;0.682736;0.371052;-0.144596;0.612604;-0.120566;0.596336;-0.205874;0.766461;0.682398;-0.198198;0.598977;-0.369156;0.522751;-0.466553;0.536205;-0.470684;0.706580;0.047155;0.705230;0.034230;0.355775;0.192466;0.890006;0.210405;0.041320;0.831031;0.372122;0.411346;0.249256;0.639095;0.622879;0.376099;-0.087981;0.894967;-0.007303;0.437310;0.488887;-0.510817;0.644826;-0.290266;0.488887;-0.510817;0.644826;-0.290266;0.550945;0.094759;0.817163;0.140446;0.290266;0.644826;0.510817;0.488887;0.550945;0.094759;0.817163;0.140446;0.488887;-0.510817;0.644826;-0.290266
37500222;1;0.528037;-0.388270;0.695486;-0.294487;0.550311;-0.330210;0.724855;-0.250406;0.529592;-0.367984;0.714648;-0.270921;0.549613;-0.309489;0.741856;-0.227579;0.885039;-0.377472;0.165109;0.216702;0.672107;-0.326302;-0.144565;0.648769;-0.212531;-0.291389;0.206069;0.909648;-0.304883;-0.143650;0.898948;0.279826;0.058671;0.680574;-0.604618;-0.409651;0.058671;0.680574;-0.604618;-0.409651;0.215627;-0.532737;0.732458;-0.364969;0.414859;0.904459;-0.052410;-0.084260;0.475728;0.629615;-0.558710;-0.255170;-0.494666;0.049920;0.840285;-0.216180;-0.120547;0.698200;0.692004;-0.138261;-0.159805;-0.536298;0.823855;0.090055;-0.159805;-0.536298;0.823855;0.090055;0.718373;-0.049367;-0.584891;0.373371;-0.132690;0.597961;-0.220942;0.758960;0.677591;-0.197652;0.606103;-0.366665;0.501687;-0.486824;0.525126;-0.485340;0.702003;0.024823;0.711683;0.009111;0.367812;0.202800;0.880744;0.218808;0.047389;0.824812;0.369398;0.425422;0.252109;0.627675;0.629167;0.382903;-0.090673;0.891327;0.005221;0.444171;0.491345;-0.520848;0.635479;-0.288901;0.491345;-0.520848;0.635479;-0.288901;0.551717;0.081056;0.817647;0.143150;0.288901;0.635479;0.520848;0.491345;0.551717;0.081056;0.817647;0.143150;0.491345;-0.520848;0.635479;-0.288901
37533555;1;0.529250;-0.387199;0.704841;-0.270501;0.541927;-0.352025;0.723051;-0.244113;0.528751;-0.371109;0.716497;-0.263313;0.548164;-0.312455;0.743949;-0.220062;0.887922;-0.376238;0.167975;0.204510;0.672447;-0.322226;-0.141696;0.651081;-0.211501;-0.287472;0.203144;0.911789;-0.298212;-0.171522;0.891554;0.294588;0.050463;0.688579;-0.591732;-0.416132;0.050463;0.688579;-0.591732;-0.416132;0.187619;-0.569275;0.716136;-0.357595;0.410724;0.906740;-0.035685;-0.088630;0.446241;0.639371;-0.575710;-0.246236;-0.471155;0.049646;0.858937;-0.194361;-0.195085;0.767133;0.608365;0.057800;-0.066209;-0.049911;0.977809;0.192394;-0.066209;-0.049911;0.977809;0.192394;0.689568;-0.147772;-0.670818;0.229483;-0.142721;0.590878;-0.240816;0.756639;0.670934;-0.196026;0.607252;-0.377711;-0.475184;0.522433;-0.519401;0.481130;0.680355;-0.004562;0.732840;-0.006415;0.374183;0.219617;0.874528;0.216695;0.062508;0.821907;0.370717;0.427936;0.260864;0.619009;0.637879;0.376680;-0.080003;0.891321;0.017447;0.445918;0.511783;-0.511701;0.603403;-0.334881;0.511783;-0.511701;0.603403;-0.334881;0.598682;0.064843;0.788498;0.125088;0.334881;0.603403;0.511701;0.511783;0.598682;0.064843;0.788498;0.125088;0.511783;-0.511701;0.603403;-0.334881
37566888;1;0.537575;-0.376038;0.703363;-0.273659;0.543485;-0.360421;0.711492;-0.261726;0.528157;-0.386572;0.704808;-0.273601;0.548397;-0.328806;0.733539;-0.230365;0.877393;-0.393865;0.190400;0.196976;0.683009;-0.307813;-0.144818;0.646357;-0.197803;-0.283584;0.187887;0.919322;-0.310507;-0.118332;0.893117;0.303192;0.035856;0.674656;-0.597075;-0.432498;0.035856;0.674656;-0.597075;-0.432498;0.204584;-0.548841;0.726104;-0.360128;0.423744;0.903814;-0.021110;-0.055815;0.399221;0.689649;-0.544627;-0.261510;-0.452291;0.002091;0.878767;-0.152307;-0.322730;0.740116;0.589966;-0.003664;-0.236363;0.129651;0.937562;0.219773;-0.236363;0.129651;0.937562;0.219773;0.733099;-0.220789;-0.548197;0.336598;-0.159422;0.591092;-0.251111;0.749759;0.667930;-0.202388;0.609538;-0.375994;0.481943;-0.510683;0.526450;-0.479357;0.683881;0.008775;0.729540;-0.000469;0.373292;0.234846;0.866617;0.233399;0.060035;0.815843;0.374851;0.436214;0.263765;0.617871;0.630594;0.388608;-0.086368;0.885443;0.013113;0.456464;0.474594;-0.521430;0.630433;-0.324693;0.474594;-0.521430;0.630433;-0.324693;0.565181;0.077076;0.814490;0.105996;0.324693;0.630433;0.521430;0.474594;0.565181;0.077076;0.814490;0.105996;0.474594;-0.521430;0.630433;-0.324693
37600200;1;0.531870;-0.393516;0.698143;-0.273599;0.540869;-0.369539;0.711125;-0.255347;0.523918;-0.405614;0.696780;-0.274744;0.544264;-0.348431;0.727063;-0.231844;0.862787;-0.404528;0.189310;0.236891;0.693601;-0.295045;-0.119427;0.646222;-0.195890;-0.254493;0.191174;0.927530;-0.294608;-0.127979;0.881115;0.347079;-0.013310;0.684694;-0.569155;-0.455061;-0.013310;0.684694;-0.569155;-0.455061;0.211170;-0.581450;0.704707;-0.347436;0.444074;0.892910;-0.058177;-0.046091;0.447750;0.665299;-0.520618;-0.293009;0.511007;0.022042;-0.844499;0.158767;-0.229816;0.641999;0.706958;-0.187702;-0.294779;-0.059412;0.953112;0.033950;-0.294779;-0.059412;0.953112;0.033950;0.665910;-0.248761;-0.485420;0.508968;-0.172379;0.584393;-0.254969;0.750840;0.671437;-0.204612;0.603911;-0.377622;0.484787;-0.505161;0.518682;-0.490676;0.693823;0.007184;0.720081;-0.006486;0.377567;0.247640;0.859073;0.241063;0.065038;0.811498;0.375152;0.443286;0.285506;0.615724;0.618292;0.396341;-0.076421;0.875378;0.005834;0.477325;0.501655;-0.505635;0.644990;-0.276882;0.501655;-0.505635;0.644990;-0.276882;0.550509;0.098539;0.813614;0.158938;0.276882;0.644990;0.505635;0.501655;0.550509;0.098539;0.813614;0.158938;0.501655;-0.505635;0.644990;-0.276882
37633555;1;0.535863;-0.397847;0.690055;-0.279986;0.545747;-0.372338;0.704147;-0.260197;0.519160;-0.401875;0.705710;-0.266351;0.538847;-0.343988;0.735665;-0.223860;0.866856;-0.396029;0.205830;0.222159;0.675798;-0.283534;-0.127552;0.668308;-0.224361;-0.255447;0.177223;0.923581;-0.283518;-0.111046;0.873185;0.380572;-0.053764;0.678590;-0.560623;-0.471516;-0.053764;0.678590;-0.560623;-0.471516;0.196405;-0.577294;0.718212;-0.335155;0.430053;0.901051;-0.013834;-0.054502;0.423644;0.667665;-0.561314;-0.244287;-0.473411;-0.082950;0.868314;-0.122607;-0.248186;0.696857;0.672869;0.006354;-0.166677;-0.006053;0.968673;0.183998;-0.166677;-0.006053;0.968673;0.183998;0.653225;-0.395611;-0.514770;0.389617;-0.183933;0.594005;-0.265483;0.736781;0.659685;-0.218567;0.612863;-0.376089;-0.463817;0.521673;-0.509499;0.503132;0.687755;-0.011135;0.725237;-0.029998;0.385977;0.262963;0.849334;0.245976;0.080609;0.802896;0.381853;0.450609;0.271639;0.594498;0.649561;0.388401;-0.080456;0.882238;0.043005;0.461880;0.511324;-0.506155;0.621423;-0.310141;0.511324;-0.506155;0.621423;-0.310141;0.580864;0.081507;0.797319;0.142258;0.310141;0.621423;0.506155;0.511324;0.580864;0.081507;0.797319;0.142258;0.511324;-0.506155;0.621423;-0.310141
37666888;1;0.531246;-0.401632;0.687847;-0.288681;0.541258;-0.376704;0.701809;-0.269442;0.512374;-0.420651;0.695027;-0.278322;0.533043;-0.363560;0.726522;-0.236336;0.855656;-0.418867;0.184730;0.241408;0.667465;-0.282384;-0.136288;0.675408;-0.230789;-0.263074;0.170608;0.921098;-0.319527;-0.075829;0.879396;0.344695;-0.029164;0.689007;-0.551686;-0.469107;-0.029164;0.689007;-0.551686;-0.469107;0.238482;-0.562378;0.709481;-0.351415;0.465263;0.878612;-0.038740;-0.100356;0.465229;0.673478;-0.524218;-0.234916;-0.485992;-0.061602;0.851224;-0.188242;-0.152083;0.634365;0.746856;-0.129069;-0.197293;-0.143946;0.969274;0.029383;-0.197293;-0.143946;0.969274;0.029383;0.619346;-0.379933;-0.533636;0.432775;-0.215955;0.585033;-0.288723;0.726456;0.659535;-0.221039;0.613851;-0.373286;-0.462675;0.525274;-0.507030;0.502930;0.686808;-0.015434;0.726029;-0.030635;0.371238;0.281960;0.844889;0.262381;0.074017;0.799480;0.392572;0.448599;0.260654;0.605704;0.637832;0.397935;-0.095065;0.881928;0.026872;0.460915;0.466154;-0.525890;0.650658;-0.287722;0.466154;-0.525890;0.650658;-0.287722;0.533071;0.088224;0.831945;0.126171;0.287722;0.650658;0.525890;0.466154;0.533071;0.088224;0.831945;0.126171;0.466154;-0.525890;0.650658;-0.287722
37700222;1;0.526306;-0.416572;0.679282;-0.296724;0.542472;-0.376889;0.702076;-0.266021;0.526730;-0.406737;0.691829;-0.280167;0.547501;-0.349947;0.722218;-0.237025;0.863536;-0.411093;0.200699;0.212198;0.653002;-0.291414;-0.122211;0.688281;-0.224774;-0.260595;0.178741;0.921748;-0.346768;-0.167198;0.876689;0.288466;0.094504;0.673036;-0.586142;-0.441055;0.094504;0.673036;-0.586142;-0.441055;0.130063;-0.622820;0.692769;-0.339485;0.459640;0.879998;-0.094975;-0.072894;0.460117;0.675628;-0.502396;-0.281811;-0.498549;0.008880;0.841900;-0.206336;-0.138462;0.695227;0.690780;-0.142515;-0.194271;-0.216550;0.955837;0.041729;-0.194271;-0.216550;0.955837;0.041729;0.664359;-0.260010;-0.553270;0.430016;-0.228368;0.580545;-0.294212;0.724055;0.653944;-0.234993;0.606973;-0.385642;-0.444392;0.542859;-0.490929;0.516535;0.683432;-0.039384;0.727019;-0.053038;0.377676;0.294451;0.837757;0.262343;0.089365;0.793902;0.397741;0.451148;0.288194;0.582083;0.653603;0.388493;-0.068700;0.876340;0.054549;0.473638;0.478316;-0.567846;0.608005;-0.281239;0.478316;-0.567846;0.608005;-0.281239;0.537086;0.028397;0.831452;0.139354;0.281239;0.608005;0.567846;0.478316;0.537086;0.028397;0.831452;0.139354;0.478316;-0.567846;0.608005;-0.281239
37733533;1;0.528001;-0.415501;0.680352;-0.292737;0.541501;-0.382214;0.699595;-0.266939;0.513733;-0.417081;0.692222;-0.288012;0.535175;-0.360226;0.723439;-0.245887;0.856021;-0.423612;0.189824;0.227480;0.664154;-0.295787;-0.146093;0.670870;-0.221349;-0.279809;0.174757;0.917699;-0.344091;-0.174510;0.882314;0.269574;-0.148362;-0.616490;0.654883;0.411166;-0.148362;-0.616490;0.654883;0.411166;0.119820;-0.574825;0.732233;-0.345041;0.476261;0.869579;-0.087467;-0.096736;0.511018;0.629697;-0.483870;-0.328955;0.554531;-0.061817;-0.791724;0.248691;-0.228229;0.629908;0.632263;-0.389064;-0.450294;-0.276699;0.848515;0.026362;-0.450294;-0.276699;0.848515;0.026362;0.579116;0.283501;-0.305018;0.700869;-0.249012;0.580803;-0.313171;0.708933;0.643930;-0.247657;0.611650;-0.387175;-0.435458;0.550498;-0.492198;0.514849;0.675942;-0.043937;0.733345;-0.058113;0.368176;0.317681;0.829654;0.274227;0.095236;0.786659;0.412748;0.449151;0.319710;0.567005;0.652199;0.388493;-0.046268;0.864778;0.064041;0.495900;0.522473;-0.516328;0.608292;-0.300680;0.522473;-0.516328;0.608292;-0.300680;0.582057;0.065028;0.795226;0.156831;0.300680;0.608292;0.516328;0.522473;0.582057;0.065028;0.795226;0.156831;0.522473;-0.516328;0.608292;-0.300680
37766888;1;0.538370;-0.408026;0.690292;-0.259171;0.547896;-0.381305;0.705404;-0.238374;0.504737;-0.444810;0.668632;-0.316729;0.528511;-0.389757;0.702149;-0.275232;0.829003;-0.459579;0.215981;0.234293;0.673864;-0.264167;-0.131953;0.677283;-0.246583;-0.246892;0.161989;0.923039;-0.333757;-0.066557;0.870129;0.356444;-0.053902;0.704471;-0.515048;-0.485326;-0.053902;0.704471;-0.515048;-0.485326;0.244228;-0.573877;0.703181;-0.341402;0.518657;0.844539;-0.110422;-0.074534;0.492530;0.666268;-0.445395;-0.339299;0.541823;-0.047208;-0.800038;0.253255;-0.252190;0.531058;0.620782;-0.518659;0.574411;0.257785;-0.775203;0.051564;0.574411;0.257785;-0.775203;0.051564;0.626437;0.191261;-0.186633;0.732233;-0.250275;0.579387;-0.311670;0.710306;0.641642;-0.253962;0.606937;-0.394241;-0.431205;0.554742;-0.488864;0.517045;0.674476;-0.049324;0.733979;-0.062637;0.378500;0.327727;0.819558;0.278673;0.112192;0.776682;0.419274;0.456494;0.324660;0.555423;0.660322;0.387397;-0.041899;0.862291;0.077940;0.498622;0.490525;-0.541920;0.617720;-0.290051;0.490525;-0.541920;0.617720;-0.290051;0.551951;0.053599;0.819989;0.141757;0.290051;0.617720;0.541920;0.490525;0.551951;0.053599;0.819989;0.141757;0.490525;-0.541920;0.617720;-0.290051
37800211;1;0.535127;-0.407759;0.692266;-0.261036;0.541570;-0.390085;0.702377;-0.247391;0.506643;-0.460130;0.654627;-0.321026;0.530755;-0.406151;0.689418;-0.279362;0.816309;-0.473305;0.206479;0.258822;0.678167;-0.263436;-0.151233;0.669193;-0.243454;-0.262192;0.153380;0.921119;-0.329239;-0.164441;0.865125;0.340765;0.022864;0.694037;-0.542028;-0.473282;0.022864;0.694037;-0.542028;-0.473282;0.202692;-0.592245;0.715884;-0.309309;0.528890;0.840412;-0.111343;-0.039819;0.466453;0.684350;-0.463375;-0.315232;0.505483;-0.061597;-0.824170;0.247865;-0.173454;0.563960;0.665644;-0.456926;-0.488024;-0.380223;0.785215;-0.026452;-0.488024;-0.380223;0.785215;-0.026452;0.656828;0.234655;-0.214720;0.683673;-0.263671;0.570676;-0.315250;0.710932;0.645049;-0.256284;0.599510;-0.398519;-0.433093;0.555956;-0.483769;0.518952;0.677144;-0.053777;0.731205;-0.062635;0.377695;0.340301;0.814623;0.279160;0.118317;0.776772;0.419511;0.454573;0.315034;0.554880;0.669573;0.380177;-0.043608;0.868350;0.084899;0.486681;0.528869;-0.502894;0.616343;-0.295831;0.528869;-0.502894;0.616343;-0.295831;0.583151;0.080221;0.791420;0.164783;0.295831;0.616343;0.502894;0.528869;0.583151;0.080221;0.791420;0.164783;0.528869;-0.502894;0.616343;-0.295831
37833555;1;0.515952;-0.447205;0.676750;-0.275337;0.527338;-0.417625;0.695394;-0.252847;0.528082;-0.427594;0.673181;-0.291754;0.549778;-0.372232;0.705303;-0.248466;0.842898;-0.427231;0.237352;0.225081;0.670035;-0.273235;-0.134901;0.676902;-0.242349;-0.255061;0.166733;0.921092;-0.344676;-0.210156;0.861386;0.308297;0.096397;0.677899;-0.571493;-0.452279;0.096397;0.677899;-0.571493;-0.452279;0.171599;-0.588346;0.730660;-0.300896;0.475004;0.873842;-0.102309;-0.017428;0.481327;0.656628;-0.478494;-0.328948;0.526790;-0.082053;-0.808322;0.249750;-0.105223;0.575020;0.698615;-0.412574;-0.406177;-0.291311;0.856650;-0.127708;-0.406177;-0.291311;0.856650;-0.127708;0.541517;0.350647;-0.196746;0.738307;-0.274919;0.564863;-0.321974;0.708295;0.642615;-0.262142;0.595028;-0.405302;-0.424374;0.561667;-0.474790;0.528215;0.677474;-0.064227;0.728859;-0.075292;0.383143;0.351061;0.805184;0.285720;0.131653;0.767267;0.427569;0.459514;0.343541;0.537697;0.669603;0.380123;-0.023260;0.856291;0.096903;0.506788;0.516827;-0.535166;0.587109;-0.319046;0.516827;-0.535166;0.587109;-0.319046;0.591052;0.036729;0.793568;0.139852;0.319046;0.587109;0.535166;0.516827;0.591052;0.036729;0.793568;0.139852;0.516827;-0.535166;0.587109;-0.319046
37866888;1;0.520772;-0.437648;0.683828;-0.263894;0.528383;-0.417135;0.696531;-0.248303;0.514150;-0.452692;0.653007;-0.322959;0.538393;-0.398867;0.687206;-0.280687;0.824006;-0.470313;0.225388;0.221406;0.663707;-0.296053;-0.158927;0.668272;-0.251560;-0.284747;0.178394;0.907641;-0.334994;-0.182554;0.882305;0.275663;0.120420;0.649472;-0.624480;-0.416786;0.120420;0.649472;-0.624480;-0.416786;0.153122;-0.553001;0.745748;-0.338530;0.520010;0.845902;-0.116755;-0.020202;0.464719;0.668142;-0.486379;-0.317896;0.510757;-0.076562;-0.822871;0.236958;-0.240449;0.569909;0.619280;-0.483612;0.527810;0.127304;-0.831924;0.114512;0.527810;0.127304;-0.831924;0.114512;0.584064;0.316202;-0.210410;0.717366;-0.292817;0.557355;-0.331950;0.702441;0.640725;-0.269154;0.590278;-0.410609;-0.423147;0.561975;-0.471637;0.531686;0.679039;-0.066687;0.726829;-0.078605;0.367968;0.372245;0.800324;0.292428;0.133065;0.764687;0.440788;0.450837;0.350718;0.529183;0.676109;0.373949;-0.013755;0.854833;0.107462;0.507468;0.526704;-0.540893;0.590219;-0.285760;0.526704;-0.540893;0.590219;-0.285760;0.574499;0.034879;0.799817;0.170373;0.285760;0.590219;0.540893;0.526704;0.574499;0.034879;0.799817;0.170373;0.526704;-0.540893;0.590219;-0.285760
37900222;1;0.526588;-0.438321;0.678068;-0.266090;0.529738;-0.430167;0.683270;-0.259763;0.508624;-0.454830;0.653284;-0.328103;0.533298;-0.400976;0.687654;-0.286258;0.822242;-0.476433;0.221586;0.218697;0.658759;-0.294135;-0.148208;0.676429;-0.234370;-0.279708;0.173909;0.914653;-0.271196;-0.311140;0.841632;0.348281;-0.104481;-0.628972;0.639959;0.428871;-0.104481;-0.628972;0.639959;0.428871;0.069710;-0.574457;0.770134;-0.268391;0.523870;0.844113;-0.112876;-0.017110;0.440590;0.685348;-0.465074;-0.346244;0.527622;-0.028984;-0.827741;0.188731;-0.204076;0.545478;0.708580;-0.398398;-0.434651;-0.177642;0.876399;-0.106990;-0.434651;-0.177642;0.876399;-0.106990;0.648197;-0.021421;-0.344360;0.678821;-0.306321;0.556437;-0.344794;0.691131;0.632591;-0.279973;0.591739;-0.413871;-0.426605;0.554026;-0.480001;0.529776;0.680147;-0.055132;0.727154;-0.074879;0.360060;0.392004;0.791917;0.299262;0.140249;0.758899;0.452581;0.446736;0.348836;0.533771;0.672129;0.376356;-0.016821;0.855289;0.101424;0.507849;0.543172;-0.516302;0.595914;-0.288588;0.543172;-0.516302;0.595914;-0.288588;0.588143;0.056294;0.786456;0.180017;0.288588;0.595914;0.516302;0.543171;0.588143;0.056294;0.786456;0.180017;0.543172;-0.516302;0.595914;-0.288588
37933533;1;0.529849;-0.431330;0.680963;-0.263636;0.531130;-0.428000;0.683061;-0.261045;0.503216;-0.471046;0.640483;-0.338631;0.528751;-0.418166;0.676195;-0.297186;0.808677;-0.496087;0.213450;0.233189;0.671396;-0.289603;-0.164606;0.662014;-0.228718;-0.288983;0.165692;0.914726;-0.176290;-0.402559;0.855021;0.275332;-0.105809;-0.594218;0.734860;0.309339;-0.105809;-0.594218;0.734860;0.309339;0.055115;-0.543060;0.764582;-0.342728;0.547574;0.828925;-0.109357;-0.032963;0.476953;0.666049;-0.466543;-0.333516;0.515696;-0.107384;-0.806072;0.269768;-0.129296;0.589547;0.651207;-0.460050;-0.471504;-0.340144;0.809900;-0.077766;-0.471504;-0.340144;0.809900;-0.077766;0.486203;0.416995;-0.167931;0.749347;-0.323105;0.547481;-0.361782;0.681895;0.622568;-0.290820;0.588283;-0.426329;-0.416081;0.569702;-0.490368;0.511717;0.660058;-0.058916;0.745672;-0.069464;0.347142;0.407788;0.787597;0.304783;0.140881;0.754989;0.465354;0.439989;0.351157;0.538995;0.663642;0.381776;-0.019047;0.853053;0.091732;0.513346;0.521328;-0.537124;0.600862;-0.280498;0.521328;-0.537124;0.600862;-0.280498;0.566977;0.045069;0.804678;0.170293;0.280498;0.600862;0.537124;0.521328;0.566977;0.045069;0.804678;0.170293;0.521328;-0.537124;0.600862;-0.280498
37966888;1;0.537802;-0.420377;0.685776;-0.252513;0.531649;-0.436557;0.675592;-0.265223;0.493786;-0.490408;0.625053;-0.353531;0.520547;-0.438704;0.662367;-0.312794;0.792386;-0.523160;0.196634;0.244465;0.668321;-0.279039;-0.184682;0.664361;-0.232504;-0.300868;0.146455;0.913220;-0.196374;-0.393242;0.799538;0.409313;-0.096867;-0.566748;0.687530;0.443528;-0.096867;-0.566748;0.687530;0.443528;0.045110;-0.564231;0.799242;-0.202040;0.576213;0.808489;-0.111229;-0.044187;0.466145;0.666649;-0.476189;-0.333965;0.510808;-0.116634;-0.810908;0.260575;-0.140879;0.603051;0.645229;-0.447395;-0.467183;-0.364010;0.804666;-0.041826;-0.467183;-0.364010;0.804666;-0.041826;0.484949;0.402812;-0.196543;0.750958;-0.336148;0.547633;-0.382082;0.664165;0.611113;-0.300718;0.596227;-0.424998;-0.414402;0.565065;-0.499529;0.509356;0.657221;-0.049168;0.748918;-0.069028;0.326679;0.435881;0.779622;0.308995;0.144744;0.749445;0.485906;0.425766;0.350849;0.533761;0.671911;0.374886;-0.014358;0.855131;0.101261;0.508224;0.521972;-0.522998;0.605989;-0.294612;0.521972;-0.522998;0.605989;-0.294612;0.577412;0.058683;0.798314;0.160768;0.294612;0.605989;0.522998;0.521972;0.577412;0.058683;0.798314;0.160768;0.521972;-0.522998;0.605989;-0.294612
38000211;1;0.528057;-0.433481;0.678255;-0.270593;0.518382;-0.456679;0.662857;-0.288694;0.492813;-0.488671;0.627760;-0.352496;0.519493;-0.436755;0.664927;-0.311841;0.792635;-0.520737;0.190974;0.253163;0.683526;-0.267917;-0.150349;0.662124;-0.207754;-0.268125;0.149978;0.928684;-0.254024;-0.336723;0.817803;0.391520;0.053429;0.665256;-0.582768;-0.463639;0.053429;0.665256;-0.582768;-0.463639;0.148420;-0.582107;0.766313;-0.227786;0.576047;0.807464;-0.116741;-0.050434;0.463911;0.656769;-0.476009;-0.356168;0.528781;-0.123333;-0.801698;0.249919;-0.167162;0.599463;0.629820;-0.464788;-0.489112;-0.277629;0.823985;-0.068853;-0.489112;-0.277629;0.823985;-0.068853;0.454439;0.409261;-0.213756;0.761773;-0.368665;0.528268;-0.402694;0.650274;0.603889;-0.315431;0.584599;-0.440529;-0.407506;0.568082;-0.494136;0.516770;0.657544;-0.055166;0.747217;-0.079113;0.301284;0.464520;0.770678;0.315445;0.141484;0.744722;0.505064;0.412653;0.344362;0.546012;0.660396;0.383618;-0.025211;0.855728;0.084522;0.509853;0.538069;-0.494844;0.614749;-0.296134;0.538069;-0.494844;0.614749;-0.296134;0.589871;0.084786;0.784600;0.171074;0.296134;0.614749;0.494844;0.538069;0.589871;0.084786;0.784600;0.171074;0.538069;-0.494844;0.614749;-0.296134
38033555;1;0.525132;-0.439039;0.670881;-0.285307;0.512594;-0.467023;0.651710;-0.307263;0.492242;-0.493437;0.619718;-0.360787;0.519590;-0.442151;0.657292;-0.320150;0.784246;-0.531120;0.170255;0.271815;0.681815;-0.287934;-0.168140;0.651115;-0.235295;-0.287328;0.169174;0.912940;-0.225279;-0.279222;0.845191;0.396151;0.018449;0.635827;-0.622926;-0.455353;0.018449;0.635827;-0.622926;-0.455353;0.182927;-0.511956;0.800976;-0.250753;0.587652;0.796637;-0.131421;-0.052568;0.465755;0.661014;-0.466517;-0.358462;0.530517;-0.116601;-0.800613;0.252932;-0.104496;0.608319;0.671087;-0.410696;-0.413946;-0.327035;0.844664;-0.090771;-0.413946;-0.327035;0.844664;-0.090771;0.466238;0.378521;-0.213946;0.770435;-0.390594;0.516193;-0.424337;0.633182;0.594095;-0.326627;0.582967;-0.447789;-0.400003;0.570617;-0.494480;0.519503;0.654160;-0.056762;0.749266;-0.086331;0.273095;0.493179;0.762065;0.318513;0.138186;0.737215;0.529593;0.396169;0.350322;0.535646;0.666112;0.382952;-0.020444;0.852416;0.095852;0.513596;0.510817;-0.518554;0.612386;-0.308465;0.510817;-0.518554;0.612386;-0.308465;0.579320;0.066350;0.799695;0.143085;0.308465;0.612386;0.518554;0.510817;0.579320;0.066350;0.799695;0.143085;0.510817;-0.518554;0.612386;-0.308465
38066888;1;0.528894;-0.438039;0.673690;-0.273011;0.515557;-0.469046;0.652481;-0.297431;0.480382;-0.507429;0.609351;-0.374754;0.508888;-0.456929;0.648080;-0.335024;0.777868;-0.556293;0.156970;0.246617;0.676550;-0.285871;-0.181088;0.654037;-0.229183;-0.299582;0.157371;0.912666;-0.171256;-0.347342;0.816661;0.427891;-0.016496;-0.603007;0.651125;0.460594;-0.016496;-0.603007;0.651125;0.460594;0.108174;-0.512569;0.827048;-0.203868;0.608819;0.780745;-0.116383;-0.078940;0.477033;0.657341;-0.449939;-0.371344;0.550113;-0.094134;-0.791000;0.250664;-0.142217;0.571805;0.675478;-0.443333;-0.440138;-0.198104;0.862546;-0.151815;-0.440138;-0.198104;0.862546;-0.151815;0.647174;0.106329;-0.263869;0.707272;-0.408109;0.511716;-0.453226;0.605128;0.570079;-0.353240;0.585237;-0.455773;-0.402612;0.558886;-0.515263;0.509955;0.649317;-0.033745;0.755770;-0.077849;0.264953;0.519843;0.737467;0.340154;0.156915;0.708777;0.558322;0.401608;0.352006;0.531681;0.653036;0.408597;-0.037345;0.840506;0.089461;0.533059;0.526585;-0.514374;0.598317;-0.316456;0.526585;-0.514374;0.598317;-0.316456;0.596120;0.059356;0.786791;0.148584;0.316456;0.598317;0.514374;0.526585;0.596120;0.059356;0.786791;0.148584;0.526585;-0.514374;0.598317;-0.316456
38100222;1;0.544966;-0.414549;0.680056;-0.262076;0.528854;-0.453283;0.654876;-0.293234;0.449985;-0.541775;0.583445;-0.404456;0.480970;-0.493242;0.625013;-0.367068;0.752036;-0.609784;0.133689;0.211502;0.663000;-0.287118;-0.169391;0.670299;-0.232713;-0.293139;0.158745;0.913627;-0.156783;-0.340126;0.814271;0.443504;0.020422;-0.619922;0.628029;0.469957;0.020422;-0.619922;0.628029;0.469957;0.107846;-0.496172;0.840099;-0.190831;0.647389;0.756412;-0.060350;-0.071316;0.456416;0.682939;-0.446079;-0.355377;0.537915;-0.037493;-0.814853;0.212733;-0.335720;0.512843;0.594928;-0.519947;0.602892;0.045537;-0.784139;0.139906;0.602892;0.045537;-0.784139;0.139906;0.667133;0.006621;-0.174598;0.724158;-0.421627;0.507488;-0.468271;0.587715;0.556617;-0.372558;0.581406;-0.461893;0.425402;-0.532025;0.544954;-0.488884;0.650644;0.006412;0.757895;-0.047065;0.293494;0.535180;0.688717;0.391296;0.204786;0.668021;0.560800;0.444201;0.341153;0.539257;0.629575;0.443229;-0.069567;0.829461;0.067658;0.550070;0.541915;-0.478907;0.614152;-0.315902;0.541915;-0.478907;0.614152;-0.315902;0.606568;0.095633;0.772909;0.159815;0.315902;0.614152;0.478907;0.541915;0.606568;0.095633;0.772909;0.159815;0.541915;-0.478907;0.614152;-0.315902
38133533;1;0.527520;-0.442921;0.669025;-0.279194;0.503735;-0.494548;0.631819;-0.320121;0.458653;-0.537275;0.585118;-0.398258;0.489114;-0.488622;0.626319;-0.360194;0.753128;-0.599175;0.140539;0.232456;0.661687;-0.286778;-0.152542;0.675766;-0.230388;-0.279916;0.164796;0.917284;-0.188952;-0.359457;0.810862;0.421415;-0.006988;0.668640;-0.582775;-0.461784;-0.006988;0.668640;-0.582775;-0.461784;0.124688;-0.542139;0.804871;-0.206688;0.644763;0.755141;-0.093707;-0.072542;0.456826;0.688440;-0.450889;-0.337727;0.521711;-0.043286;-0.821813;0.224872;-0.339553;0.519743;0.568445;-0.539852;0.626980;0.065046;-0.767484;0.116763;0.626980;0.065046;-0.767484;0.116763;0.688892;-0.113636;-0.129411;0.704107;-0.437572;0.498634;-0.502861;0.554098;0.528108;-0.402615;0.582591;-0.468606;0.424102;-0.523042;0.558714;-0.484152;0.646406;0.022496;0.761350;-0.044717;0.302572;0.552489;0.647861;0.428349;0.236489;0.641663;0.559681;0.468080;0.333050;0.541962;0.624352;0.453364;-0.082490;0.827712;0.062122;0.551570;0.531706;-0.470509;0.634301;-0.305895;0.531706;-0.470509;0.634301;-0.305895;0.592273;0.115818;0.781219;0.159672;0.305895;0.634301;0.470509;0.531706;0.592273;0.115818;0.781219;0.159672;0.531706;-0.470509;0.634301;-0.305895
38166888;1;0.521683;-0.461189;0.650366;-0.303604;0.495710;-0.511762;0.611368;-0.344384;0.463875;-0.537098;0.580981;-0.398505;0.494339;-0.488778;0.622182;-0.360022;0.750337;-0.598394;0.135842;0.245897;0.664865;-0.301712;-0.150504;0.666538;-0.257337;-0.278600;0.189903;0.905592;-0.140103;-0.362994;0.811242;0.436456;0.000554;-0.594372;0.660757;0.458391;0.000554;-0.594372;0.660757;0.458391;0.134892;-0.479973;0.844864;-0.194000;0.648556;0.747968;-0.122763;-0.069638;0.458073;0.692608;-0.446052;-0.333917;0.517258;-0.043407;-0.822669;0.231895;-0.352036;0.508138;0.568857;-0.542465;0.639560;0.089443;-0.757498;0.095707;0.639560;0.089443;-0.757498;0.095707;0.689265;-0.086092;-0.127264;0.708030;-0.456358;0.482470;-0.523970;0.533306;0.519693;-0.412957;0.580334;-0.471803;0.428034;-0.516856;0.551285;-0.495713;0.657289;0.021618;0.751658;-0.050142;0.262380;0.591283;0.635299;0.421824;0.229861;0.637611;0.588804;0.440371;0.320199;0.546384;0.634131;0.443639;-0.084744;0.837644;0.065963;0.535556;0.538001;-0.478427;0.625252;-0.301201;0.538001;-0.478427;0.625252;-0.301201;0.593405;0.103821;0.780419;0.167443;0.301201;0.625253;0.478427;0.538001;0.593405;0.103821;0.780419;0.167443;0.538001;-0.478427;0.625252;-0.301201
38200211;1;0.518082;-0.466768;0.643897;-0.314828;0.490479;-0.518066;0.603393;-0.356307;0.447197;-0.548305;0.575846;-0.409607;0.478605;-0.500360;0.617962;-0.372425;0.734619;-0.612625;0.139964;0.255802;0.658180;-0.305583;-0.140692;0.673516;-0.288816;-0.266972;0.204697;0.896332;-0.172612;-0.315965;0.831653;0.422758;-0.035353;0.655432;-0.601572;-0.455269;-0.035353;0.655432;-0.601572;-0.455269;0.216722;-0.448687;0.839438;-0.216923;0.666691;0.730812;-0.131896;-0.063559;0.451291;0.699845;-0.460818;-0.306921;-0.488805;0.058359;0.835901;-0.242762;-0.354545;0.519240;0.552368;-0.547337;0.648955;0.107814;-0.750397;0.064327;0.648955;0.107814;-0.750397;0.064327;0.642294;-0.061730;-0.115243;0.755226;0.472681;-0.467074;0.537390;-0.519255;0.511960;-0.423552;0.572317;-0.480577;0.418607;-0.525803;0.546744;-0.499370;0.653196;0.012018;0.754765;-0.059325;0.251578;0.600467;0.626549;0.428469;0.228563;0.632919;0.593765;0.441152;0.325596;0.534290;0.641001;0.444565;-0.081485;0.833922;0.079338;0.540036;0.557722;-0.476727;0.609453;-0.300407;0.557722;-0.476727;0.609453;-0.300407;0.606789;0.093851;0.768045;0.181950;0.300407;0.609453;0.476727;0.557722;0.606789;0.093851;0.768045;0.181950;0.557722;-0.476727;0.609453;-0.300407
38233555;1;0.514348;-0.471761;0.637278;-0.326747;0.485972;-0.522187;0.596659;-0.367627;0.448576;-0.549031;0.556047;-0.433770;0.481916;-0.502672;0.598284;-0.396401;0.721529;-0.632845;0.133887;0.246936;0.627676;-0.338859;-0.157432;0.682944;-0.273285;-0.306814;0.213249;0.886400;-0.193343;-0.426896;0.808485;0.355993;-0.115102;-0.585662;0.702059;0.388412;-0.115102;-0.585662;0.702059;0.388412;0.084980;-0.509074;0.820403;-0.246090;0.679741;0.716774;-0.142583;-0.062105;0.446982;0.702439;-0.480102;-0.276205;-0.454244;0.092453;0.845796;-0.264091;0.377266;-0.534482;-0.518502;0.550595;0.665204;0.065082;-0.741809;0.054664;0.665204;0.065082;-0.741809;0.054664;0.665285;-0.092103;-0.082122;0.736321;0.482879;-0.456101;0.549602;-0.506693;0.505664;-0.430425;0.569927;-0.483964;-0.404926;0.538848;-0.534243;0.510160;0.651098;-0.006144;0.755101;-0.076520;0.256061;0.602399;0.611562;0.444455;0.237662;0.627064;0.586266;0.454533;0.331649;0.528386;0.640006;0.448564;-0.079983;0.829071;0.082781;0.547166;0.582083;-0.461032;0.612049;-0.272076;0.582083;-0.461032;0.612049;-0.272076;0.603982;0.106785;0.758783;0.219208;0.272076;0.612049;0.461032;0.582083;0.603982;0.106785;0.758783;0.219208;0.582083;-0.461032;0.612049;-0.272076
38266877;1;0.512509;-0.473258;0.635917;-0.330107;0.484272;-0.522914;0.595756;-0.370293;0.446752;-0.552245;0.555561;-0.432191;0.479972;-0.505915;0.598058;-0.394972;0.722546;-0.635417;0.121369;0.243807;0.623676;-0.344796;-0.146957;0.685965;-0.277085;-0.300970;0.223377;0.884728;-0.166192;-0.381030;0.829264;0.373520;0.022016;0.651779;-0.638786;-0.408230;0.022016;0.651779;-0.638786;-0.408230;0.094587;-0.531442;0.802843;-0.253110;0.678963;0.721394;-0.117846;-0.068650;0.454873;0.695718;-0.491132;-0.260492;-0.446589;0.097749;0.845978;-0.274453;0.400872;-0.519765;-0.522319;0.544361;0.673560;0.049675;-0.735191;0.057825;0.673560;0.049675;-0.735191;0.057825;0.663018;-0.154753;-0.060729;0.729911;0.479480;-0.459371;0.554162;-0.501978;0.502773;-0.432617;0.575285;-0.478652;0.411295;-0.532281;0.543770;-0.501824;0.649753;0.005288;0.757240;-0.066182;0.250537;0.604241;0.615259;0.439978;0.232174;0.629257;0.589669;0.449912;0.324488;0.536257;0.634441;0.452351;-0.087790;0.830726;0.073333;0.544803;0.584548;-0.472355;0.591726;-0.291625;0.584548;-0.472355;0.591726;-0.291625;0.619548;0.084408;0.752419;0.207128;0.291625;0.591726;0.472355;0.584548;0.619548;0.084408;0.752419;0.207128;0.584548;-0.472355;0.591726;-0.291625
38300222;1;0.522229;-0.468538;0.623874;-0.344282;0.492758;-0.517332;0.584050;-0.385283;-0.436332;0.556248;-0.549903;0.444758;0.470594;-0.510358;0.592739;-0.408335;0.711933;-0.647356;0.108867;0.249457;0.621493;-0.346849;-0.145060;0.687313;-0.275931;-0.301243;0.224943;0.884599;-0.218591;-0.391733;0.831322;0.328125;0.083567;0.668430;-0.630677;-0.385311;0.083567;0.668430;-0.630677;-0.385311;0.131946;-0.518777;0.798491;-0.275451;0.689385;0.710650;-0.112141;-0.084558;0.473036;0.676507;-0.506405;-0.249257;-0.447326;0.114966;0.837192;-0.292901;0.393601;-0.533883;-0.497904;0.558694;0.681897;0.051106;-0.728236;0.045576;0.681897;0.051106;-0.728236;0.045576;0.648875;-0.256375;-0.002273;0.716400;0.482532;-0.457357;0.547022;-0.508679;0.510373;-0.425948;0.571813;-0.480747;-0.409846;0.535389;-0.533251;0.510909;0.655099;-0.004372;0.751938;-0.073593;0.253881;0.603919;0.607120;0.449703;0.236142;0.627293;0.582959;0.459238;0.332125;0.527989;0.636664;0.453409;-0.083070;0.826458;0.080707;0.550957;0.579701;-0.463650;0.598895;-0.300501;0.579701;-0.463650;0.598895;-0.300501;0.622396;0.095632;0.751333;0.197424;0.300501;0.598895;0.463650;0.579701;0.622396;0.095632;0.751333;0.197424;0.579701;-0.463650;0.598895;-0.300501
38333544;1;0.522210;-0.468561;0.623866;-0.344293;0.492723;-0.517378;0.584019;-0.385312;-0.436270;0.556331;-0.549852;0.444778;0.470533;-0.510444;0.592695;-0.408360;0.711851;-0.647425;0.108875;0.249509;0.621432;-0.346869;-0.144996;0.687372;-0.276062;-0.301185;0.225010;0.884561;-0.218843;-0.391725;0.831347;0.327904;0.085351;0.666019;-0.633249;-0.384875;0.085351;0.666019;-0.633249;-0.384875;0.131348;-0.519065;0.798332;-0.275654;0.689458;0.710592;-0.112030;-0.084587;0.473132;0.676478;-0.506328;-0.249310;-0.447372;0.115047;0.837111;-0.293032;0.393074;-0.534232;-0.497640;0.558966;0.681770;0.050572;-0.728349;0.046259;0.681770;0.050572;-0.728349;0.046259;0.648425;-0.257864;-0.001587;0.716274;0.482507;-0.457399;0.547009;-0.508679;0.510353;-0.425985;0.571806;-0.480743;-0.409849;0.535400;-0.533306;0.510838;0.655051;-0.004342;0.751985;-0.073542;0.253916;0.603904;0.607138;0.449678;0.236185;0.627270;0.582986;0.459212;0.332060;0.528048;0.636680;0.453364;-0.083084;0.826511;0.080676;0.550879;0.579791;-0.463880;0.598674;-0.300411;0.579791;-0.463880;0.598674;-0.300411;0.622397;0.095314;0.751340;0.197552;0.300411;0.598674;0.463880;0.579791;0.622397;0.095314;0.751340;0.197552;0.579791;-0.463880;0.598674;-0.300411
38366888;1;0.514858;-0.482636;0.618864;-0.344950;0.485864;-0.530219;0.578618;-0.384715;0.430477;-0.548404;0.579453;-0.422111;0.462941;-0.500169;0.621565;-0.386230;0.738590;-0.625670;0.106977;0.227109;0.616409;-0.338042;-0.131786;0.698857;-0.271622;-0.289528;0.218663;0.891393;-0.182341;-0.382116;0.825026;0.374260;-0.001346;0.706719;-0.572040;-0.416314;-0.001346;0.706719;-0.572040;-0.416314;0.099359;-0.576795;0.769981;-0.254096;0.667570;0.735429;-0.075890;-0.087951;0.493880;0.654427;-0.506054;-0.267801;-0.485242;0.092888;0.822032;-0.283152;0.362876;-0.529874;-0.508141;0.573888;0.672676;0.047060;-0.732638;0.092381;0.672676;0.047060;-0.732638;0.092381;0.627491;-0.211367;-0.022576;0.749045;0.455152;-0.487218;0.565825;-0.485075;0.486418;-0.448572;0.596923;-0.453722;0.416191;-0.530168;0.548133;-0.495234;0.648591;0.009907;0.758853;-0.058083;0.290134;0.585163;0.589283;0.475554;0.269302;0.610232;0.563303;0.487630;0.312181;0.549521;0.631981;0.448519;-0.093895;0.838344;0.062280;0.533371;0.583845;-0.473003;0.578961;-0.316541;0.583845;-0.473003;0.578961;-0.316541;0.636669;0.074924;0.743851;0.189012;0.316541;0.578961;0.473003;0.583845;0.636669;0.074924;0.743851;0.189012;0.583845;-0.473003;0.578961;-0.316541
38400211;1;0.509776;-0.482338;0.626720;-0.338675;0.481293;-0.530550;0.586468;-0.378060;0.442393;-0.541904;0.586360;-0.408424;0.473721;-0.493137;0.627929;-0.371632;0.751693;-0.612195;0.109516;0.219503;0.627748;-0.327356;-0.137061;0.692809;-0.276661;-0.284640;0.211962;0.893035;-0.179375;-0.367887;0.825336;0.388978;-0.014181;0.699038;-0.572597;-0.428110;-0.014181;0.699038;-0.572597;-0.428110;0.119366;-0.558420;0.783850;-0.243923;0.651843;0.749880;-0.062365;-0.094293;0.484676;0.661429;-0.505205;-0.269014;-0.483166;0.083488;0.828100;-0.271718;0.384682;-0.510036;-0.530966;0.556739;0.668156;0.030684;-0.735609;0.107267;0.668156;0.030684;-0.735609;0.107267;0.623466;0.244151;-0.153731;0.726669;0.444557;-0.499167;0.564444;-0.484360;0.483776;-0.449929;0.604421;-0.445197;0.419504;-0.527031;0.554219;-0.488976;0.646542;0.016461;0.760971;-0.051345;0.294716;0.578919;0.597809;0.469702;0.266305;0.613535;0.562243;0.486353;0.316035;0.546433;0.632873;0.448336;-0.091012;0.836794;0.065071;0.535964;0.568655;-0.492074;0.594213;-0.285316;0.568655;-0.492074;0.594213;-0.285316;0.603849;0.072224;0.768121;0.200351;0.285317;0.594213;0.492074;0.568655;0.603849;0.072224;0.768121;0.200351;0.568655;-0.492074;0.594213;-0.285316
38433555;1;0.513513;-0.470378;0.636649;-0.331252;0.485621;-0.519392;0.597335;-0.370938;0.438384;-0.545580;0.585162;-0.409571;0.469817;-0.496896;0.627029;-0.373096;0.751250;-0.616260;0.095621;0.216111;0.621240;-0.327329;-0.128742;0.700244;-0.264952;-0.282563;0.209468;0.897821;-0.158566;-0.467976;0.801928;0.335807;0.057447;0.675103;-0.637438;-0.366891;0.057447;0.675103;-0.637438;-0.366891;0.104755;-0.539979;0.791486;-0.266456;0.657189;0.743052;-0.067144;-0.107090;0.485918;0.653512;-0.509358;-0.278137;-0.488848;0.099507;0.822570;-0.272956;-0.402182;0.503568;0.543498;-0.537847;0.665670;0.035991;-0.740051;0.088959;0.665670;0.035991;-0.740051;0.088959;0.631891;0.267967;-0.173531;0.706254;0.431423;-0.515168;0.558370;-0.486517;0.483187;-0.449487;0.612483;-0.435151;0.420828;-0.527055;0.554431;-0.487569;0.646491;0.016604;0.761139;-0.049414;0.302812;0.570884;0.605067;0.465070;0.265280;0.616862;0.558132;0.487438;0.316243;0.543652;0.640265;0.441014;-0.085667;0.839996;0.072248;0.530893;0.565521;-0.486967;0.596463;-0.295433;0.565521;-0.486967;0.596463;-0.295433;0.608786;0.077425;0.766101;0.190981;0.295433;0.596463;0.486967;0.565521;0.608786;0.077425;0.766101;0.190981;0.565521;-0.486967;0.596463;-0.295433
38466877;1;0.518780;-0.461825;0.641853;-0.324977;0.491356;-0.511302;0.603181;-0.365119;0.442074;-0.537092;0.593597;-0.404654;0.473101;-0.487760;0.634756;-0.367899;0.759112;-0.605453;0.091023;0.221112;0.621687;-0.318858;-0.137573;0.702074;-0.260764;-0.286770;0.195856;0.900780;-0.110692;-0.523928;0.839380;0.093206;-0.102744;-0.590470;0.793980;0.101901;-0.102744;-0.590470;0.793980;0.101901;0.183911;-0.417683;0.755916;-0.469370;0.647469;0.749753;-0.068525;-0.118148;0.483020;0.654223;-0.502721;-0.293180;0.505176;-0.077758;-0.821395;0.253101;0.378101;-0.528844;-0.525354;0.548969;0.659834;0.027258;-0.744936;0.094587;0.659834;0.027258;-0.744936;0.094587;0.645555;0.239132;-0.156306;0.708267;0.420420;-0.529537;0.543388;-0.497560;0.489470;-0.443306;0.615761;-0.429810;0.426657;-0.522693;0.556810;-0.484478;0.648439;0.021411;0.759742;-0.043140;0.323644;0.554139;0.608199;0.467202;0.272826;0.615043;0.546544;0.498576;0.313527;0.544219;0.644830;0.435569;-0.083744;0.843580;0.075077;0.525094;0.544880;-0.485230;0.623331;-0.281275;0.544880;-0.485230;0.623331;-0.281275;0.584180;0.097652;0.783871;0.186397;0.281276;0.623331;0.485230;0.544880;0.584180;0.097652;0.783871;0.186397;0.544880;-0.485230;0.623331;-0.281275
38500222;1;0.528208;-0.451814;0.646760;-0.313945;0.501429;-0.502056;0.608584;-0.355154;0.440404;-0.532695;0.602022;-0.399812;0.471047;-0.482701;0.642802;-0.363207;0.765374;-0.598861;0.096877;0.214902;0.628343;-0.311181;-0.131897;0.700681;-0.253629;-0.278377;0.191668;0.906334;-0.125627;-0.530769;0.835505;0.066590;-0.125208;-0.535982;0.832170;0.067374;-0.125208;-0.535982;0.832170;0.067374;0.214237;-0.432941;0.732578;-0.479577;0.639989;0.756522;-0.059177;-0.120773;0.480136;0.654807;-0.500643;-0.300090;0.511764;-0.068064;-0.821452;0.242243;-0.369380;0.553673;0.542128;-0.512934;0.627568;0.024033;-0.774519;0.075503;0.627568;0.024033;-0.774519;0.075503;0.668024;0.198216;-0.188445;0.692057;-0.415248;0.531553;-0.513918;0.530009;0.508761;-0.423787;0.605864;-0.441017;0.444811;-0.502041;0.570833;-0.473548;0.653588;0.046060;0.755106;-0.022731;0.332813;0.542802;0.624681;0.452078;0.266351;0.624931;0.542520;0.494156;0.296964;0.562154;0.640504;0.430756;-0.092207;0.853177;0.059424;0.509956;0.542779;-0.478231;0.626347;-0.290475;0.542779;-0.478231;0.626347;-0.290475;0.589200;0.104734;0.781054;0.178406;0.290475;0.626347;0.478231;0.542779;0.589200;0.104734;0.781054;0.178406;0.542779;-0.478231;0.626347;-0.290475
38533555;1;0.530013;-0.449164;0.650922;-0.306004;0.508683;-0.491106;0.619889;-0.340285;0.442898;-0.523863;0.611569;-0.394198;0.473084;-0.473132;0.651609;-0.357411;0.775248;-0.590541;0.114917;0.192475;0.634449;-0.303060;-0.134231;0.698292;-0.234617;-0.278714;0.179392;0.913833;-0.264755;-0.485842;0.783608;0.282527;-0.258496;-0.502908;0.772766;0.288264;-0.258496;-0.502908;0.772766;0.288264;0.079821;-0.564811;0.770555;-0.284363;0.626570;0.770949;-0.046677;-0.104256;0.468356;0.663856;-0.491737;-0.313260;0.519469;-0.044621;-0.824936;0.218270;-0.352103;0.518535;0.561158;-0.540599;0.631212;0.030002;-0.763463;0.133400;0.631212;0.030002;-0.763463;0.133400;0.716641;-0.112654;-0.124409;0.676947;-0.404914;0.541502;-0.497380;0.543538;0.513698;-0.420082;0.603450;-0.442146;0.440006;-0.509668;0.565498;-0.476283;0.652116;0.036859;0.756705;-0.028005;0.315270;0.537208;0.664496;0.412864;0.234083;0.650255;0.554362;0.463742;0.291135;0.566374;0.646521;0.420085;-0.088823;0.860343;0.060704;0.498233;0.530381;-0.493753;0.624034;-0.292380;0.530381;-0.493753;0.624034;-0.292380;0.581780;0.092123;0.790394;0.168292;0.292380;0.624034;0.493753;0.530381;0.581780;0.092123;0.790394;0.168292;0.530381;-0.493753;0.624034;-0.292380
38566888;1;0.526929;-0.437214;0.666713;-0.294420;0.502728;-0.487189;0.631117;-0.334069;0.460352;-0.504724;0.627919;-0.372890;0.488773;-0.452744;0.666372;-0.334772;0.799629;-0.565758;0.128899;0.154585;0.639958;-0.303305;-0.137109;0.692576;-0.227045;-0.281208;0.178086;0.915237;-0.241176;-0.478580;0.763250;0.360895;-0.274865;-0.402721;0.805856;0.335947;-0.274865;-0.402721;0.805856;0.335947;0.028874;-0.575240;0.787015;-0.221071;0.596716;0.793915;-0.043405;-0.108375;0.450194;0.679961;-0.494758;-0.300323;-0.497030;0.044744;0.839720;-0.214079;-0.333840;0.531731;0.573099;-0.526660;0.595070;-0.035607;-0.780969;0.186312;0.595070;-0.035607;-0.780969;0.186312;0.643009;-0.160926;-0.128823;0.737596;-0.380289;0.563903;-0.477554;0.556180;0.521973;-0.406019;0.617420;-0.426010;0.449697;-0.499030;0.575771;-0.466080;0.651798;0.051727;0.756497;-0.014021;0.315599;0.515493;0.700171;0.380033;0.208825;0.676452;0.546239;0.447692;0.286358;0.576064;0.644759;0.412838;-0.087159;0.865931;0.052619;0.489691;0.511243;-0.517307;0.585918;-0.357385;0.511243;-0.517307;0.585918;-0.357385;0.614213;0.048515;0.780098;0.108794;0.357385;0.585918;0.517307;0.511243;0.614213;0.048515;0.780098;0.108794;0.511243;-0.517307;0.585918;-0.357385
38600222;1;0.528998;-0.432726;0.675457;-0.276889;0.512520;-0.470175;0.649945;-0.306317;0.448732;-0.516349;0.620398;-0.383575;0.478047;-0.464934;0.659807;-0.346354;0.789049;-0.585070;0.130220;0.134673;0.641432;-0.313777;-0.137814;0.686379;-0.203854;-0.291005;0.181010;0.917058;-0.294896;-0.424444;0.801821;0.299945;-0.320895;-0.349941;0.837025;0.271951;-0.320895;-0.349941;0.837025;0.271951;0.053025;-0.591662;0.756025;-0.274866;0.606456;0.789979;-0.008264;-0.089871;0.454105;0.667899;-0.509677;-0.296527;0.503670;-0.033140;-0.839501;0.201137;-0.349735;0.516292;0.586575;-0.516777;0.608099;0.021769;-0.781123;0.139959;0.608099;0.021769;-0.781123;0.139959;0.653756;-0.062234;-0.160723;0.736816;-0.369519;0.567531;-0.458913;0.575120;0.533498;-0.391815;0.615785;-0.427399;0.453948;-0.494797;0.583508;-0.456755;0.648256;0.060236;0.759023;-0.004458;0.339883;0.496337;0.705625;0.374464;0.217883;0.678382;0.532953;0.456383;0.269504;0.588459;0.647831;0.401744;-0.091351;0.876779;0.046094;0.469881;0.521734;-0.492084;0.631609;-0.294476;0.521734;-0.492084;0.631609;-0.294476;0.577148;0.098659;0.794571;0.160696;0.294476;0.631609;0.492084;0.521734;0.577148;0.098659;0.794571;0.160696;0.521734;-0.492084;0.631609;-0.294476
38633522;1;0.525622;-0.434417;0.676704;-0.277625;0.511778;-0.466207;0.655208;-0.302386;0.468966;-0.501346;0.632622;-0.358486;0.496204;-0.449000;0.670789;-0.319724;0.802628;-0.548607;0.141416;0.186601;0.664987;-0.302401;-0.152703;0.665603;-0.209217;-0.290293;0.174627;0.917314;-0.267975;-0.449054;0.785387;0.331220;-0.267381;-0.450461;0.784581;0.331700;-0.267381;-0.450461;0.784581;0.331700;0.051658;-0.582938;0.772023;-0.247983;0.575947;0.814053;-0.004710;-0.074702;0.453417;0.659778;-0.516106;-0.304533;0.509838;-0.043018;-0.836554;0.195941;-0.378636;0.490910;0.614830;-0.487468;0.603635;0.020626;-0.786501;0.128904;0.603635;0.020626;-0.786501;0.128904;0.688908;-0.155032;-0.174514;0.686233;-0.352794;0.572298;-0.430104;0.602513;0.548899;-0.375146;0.609757;-0.431477;0.431062;-0.524137;0.543329;-0.494226;0.658386;0.010864;0.751139;-0.046891;0.341083;0.463989;0.745060;0.336546;0.187571;0.712489;0.512575;0.440957;0.286681;0.574830;0.661224;0.387515;-0.069023;0.876547;0.065070;0.471876;0.505653;-0.499108;0.630815;-0.311894;0.505653;-0.499108;0.630815;-0.311894;0.578093;0.093131;0.798977;0.137008;0.311894;0.630815;0.499108;0.505653;0.578093;0.093131;0.798977;0.137008;0.505653;-0.499108;0.630815;-0.311894
38666888;1;0.526065;-0.434931;0.679140;-0.269924;0.511799;-0.468593;0.656367;-0.296083;0.476235;-0.487603;0.645612;-0.344424;0.502322;-0.434259;0.682635;-0.305124;0.814511;-0.528681;0.163612;0.174066;0.668011;-0.306246;-0.159178;0.659270;-0.218969;-0.294582;0.179849;0.912649;-0.186312;-0.402731;0.806118;0.391496;-0.101236;-0.560877;0.705291;0.421583;-0.101236;-0.560877;0.705291;0.421583;0.042400;-0.564399;0.794214;-0.221091;0.556040;0.828435;-0.016726;-0.065074;0.439980;0.672624;-0.518096;-0.292527;-0.492943;0.034356;0.848331;-0.190161;-0.410566;0.506664;0.583497;-0.484003;0.626949;-0.003095;-0.772766;0.098782;0.626949;-0.003095;-0.772766;0.098782;0.697986;-0.136067;-0.150197;0.686835;-0.335941;0.576004;-0.400752;0.628300;0.567741;-0.355918;0.604759;-0.430418;0.445140;-0.514152;0.544209;-0.491258;0.666245;0.018635;0.744683;-0.034907;0.360170;0.440784;0.753422;0.329154;0.186825;0.718566;0.495545;0.450770;0.278524;0.578784;0.662135;0.386020;-0.073774;0.879955;0.062960;0.465051;0.516660;-0.508038;0.609361;-0.321930;0.516660;-0.508038;0.609361;-0.321930;0.592973;0.071646;0.790120;0.137695;0.321930;0.609361;0.508038;0.516660;0.592973;0.071646;0.790120;0.137695;0.516660;-0.508038;0.609361;-0.321930
38700222;1;0.523701;-0.438037;0.680218;-0.266767;0.510964;-0.468662;0.659491;-0.290419;0.488048;-0.481068;0.647300;-0.333745;0.513240;-0.427610;0.683794;-0.293532;0.820134;-0.514979;0.171193;0.181300;0.681579;-0.297951;-0.157080;0.649616;-0.241678;-0.281033;0.185660;0.910023;-0.247161;-0.171311;0.872658;0.384750;-0.054779;0.688216;-0.563239;-0.454005;-0.054779;0.688216;-0.563239;-0.454005;0.113917;-0.593068;0.734135;-0.310385;0.541153;0.839152;-0.010976;-0.053454;0.451395;0.661139;-0.540831;-0.258147;-0.478125;0.032780;0.853539;-0.204435;-0.373741;0.514083;0.556931;-0.534662;0.641547;0.025128;-0.757510;0.118170;0.641547;0.025128;-0.757510;0.118170;0.697806;-0.150714;-0.109034;0.691711;-0.320636;0.579462;-0.381371;0.644959;0.578227;-0.343598;0.602654;-0.429421;0.437362;-0.524662;0.529081;-0.503505;0.669341;0.000437;0.741340;-0.048974;0.375540;0.415498;0.766638;0.314003;0.181691;0.729511;0.477647;0.454594;0.278944;0.579097;0.663522;0.382853;-0.071242;0.881143;0.063710;0.463090;0.461072;-0.541639;0.629531;-0.312618;0.461072;-0.541639;0.629531;-0.312618;0.547082;0.062149;0.828142;0.104973;0.312618;0.629531;0.541639;0.461072;0.547082;0.062149;0.828142;0.104973;0.461072;-0.541639;0.629531;-0.312618
38733555;1;0.536171;-0.427040;0.669061;-0.287256;0.523887;-0.454228;0.650909;-0.309091;0.494948;-0.457254;0.657782;-0.336554;0.520343;-0.403032;0.692332;-0.295779;0.831841;-0.497178;0.165687;0.182766;0.696410;-0.294980;-0.153715;0.635902;-0.195206;-0.282015;0.176376;0.922634;-0.297225;-0.191321;0.876463;0.326904;0.028737;0.695818;-0.566241;-0.440889;0.028737;0.695818;-0.566241;-0.440889;0.284272;-0.494734;0.765034;-0.298582;0.525915;0.847710;-0.024982;-0.064633;0.447750;0.649261;-0.552022;-0.270651;-0.484127;0.056565;0.850334;-0.198376;-0.361425;0.537635;0.560556;-0.515847;0.622416;0.031987;-0.776048;0.096562;0.622416;0.031987;-0.776048;0.096562;0.699940;0.235569;-0.174270;0.651323;-0.300668;0.591058;-0.372809;0.649047;0.577884;-0.335901;0.612814;-0.421521;0.433044;-0.526217;0.532522;-0.501985;0.665226;0.001749;0.744899;-0.050948;0.382344;0.398901;0.773360;0.310815;0.173563;0.734433;0.466661;0.461206;0.301623;0.573923;0.649678;0.396932;-0.065091;0.867873;0.057489;0.489136;0.515996;-0.513564;0.615184;-0.302570;0.515996;-0.513564;0.615184;-0.302570;0.578813;0.071856;0.798146;0.150915;0.302570;0.615184;0.513564;0.515996;0.578813;0.071856;0.798146;0.150915;0.515996;-0.513564;0.615184;-0.302570
38766866;1;0.540411;-0.424170;0.672316;-0.275731;0.531201;-0.445712;0.658232;-0.293081;0.488351;-0.463831;0.657951;-0.336861;0.513792;-0.409574;0.693028;-0.296614;0.824934;-0.499690;0.180751;0.192672;0.697504;-0.307763;-0.165477;0.625610;-0.225171;-0.290540;0.194131;0.909504;-0.213312;-0.098380;0.878248;0.416533;-0.149957;0.698279;-0.541668;-0.443299;-0.149957;0.698279;-0.541668;-0.443299;0.248301;-0.516599;0.739013;-0.354022;0.533036;0.843317;-0.053543;-0.042686;0.438727;0.654156;-0.547162;-0.283217;-0.488854;0.049702;0.851373;-0.183618;-0.359203;0.535777;0.579009;-0.498663;0.603695;0.009110;-0.788813;0.115082;0.603695;0.009110;-0.788813;0.115082;0.718625;0.191283;-0.189874;0.641044;-0.277789;0.596426;-0.349223;0.667198;0.585503;-0.326061;0.609428;-0.423638;0.436849;-0.527885;0.542527;-0.485968;0.656683;0.007696;0.753222;-0.036936;0.386530;0.383021;0.787521;0.289311;0.168600;0.748245;0.454946;0.452468;0.282821;0.588238;0.653833;0.382741;-0.068488;0.880826;0.050377;0.465744;0.516835;-0.503114;0.607404;-0.332896;0.516835;-0.503114;0.607404;-0.332896;0.600850;0.073744;0.785254;0.130065;0.332896;0.607404;0.503114;0.516835;0.600850;0.073744;0.785254;0.130065;0.516835;-0.503114;0.607404;-0.332896
38800222;1;0.531039;-0.428977;0.683036;-0.259688;0.521370;-0.453232;0.667189;-0.278593;0.512595;-0.449684;0.660830;-0.313583;0.536092;-0.395242;0.694763;-0.271466;0.849231;-0.483487;0.160067;0.139375;0.673025;-0.318482;-0.155859;0.649087;-0.192315;-0.301252;0.187004;0.915037;-0.310123;-0.117689;0.899413;0.284657;-0.002530;0.745307;-0.517022;-0.420951;-0.002530;0.745307;-0.517022;-0.420951;-0.329857;-0.640334;0.656634;-0.223604;0.502299;0.863104;-0.023913;-0.046641;0.435109;0.665096;-0.547055;-0.262790;-0.472360;0.033750;0.860513;-0.187761;-0.372770;0.520634;0.572007;-0.512631;0.615933;-0.026752;-0.773004;0.149584;0.615933;-0.026752;-0.773004;0.149584;0.702310;0.241822;-0.175724;0.646068;-0.264952;0.599148;-0.339708;0.674849;0.590791;-0.316011;0.612010;-0.420175;-0.428767;0.537264;-0.533159;0.493203;0.656049;-0.005622;0.753189;-0.047690;0.390765;0.364989;0.800139;0.271777;0.168243;0.753961;0.452693;0.445316;0.282679;0.589480;0.657995;0.373695;-0.062207;0.884600;0.052420;0.459200;0.478653;-0.545542;0.620620;-0.296826;0.478653;-0.545542;0.620620;-0.296826;0.548346;0.053088;0.824602;0.128571;0.296826;0.620620;0.545542;0.478653;0.548346;0.053088;0.824602;0.128571;0.478653;-0.545542;0.620620;-0.296826
38833544;1;0.515366;-0.444530;0.685983;-0.257328;0.511492;-0.454657;0.679314;-0.264944;0.515031;-0.435553;0.677263;-0.293857;0.536938;-0.379838;0.710010;-0.251609;0.861668;-0.456660;0.153592;0.159372;0.693310;-0.310579;-0.188404;0.622388;-0.174230;-0.321856;0.168417;0.915253;-0.246669;-0.133001;0.888935;0.362297;-0.072513;0.710995;-0.549892;-0.432257;-0.072513;0.710995;-0.549892;-0.432257;0.048529;-0.661810;0.662496;-0.347493;0.480231;0.874336;-0.022227;-0.066493;0.429341;0.668262;-0.543078;-0.272320;-0.475095;0.035249;0.860387;-0.181044;-0.356691;0.528915;0.589036;-0.496041;0.586082;-0.055926;-0.789675;0.172608;0.586082;-0.055926;-0.789675;0.172608;0.690113;0.211368;-0.200111;0.662588;-0.257416;0.601703;-0.332735;0.678954;0.602102;-0.299334;0.619030;-0.405801;-0.431325;0.537750;-0.525311;0.498831;0.661801;-0.011509;0.747932;-0.049846;0.379776;0.353778;0.813603;0.262034;0.152437;0.765352;0.448657;0.435554;0.272666;0.591947;0.664130;0.366310;-0.064100;0.890600;0.055049;0.446869;0.493912;-0.535143;0.598462;-0.333941;0.493912;-0.535143;0.598462;-0.333941;0.585381;0.044773;0.801579;0.113117;0.333941;0.598462;0.535143;0.493912;0.585381;0.044773;0.801579;0.113117;0.493912;-0.535143;0.598462;-0.333941
38866888;1;0.508970;-0.444850;0.685309;-0.270943;0.511846;-0.437473;0.690041;-0.265468;0.521954;-0.427282;0.673879;-0.301464;0.544448;-0.371866;0.705974;-0.258636;0.864519;-0.455845;0.143582;0.155550;0.678052;-0.320801;-0.162858;0.640944;-0.210964;-0.302534;0.194703;0.908877;-0.306221;-0.177351;0.894608;0.272860;0.069544;0.696064;-0.589297;-0.404213;0.069544;0.696064;-0.589297;-0.404213;-0.375293;-0.602643;0.670065;-0.216771;0.479712;0.874140;-0.031758;-0.068900;0.440865;0.653284;-0.557012;-0.261907;-0.476214;0.044001;0.857383;-0.190205;-0.374924;0.527083;0.558277;-0.519559;0.636901;0.061319;-0.765330;0.069757;0.636901;0.061319;-0.765330;0.069757;0.662423;0.270654;-0.182450;0.674281;-0.245537;0.608051;-0.321224;0.683228;0.607443;-0.292062;0.622618;-0.397567;-0.424044;0.550585;-0.514914;0.501903;0.658812;-0.027984;0.749618;-0.057064;0.391272;0.323659;0.821276;0.260110;0.142347;0.766553;0.437708;0.447823;0.296599;0.589833;0.643216;0.387815;-0.062330;0.874559;0.041680;0.479087;0.494845;-0.533023;0.610893;-0.312771;0.494845;-0.533023;0.610893;-0.312771;0.571071;0.055062;0.808870;0.128746;0.312771;0.610893;0.533023;0.494845;0.571071;0.055062;0.808870;0.128746;0.494845;-0.533023;0.610893;-0.312771
38900211;1;0.504780;-0.431324;0.695305;-0.275149;0.508938;-0.420617;0.701834;-0.267381;0.516696;-0.426008;0.673359;-0.313257;0.540153;-0.370638;0.705353;-0.270813;0.860056;-0.461127;0.143973;0.164125;0.711608;-0.300499;-0.169538;0.612023;-0.119352;-0.306935;0.157587;0.930974;-0.198561;-0.261590;0.855856;0.399568;-0.064101;0.702136;-0.554909;-0.441556;-0.064101;0.702136;-0.554909;-0.441556;0.223603;-0.605089;0.698682;-0.309375;0.487833;0.868544;-0.036355;-0.079555;0.447018;0.638500;-0.566572;-0.267373;-0.484607;0.059204;0.851576;-0.190970;-0.383135;0.536488;0.554222;-0.508160;0.631736;0.026488;-0.770896;0.076992;0.631736;0.026488;-0.770896;0.076992;0.663079;0.230796;-0.195972;0.684584;-0.246984;0.606713;-0.314095;0.687199;0.614169;-0.290348;0.618463;-0.394965;-0.431829;0.547458;-0.511524;0.502151;0.664483;-0.028124;0.744978;-0.051753;0.352130;0.320015;0.844472;0.245890;0.117000;0.782344;0.451029;0.413306;0.283789;0.593658;0.657999;0.366156;-0.056127;0.887543;0.049445;0.454612;0.483721;-0.552140;0.597616;-0.322508;0.483721;-0.552140;0.597616;-0.322508;0.570090;0.032156;0.813000;0.113995;0.322508;0.597616;0.552140;0.483721;0.570090;0.032156;0.813000;0.113995;0.483721;-0.552140;0.597616;-0.322508
38933555;1;0.514704;-0.436272;0.685908;-0.272539;0.520732;-0.420659;0.695592;-0.260837;0.513463;-0.419178;0.683042;-0.306757;0.536409;-0.363052;0.714457;-0.264592;0.865210;-0.450283;0.131458;0.177132;0.694412;-0.317191;-0.187439;0.618101;-0.137849;-0.330369;0.163095;0.919377;-0.282862;-0.223205;0.887191;0.288201;0.063139;0.696588;-0.593038;-0.398854;0.063139;0.696588;-0.593038;-0.398854;0.115447;-0.634780;0.672033;-0.363452;0.480160;0.870833;-0.037656;-0.098378;0.460617;0.638577;-0.563042;-0.251066;-0.482661;0.045469;0.850135;-0.205526;-0.370013;0.525034;0.548903;-0.534916;0.629887;-0.037554;-0.758647;0.162133;0.629887;-0.037554;-0.758647;0.162133;0.674734;0.126369;-0.154608;0.710536;-0.228813;0.610103;-0.296328;0.698290;0.621206;-0.281558;0.617094;-0.392456;-0.443147;0.537232;-0.516765;0.497953;0.669533;-0.017114;0.741460;-0.040860;0.358832;0.308925;0.848230;0.237299;0.117102;0.787644;0.441010;0.414023;0.277104;0.600579;0.656221;0.363171;-0.058807;0.891164;0.043324;0.447763;0.523598;-0.516383;0.598260;-0.318242;0.523598;-0.516383;0.598260;-0.318242;0.595271;0.057896;0.788172;0.145209;0.318242;0.598260;0.516383;0.523598;0.595271;0.057896;0.788172;0.145209;0.523598;-0.516383;0.598260;-0.318242
38966888;1;0.514221;-0.432579;0.682276;-0.288014;0.521569;-0.414609;0.693343;-0.274483;0.522925;-0.416252;0.679825;-0.301863;0.545448;-0.360394;0.711017;-0.258956;0.865021;-0.442807;0.125816;0.199575;0.693209;-0.329634;-0.188434;0.612613;-0.158239;-0.333280;0.181908;0.911479;-0.179402;-0.250398;0.872697;0.378835;0.020830;-0.632944;0.650908;0.418649;0.020830;-0.632944;0.650908;0.418649;0.208983;-0.503690;0.780277;-0.306253;0.472600;0.876976;-0.038996;-0.077731;0.439903;0.657909;-0.547554;-0.271710;-0.483933;0.031205;0.855386;-0.182072;-0.422423;0.499979;0.572323;-0.493989;0.646503;0.031826;-0.759289;0.067094;0.646503;0.031826;-0.759289;0.067094;0.668948;0.218482;-0.204949;0.680273;-0.216370;0.611314;-0.291929;0.703034;0.627325;-0.265365;0.623341;-0.384045;-0.432100;0.550462;-0.506546;0.503679;0.665744;-0.033769;0.743556;-0.052613;0.364278;0.294395;0.849650;0.242339;0.103861;0.792147;0.425463;0.425085;0.301973;0.585749;0.653916;0.371623;-0.047051;0.879151;0.052063;0.471348;0.478279;-0.534184;0.633477;-0.290867;0.478279;-0.534184;0.633477;-0.290867;0.543868;0.070211;0.825661;0.132520;0.290867;0.633477;0.534184;0.478279;0.543868;0.070211;0.825661;0.132520;0.478279;-0.534184;0.633477;-0.290867
39000222;1;0.513653;-0.433204;0.683063;-0.286216;0.524322;-0.406504;0.699282;-0.266168;0.518478;-0.422250;0.675494;-0.310795;0.541732;-0.366720;0.707180;-0.268216;0.858896;-0.453226;0.120923;0.205576;0.691194;-0.335186;-0.190747;0.611160;-0.161655;-0.337423;0.186761;0.908369;-0.169305;-0.334905;0.852189;0.364621;-0.038689;-0.598765;0.692725;0.400144;-0.038689;-0.598765;0.692725;0.400144;0.179194;-0.486362;0.809425;-0.275995;0.485817;0.868086;-0.046604;-0.090755;0.448534;0.649453;-0.554237;-0.264292;-0.484465;0.036656;0.853009;-0.190595;-0.408180;0.497683;0.560461;-0.521137;0.652988;0.011509;-0.749448;0.108637;0.652988;0.011509;-0.749448;0.108637;0.656493;0.235819;-0.180499;0.693417;-0.207578;0.609598;-0.287607;0.708932;0.632215;-0.254796;0.624062;-0.382007;-0.429806;0.553832;-0.503167;0.505332;0.665282;-0.038557;0.743537;-0.055376;0.361927;0.282345;0.856283;0.236791;0.095331;0.798533;0.418598;0.421939;0.310283;0.589484;0.646423;0.371982;-0.041451;0.876562;0.044080;0.477470;0.518662;-0.499318;0.639999;-0.268463;0.518662;-0.499318;0.639999;-0.268463;0.556581;0.099477;0.805619;0.176917;0.268463;0.639999;0.499318;0.518662;0.556581;0.099477;0.805619;0.176917;0.518662;-0.499318;0.639999;-0.268463
39033533;1;0.511454;-0.437912;0.688336;-0.269892;0.516135;-0.425702;0.695953;-0.260829;0.513530;-0.415799;0.685335;-0.306126;0.536425;-0.359501;0.716473;-0.263959;0.867640;-0.446839;0.105896;0.190582;0.685382;-0.327749;-0.192042;0.621251;-0.153056;-0.338567;0.172255;0.912291;-0.120856;-0.416029;0.845376;0.312495;-0.045397;-0.600066;0.726403;0.331961;-0.045397;-0.600066;0.726403;0.331961;0.154047;-0.509767;0.785461;-0.315369;0.475911;0.872371;-0.026826;-0.108433;0.464620;0.630403;-0.561397;-0.267494;-0.495314;0.060583;0.841965;-0.205157;-0.395218;0.514732;0.551568;-0.524048;0.641080;-0.032058;-0.753756;0.140853;0.641080;-0.032058;-0.753756;0.140853;0.689163;0.183871;-0.165490;0.681072;-0.194529;0.601169;-0.273695;0.725152;0.651358;-0.229851;0.619298;-0.373325;-0.461604;0.525709;-0.516461;0.493782;0.679639;-0.009063;0.733067;-0.024937;0.353625;0.273588;0.863301;0.234117;0.082089;0.806391;0.412085;0.416151;0.293222;0.602326;0.642815;0.371501;-0.053293;0.883065;0.032543;0.465077;0.501719;-0.504551;0.628579;-0.313998;0.501719;-0.504551;0.628579;-0.313998;0.576799;0.087702;0.801244;0.132739;0.313998;0.628579;0.504551;0.501719;0.576799;0.087702;0.801244;0.132739;0.501719;-0.504551;0.628579;-0.313998
39066888;1;0.516253;-0.410121;0.695993;-0.284389;0.516087;-0.410529;0.695752;-0.284692;0.517580;-0.407450;0.685563;-0.309998;0.540773;-0.351160;0.716030;-0.267493;0.869308;-0.443770;0.132087;0.172987;0.686439;-0.332426;-0.184770;0.619802;-0.147788;-0.335654;0.178840;0.912969;-0.162421;-0.373607;0.835973;0.367675;-0.051188;-0.595859;0.695259;0.398680;-0.051188;-0.595859;0.695259;0.398680;0.181685;-0.474583;0.822434;-0.255665;0.465784;0.880449;-0.001552;-0.088608;0.464682;0.626454;-0.568559;-0.261470;-0.493997;0.054572;0.844231;-0.200655;-0.379530;0.526893;0.543221;-0.532213;0.615172;-0.123379;-0.746648;0.221036;0.615172;-0.123379;-0.746648;0.221036;0.700104;0.135264;-0.151230;0.684608;-0.181329;0.613940;-0.261721;0.722287;0.646960;-0.235821;0.624387;-0.368744;-0.462590;0.520206;-0.518839;0.496188;0.682022;-0.003489;0.730862;-0.025981;0.343437;0.253192;0.875555;0.226602;0.067202;0.814405;0.409131;0.406005;0.277794;0.604225;0.652441;0.363404;-0.058513;0.891095;0.038071;0.448415;0.466300;-0.535541;0.634599;-0.305030;0.466300;-0.535541;0.634599;-0.305030;0.545413;0.070045;0.827414;0.114035;0.305030;0.634599;0.535541;0.466300;0.545413;0.070045;0.827414;0.114035;0.466300;-0.535541;0.634599;-0.305030
39100222;1;0.522168;-0.408619;0.688839;-0.293039;0.524828;-0.402296;0.692551;-0.288246;0.516965;-0.405812;0.685243;-0.313856;0.540469;-0.349553;0.715579;-0.271388;0.866977;-0.443990;0.121390;0.191021;0.697905;-0.328635;-0.176286;0.611433;-0.136184;-0.326146;0.180849;0.917811;-0.200810;-0.274507;0.868977;0.359445;0.003315;0.658409;-0.630057;-0.411721;0.003315;0.658409;-0.630057;-0.411721;0.270974;-0.479924;0.780899;-0.294012;0.473549;0.873071;-0.037836;-0.109845;0.468108;0.634117;-0.557695;-0.260283;-0.493065;0.050024;0.842986;-0.209187;-0.367170;0.522221;0.561727;-0.526245;0.621736;-0.028610;-0.766442;0.158721;0.621736;-0.028610;-0.766442;0.158721;0.656525;0.224148;-0.176677;0.698224;-0.177215;0.603079;-0.254093;0.735069;0.658862;-0.224811;0.614637;-0.370921;-0.470760;0.517290;-0.513374;0.497235;0.688523;-0.005244;0.724893;-0.020955;0.339675;0.241751;0.881135;0.223110;0.057576;0.820594;0.401758;0.402369;0.269566;0.624440;0.633429;0.369021;-0.068472;0.892047;0.010395;0.446605;0.474856;-0.522381;0.638357;-0.306808;0.474856;-0.522381;0.638357;-0.306808;0.552720;0.082007;0.820765;0.118828;0.306808;0.638357;0.522381;0.474856;0.552720;0.082007;0.820765;0.118828;0.474856;-0.522381;0.638357;-0.306808
39133555;1;0.519705;-0.400659;0.698180;-0.286222;0.521082;-0.397282;0.700107;-0.283708;0.520953;-0.400255;0.689407;-0.305160;0.543747;-0.343680;0.719284;-0.262400;0.873554;-0.434586;0.103894;0.192989;0.696383;-0.319832;-0.160830;0.622007;-0.142094;-0.309132;0.180543;0.922849;-0.266163;-0.262970;0.871988;0.315660;0.047490;0.700903;-0.581593;-0.410157;0.047490;0.700903;-0.581593;-0.410157;0.300590;-0.519799;0.741044;-0.300515;0.464073;0.877146;-0.038030;-0.117492;0.465516;0.635257;-0.561002;-0.254991;-0.487146;0.052539;0.845881;-0.210746;-0.354107;0.532847;0.560210;-0.526163;0.614542;-0.024524;-0.772761;0.156773;0.614542;-0.024524;-0.772761;0.156773;0.665403;0.201106;-0.174043;0.697498;-0.161377;0.610384;-0.238004;0.738067;0.664478;-0.218133;0.617806;-0.359447;0.479217;-0.506692;0.512229;-0.501234;0.697293;0.001486;0.716562;-0.017868;0.342993;0.222788;0.887138;0.213794;0.053493;0.826029;0.392762;0.400690;0.254264;0.624715;0.643331;0.362224;-0.074510;0.899123;0.017266;0.430961;0.498443;-0.517617;0.616664;-0.321486;0.498443;-0.517617;0.616664;-0.321486;0.579777;0.070037;0.802057;0.125128;0.321486;0.616664;0.517617;0.498443;0.579777;0.070037;0.802057;0.125128;0.498443;-0.517617;0.616664;-0.321486
39166877;1;0.503709;-0.415017;0.703197;-0.282050;0.507041;-0.406591;0.708102;-0.276016;0.519718;-0.396555;0.693029;-0.303888;0.542414;-0.339702;0.722598;-0.261232;0.878245;-0.432449;0.106855;0.173942;0.689407;-0.341767;-0.170119;0.615608;-0.118231;-0.333499;0.185804;0.916666;-0.216657;-0.347127;0.853423;0.322849;-0.075113;-0.649874;0.653064;0.381483;-0.075113;-0.649874;0.653064;0.381483;0.243860;-0.475836;0.797423;-0.279695;0.459391;0.879058;-0.031240;-0.123452;0.470500;0.629601;-0.566816;-0.246885;-0.484630;0.057435;0.845209;-0.217845;-0.354913;0.535482;0.548082;-0.535631;0.608892;-0.086584;-0.761340;0.205218;0.608892;-0.086584;-0.761340;0.205218;0.688357;0.176373;-0.155862;0.686123;-0.149537;0.606905;-0.239469;0.742940;0.669382;-0.199531;0.621224;-0.355239;0.499662;-0.488029;0.537913;-0.472033;0.691244;0.033026;0.721664;0.017078;0.323592;0.221980;0.893774;0.217210;0.039332;0.829792;0.399369;0.387819;0.260396;0.625391;0.642113;0.358847;-0.067786;0.898757;0.015885;0.432884;0.474373;-0.552418;0.608479;-0.315528;0.474373;-0.552418;0.608479;-0.315528;0.558544;0.039641;0.820878;0.112321;0.315528;0.608479;0.552418;0.474373;0.558544;0.039641;0.820878;0.112321;0.474373;-0.552418;0.608479;-0.315528
39200222;1;0.508439;-0.414265;0.698847;-0.285458;0.511402;-0.406922;0.703148;-0.280117;0.518856;-0.404837;0.689821;-0.301732;0.541381;-0.348214;0.720065;-0.259151;0.871833;-0.434693;0.097171;0.203732;0.678735;-0.355063;-0.176026;0.618275;-0.150474;-0.340650;0.202516;0.905706;-0.233463;-0.219898;0.898556;0.299561;0.032391;0.674237;-0.633374;-0.378408;0.032391;0.674237;-0.633374;-0.378408;0.242658;-0.508642;0.743730;-0.359537;0.464702;0.876116;-0.026486;-0.125586;0.469005;0.635534;-0.567148;-0.233399;-0.482220;0.017902;0.851610;-0.204705;0.395175;-0.493433;-0.542945;0.552785;0.616011;-0.162444;-0.715456;0.286819;0.616011;-0.162444;-0.715456;0.286819;0.675856;0.217064;-0.136791;0.690935;-0.129024;0.609804;-0.226673;0.748405;0.671674;-0.192486;0.621487;-0.354341;0.524895;-0.453494;0.561436;-0.451241;0.694445;0.074287;0.713995;0.049380;0.311719;0.219278;0.899405;0.214055;0.028331;0.838593;0.392068;0.377150;0.229241;0.630138;0.655693;0.347047;-0.081559;0.911512;0.022263;0.402490;0.455880;-0.531971;0.642359;-0.310734;0.455880;-0.531971;0.642359;-0.310734;0.542078;0.078056;0.830377;0.102633;0.310734;0.642359;0.531971;0.455880;0.542078;0.078056;0.830377;0.102633;0.455880;-0.531971;0.642359;-0.310734
39233544;1;0.518291;-0.417890;0.681413;-0.304003;0.525716;-0.400756;0.691630;-0.290975;0.521639;-0.398292;0.692050;-0.300536;0.544060;-0.341512;0.721762;-0.257736;0.874409;-0.429104;0.082635;0.210831;0.673704;-0.359543;-0.177808;0.620674;-0.156835;-0.344211;0.205926;0.902505;-0.250678;-0.296744;0.881966;0.266910;-0.109592;-0.650891;0.665027;0.349385;-0.109592;-0.650891;0.665027;0.349385;0.103111;-0.571877;0.729733;-0.360297;0.461697;0.873295;-0.041248;-0.149969;0.482840;0.611712;-0.572362;-0.255099;0.504331;-0.051096;-0.836169;0.209430;-0.366544;0.524362;0.551942;-0.534836;0.591732;-0.159404;-0.744436;0.265062;0.591732;-0.159404;-0.744436;0.265062;0.673288;0.181201;-0.160245;0.698692;-0.117344;0.595926;-0.212782;0.765393;0.688644;-0.177352;0.607458;-0.353993;0.543477;-0.435563;0.552642;-0.457717;0.712085;0.080859;0.695019;0.057846;0.298054;0.210732;0.906583;0.211809;0.008751;0.852425;0.373655;0.365619;0.238119;0.650102;0.633855;0.344811;-0.073854;0.910335;-0.007346;0.407163;0.480011;-0.505371;0.636601;-0.330043;0.480011;-0.505371;0.636601;-0.330043;0.572795;0.092794;0.807496;0.106043;0.330043;0.636601;0.505371;0.480011;0.572795;0.092794;0.807496;0.106043;0.480011;-0.505371;0.636601;-0.330043
39266888;1;0.513171;-0.424388;0.685155;-0.295149;0.519549;-0.409191;0.694337;-0.283773;0.521648;-0.399391;0.694784;-0.292653;0.543437;-0.342387;0.724575;-0.249877;0.879421;-0.425179;0.090891;0.193856;0.673755;-0.337848;-0.162428;0.636813;-0.175447;-0.318434;0.197796;0.910327;-0.256470;-0.129016;0.902627;0.320692;-0.054900;0.742018;-0.529895;-0.406947;-0.054900;0.742018;-0.529895;-0.406947;0.373099;-0.424131;0.755292;-0.332330;0.457073;0.877942;-0.035911;-0.137886;0.482700;0.613280;-0.561716;-0.274523;0.516696;-0.052309;-0.830001;0.203439;-0.362545;0.526040;0.560428;-0.527033;0.601522;-0.101698;-0.761876;0.217654;0.601522;-0.101698;-0.761876;0.217654;0.692982;0.217112;-0.164267;0.667574;-0.095442;0.592824;-0.198694;0.774578;0.697186;-0.163930;0.603410;-0.350650;0.558011;-0.424704;0.559235;-0.442162;0.711415;0.093329;0.692047;0.079054;0.295416;0.185667;0.914165;0.206298;0.000127;0.855737;0.371254;0.360396;0.223921;0.666688;0.620198;0.347478;-0.085938;0.912445;-0.028651;0.399047;0.491915;-0.525643;0.620605;-0.310755;0.491915;-0.525643;0.620605;-0.310755;0.567573;0.067148;0.810520;0.128099;0.310755;0.620605;0.525643;0.491915;0.567573;0.067148;0.810520;0.128099;0.491915;-0.525643;0.620605;-0.310755
39300211;1;0.506821;-0.425660;0.695566;-0.279527;0.509750;-0.418276;0.700031;-0.274148;0.525345;-0.397425;0.695508;-0.286941;0.546663;-0.340370;0.725139;-0.243888;0.883848;-0.421403;0.104560;0.174066;0.667951;-0.345704;-0.166999;0.637528;-0.173698;-0.327723;0.199995;0.906879;-0.250521;-0.172397;0.901780;0.307102;-0.005219;0.711320;-0.580476;-0.396289;-0.005219;0.711320;-0.580476;-0.396289;0.284726;-0.482350;0.748677;-0.354617;0.449567;0.884143;-0.026254;-0.124460;0.486575;0.619867;-0.558480;-0.259056;0.504849;-0.054180;-0.832586;0.221342;-0.343798;0.531258;0.560212;-0.534537;0.590817;-0.105500;-0.764816;0.234226;0.590817;-0.105500;-0.764816;0.234226;0.683285;0.206875;-0.159201;0.681894;-0.072083;0.598025;-0.186590;0.776115;0.696338;-0.158730;0.606063;-0.350151;0.571405;-0.404445;0.576859;-0.420897;0.705919;0.120260;0.690304;0.103428;0.297392;0.164400;0.920103;0.194785;0.000283;0.859542;0.367078;0.355585;0.232570;0.667615;0.619219;0.341714;-0.075746;0.912426;-0.030060;0.401045;0.474114;-0.528942;0.625078;-0.323594;0.474114;-0.528942;0.625078;-0.323594;0.564065;0.067978;0.816016;0.106434;0.323594;0.625078;0.528942;0.474114;0.564065;0.067978;0.816016;0.106434;0.474114;-0.528942;0.625078;-0.323594
39333555;1;0.503233;-0.424440;0.702361;-0.270733;0.502620;-0.426026;0.701401;-0.271869;0.529740;-0.394941;0.696694;-0.279313;0.550433;-0.337799;0.726121;-0.235931;0.887721;-0.415732;0.117905;0.158799;0.671840;-0.348177;-0.168731;0.631612;-0.131212;-0.338092;0.188124;0.912735;-0.248226;-0.229494;0.906386;0.253338;0.074695;0.677847;-0.643994;-0.346723;0.074695;0.677847;-0.643994;-0.346723;0.263887;-0.463141;0.763683;-0.364214;0.433955;0.895628;0.016591;-0.096223;0.478683;0.629937;-0.546416;-0.274720;0.512820;-0.036159;-0.833117;0.204019;-0.383120;0.537764;0.591758;-0.462441;0.587043;-0.056734;-0.797589;0.126544;0.587043;-0.056734;-0.797589;0.126544;0.665409;0.270044;-0.241894;0.652529;-0.065671;0.593996;-0.181545;0.780960;0.699129;-0.157365;0.600903;-0.354078;0.603842;-0.347851;0.591386;-0.405755;0.718088;0.170837;0.660654;0.136747;0.302231;0.158643;0.918898;0.197774;0.000561;0.855249;0.371526;0.361271;0.204592;0.692278;0.592938;0.356817;-0.106457;0.911374;-0.065907;0.392072;0.459149;-0.532512;0.631467;-0.326898;0.459149;-0.532512;0.631467;-0.326898;0.555819;0.069972;0.823058;0.093516;0.326898;0.631467;0.532512;0.459149;0.555819;0.069972;0.823058;0.093516;0.459149;-0.532512;0.631467;-0.326898
39366877;1;0.513400;-0.409745;0.707114;-0.261760;0.513819;-0.408612;0.707770;-0.260937;0.518871;-0.421792;0.686891;-0.284682;0.540030;-0.365350;0.718504;-0.242156;0.868275;-0.433298;0.095421;0.221916;0.681696;-0.340443;-0.163950;0.626506;-0.145197;-0.324827;0.193051;0.914405;-0.252126;-0.089113;0.907253;0.324628;-0.089599;0.756083;-0.509301;-0.401152;-0.089599;0.756083;-0.509301;-0.401152;0.352615;-0.439520;0.741042;-0.365159;0.460485;0.881118;0.019638;-0.105823;0.479190;0.635853;-0.545880;-0.260925;0.508201;-0.008175;-0.837990;0.198589;-0.388091;0.505597;0.579487;-0.507890;0.615163;-0.056981;-0.766933;0.173614;0.615163;-0.056981;-0.766933;0.173614;0.695431;0.230792;-0.183013;0.655452;-0.058830;0.593955;-0.174665;0.783102;0.699492;-0.159649;0.598215;-0.356877;0.615364;-0.337262;0.605676;-0.375152;0.704708;0.188588;0.663405;0.166477;0.306401;0.153891;0.918271;0.198028;0.000870;0.853922;0.371026;0.364906;0.165802;0.707320;0.585305;0.360036;-0.136357;0.916530;-0.081746;0.367012;0.448347;-0.512672;0.668300;-0.299212;0.448347;-0.512672;0.668300;-0.299212;0.528604;0.110046;0.835073;0.105454;0.299212;0.668300;0.512672;0.448347;0.528604;0.110046;0.835073;0.105454;0.448347;-0.512672;0.668300;-0.299212
39400222;1;0.498382;-0.422606;0.713200;-0.253703;0.498693;-0.421732;0.713717;-0.253092;0.517746;-0.416954;0.693225;-0.278437;0.538408;-0.360019;0.724429;-0.236021;0.873518;-0.425416;0.095684;0.216409;0.673582;-0.350207;-0.181477;0.625067;-0.159511;-0.342472;0.195681;0.904974;-0.200247;-0.126026;0.901859;0.361482;-0.094361;0.698999;-0.583638;-0.402323;-0.094361;0.698999;-0.583638;-0.402323;0.304745;-0.483216;0.725763;-0.383278;0.453012;0.885121;0.015971;-0.105294;0.473471;0.647730;-0.535065;-0.264529;0.507666;0.009465;-0.840095;0.190855;-0.412335;0.513317;0.594417;-0.461685;0.617771;0.051948;-0.783663;0.039154;0.617771;0.051948;-0.783663;0.039154;0.681412;0.317759;-0.230732;0.617632;-0.037819;0.591427;-0.159054;0.789611;0.707315;-0.150354;0.593748;-0.352933;0.644190;-0.292006;0.612800;-0.352460;0.709012;0.225920;0.636540;0.202682;0.304564;0.132962;0.924013;0.189108;-0.001963;0.857224;0.369573;0.358579;0.155971;0.726698;0.563941;0.359936;-0.143436;0.915201;-0.110519;0.360026;0.467930;-0.526749;0.640918;-0.304633;0.467930;-0.526749;0.640918;-0.304633;0.546284;0.080730;0.825665;0.115469;0.304633;0.640918;0.526749;0.467930;0.546284;0.080730;0.825665;0.115469;0.467930;-0.526749;0.640918;-0.304633
39433555;1;0.498615;-0.422323;0.713250;-0.253577;0.499022;-0.421175;0.713929;-0.252774;0.518271;-0.416102;0.693567;-0.277882;0.538886;-0.359142;0.724702;-0.235426;0.874025;-0.424406;0.095516;0.216417;0.674269;-0.349414;-0.181490;0.624766;-0.159248;-0.341975;0.195145;0.905324;-0.201640;-0.124529;0.901956;0.360985;-0.091214;0.695363;-0.587794;-0.403297;-0.091214;0.695363;-0.587794;-0.403297;0.298253;-0.486064;0.726188;-0.383975;0.452049;0.885629;0.015295;-0.105259;0.473685;0.646638;-0.536072;-0.264779;0.507995;0.007991;-0.839911;0.190857;-0.416303;0.514186;0.592982;-0.458995;0.618643;0.048911;-0.783341;0.035566;0.618643;0.048911;-0.783341;0.035566;0.683519;0.319103;-0.232868;0.613798;-0.038033;0.591250;-0.159672;0.789608;0.707513;-0.149568;0.593937;-0.352553;0.644866;-0.290550;0.613115;-0.351878;0.709076;0.227180;0.635737;0.203565;0.304862;0.133206;0.923833;0.189338;-0.002012;0.857208;0.369248;0.358952;0.155458;0.726959;0.563553;0.360239;-0.144016;0.915112;-0.110975;0.359881;0.473610;-0.520688;0.642638;-0.302645;0.473610;-0.520688;0.642638;-0.302645;0.548895;0.086232;0.822596;0.120890;0.302645;0.642638;0.520688;0.473610;0.548895;0.086232;0.822596;0.120890;0.473610;-0.520688;0.642638;-0.302645
39466888;1;0.532039;-0.399379;0.694264;-0.274642;0.534513;-0.393054;0.697865;-0.269796;0.518859;-0.409351;0.691942;-0.290574;0.540490;-0.352543;0.722541;-0.248029;0.874831;-0.429873;0.087033;0.205683;0.673064;-0.349762;-0.165969;0.630164;-0.169715;-0.327932;0.205766;0.906266;-0.196035;-0.197039;0.892804;0.354467;-0.040819;0.670554;-0.621515;-0.403002;-0.040819;0.670554;-0.621515;-0.403002;0.221663;-0.530720;0.735321;-0.358476;0.456747;0.880157;0.007004;-0.129059;0.488339;0.638136;-0.542944;-0.243964;0.500834;-0.005546;-0.837840;0.217160;-0.424090;0.508350;0.547547;-0.511781;0.662189;0.033082;-0.746414;0.057249;0.662189;0.033082;-0.746414;0.057249;0.659642;0.338686;-0.191760;0.642956;-0.023273;0.575877;-0.150730;0.803184;0.713476;-0.147795;0.576689;-0.369511;0.641183;-0.303585;0.596341;-0.375629;0.723189;0.206002;0.632943;0.184239;0.299098;0.134299;0.926061;0.186854;-0.011068;0.867998;0.349492;0.352579;0.157840;0.730910;0.562609;0.352602;-0.136968;0.917231;-0.114469;0.356124;0.475173;-0.523201;0.642272;-0.296576;0.475173;-0.523201;0.642272;-0.296576;0.545709;0.084196;0.824114;0.126287;0.296576;0.642272;0.523201;0.475173;0.545709;0.084196;0.824114;0.126287;0.475173;-0.523201;0.642272;-0.296576
39500200;1;0.539787;-0.393214;0.694653;-0.267339;0.542747;-0.385410;0.699013;-0.261277;0.524622;-0.406852;0.691652;-0.284359;0.545736;-0.350076;0.722051;-0.241372;0.878136;-0.424516;0.098001;0.197634;0.667433;-0.346667;-0.160761;0.639149;-0.192195;-0.319146;0.210161;0.903902;-0.151127;-0.278370;0.866234;0.386405;0.036438;-0.634490;0.652130;0.413305;0.036438;-0.634490;0.652130;0.413305;0.050043;-0.585321;0.758657;-0.281665;0.447865;0.887452;0.017625;-0.107405;0.479598;0.640651;-0.543188;-0.253966;-0.499812;0.016499;0.839771;-0.211426;-0.444397;0.509909;0.546350;-0.493970;0.663904;0.034871;-0.746518;0.026962;0.663904;0.034871;-0.746518;0.026962;0.640831;0.371186;-0.221120;0.634557;-0.013188;0.577021;-0.140807;0.804392;0.708763;-0.158342;0.572510;-0.380547;0.626039;-0.327697;0.590120;-0.390445;0.722959;0.184392;0.645525;0.163177;0.341823;0.110283;0.912386;0.196332;-0.002657;0.848527;0.352908;0.394273;0.208807;0.714077;0.537313;0.397227;-0.132242;0.887863;-0.120600;0.423872;0.468762;-0.507473;0.649561;-0.317496;0.468762;-0.507473;0.649561;-0.317496;0.555969;0.100471;0.818146;0.106961;0.317496;0.649561;0.507473;0.468762;0.555969;0.100471;0.818146;0.106961;0.468762;-0.507473;0.649561;-0.317496
39533555;1;0.540339;-0.392944;0.694339;-0.267437;0.543939;-0.383430;0.699638;-0.260037;0.525154;-0.403835;0.693426;-0.283357;0.546186;-0.346926;0.723578;-0.240331;0.878524;-0.421189;0.107468;0.198106;0.672323;-0.340094;-0.147321;0.640792;-0.196028;-0.303087;0.213320;0.907858;-0.160417;-0.283086;0.864717;0.382614;0.029327;-0.642561;0.644196;0.413844;0.029327;-0.642561;0.644196;0.413844;0.228331;-0.496675;0.783656;-0.295062;0.445541;0.889019;0.010871;-0.104975;0.485392;0.632614;-0.550440;-0.247407;0.501503;-0.015124;-0.838425;0.212861;-0.450748;0.526339;0.546873;-0.469812;0.651070;0.027691;-0.758509;0.002178;0.651070;0.027691;-0.758509;0.002178;0.685383;0.315698;-0.228997;0.614935;-0.013830;0.572243;-0.135112;0.808760;0.711697;-0.162744;0.565058;-0.384331;0.630583;-0.326286;0.583474;-0.394286;0.728857;0.180712;0.639782;0.163675;0.334593;0.109083;0.917637;0.184637;0.001899;0.854423;0.351922;0.382241;0.176429;0.727746;0.541529;0.382106;-0.144621;0.900339;-0.127161;0.390262;0.474178;-0.502955;0.662295;-0.289061;0.474178;-0.502955;0.662295;-0.289061;0.539692;0.112670;0.823956;0.130897;0.289061;0.662295;0.502955;0.474178;0.539692;0.112670;0.823956;0.130897;0.474178;-0.502955;0.662295;-0.289061
39566877;1;0.540449;-0.392768;0.694434;-0.267225;0.544119;-0.383058;0.699838;-0.259671;0.525363;-0.403251;0.693790;-0.282910;0.546358;-0.346315;0.723894;-0.239869;0.878863;-0.420422;0.107673;0.198122;0.673308;-0.339162;-0.146813;0.640369;-0.195209;-0.302155;0.212808;0.908465;-0.160357;-0.279786;0.866661;0.380663;0.027843;-0.639458;0.648440;0.412121;0.027843;-0.639458;0.648440;0.412121;0.219955;-0.497841;0.784135;-0.298172;0.444817;0.889417;0.010430;-0.104721;0.485854;0.631610;-0.551334;-0.247075;0.501539;-0.016481;-0.838229;0.213444;-0.452568;0.527777;0.545487;-0.468057;0.651072;0.024985;-0.758604;0.000259;0.651072;0.024985;-0.758604;0.000259;0.688178;0.314521;-0.229868;0.612085;-0.014203;0.572092;-0.135895;0.808728;0.712059;-0.161685;0.565398;-0.383609;0.631813;-0.324199;0.584112;-0.393091;0.728882;0.182652;0.638764;0.165379;0.333943;0.108992;0.917841;0.184855;0.001342;0.854603;0.351989;0.381780;0.175780;0.727655;0.542156;0.381688;-0.144784;0.900712;-0.126652;0.389506;0.474438;-0.501221;0.664209;-0.287250;0.474438;-0.501221;0.664209;-0.287250;0.538595;0.115250;0.824083;0.132362;0.287250;0.664209;0.501221;0.474438;0.538595;0.115250;0.824083;0.132362;0.474438;-0.501221;0.664209;-0.287250
39600222;1;0.540611;-0.392021;0.694887;-0.266816;0.544507;-0.381677;0.700622;-0.258773;0.525809;-0.401124;0.694983;-0.282176;0.546744;-0.344099;0.724912;-0.239101;0.879981;-0.418386;0.109539;0.196438;0.676055;-0.338250;-0.143264;0.638758;-0.193537;-0.298384;0.214254;0.909729;-0.167469;-0.278075;0.866769;0.378603;0.020746;-0.638263;0.649025;0.413468;0.020746;-0.638263;0.649025;0.413468;0.185705;-0.518012;0.779492;-0.299281;0.442728;0.890612;0.008678;-0.103571;0.485939;0.629746;-0.554015;-0.245664;0.500526;-0.019684;-0.838526;0.214387;-0.451716;0.531756;0.544816;-0.465150;0.648389;0.022679;-0.760969;-0.001953;0.648389;0.022679;-0.760969;-0.001953;0.694184;0.305689;-0.230773;0.609432;-0.013564;0.572796;-0.137890;0.807903;0.711884;-0.159019;0.567346;-0.382167;0.632329;-0.320200;0.584330;-0.395209;0.730726;0.185636;0.636090;0.164223;0.331006;0.110274;0.918986;0.183684;0.000782;0.856369;0.351084;0.378645;0.176304;0.727846;0.544109;0.378288;-0.142010;0.902211;-0.125416;0.387453;0.475146;-0.496777;0.669607;-0.281202;0.475146;-0.496777;0.669607;-0.281202;0.534819;0.122210;0.824758;0.137139;0.281202;0.669607;0.496777;0.475146;0.534819;0.122210;0.824758;0.137139;0.475146;-0.496777;0.669607;-0.281202
39633555;1;0.541121;-0.390822;0.695099;-0.266990;0.545381;-0.379494;0.701348;-0.258177;0.525332;-0.399333;0.696844;-0.281012;0.546175;-0.342165;0.726624;-0.237979;0.880406;-0.415877;0.115252;0.196593;0.673615;-0.338390;-0.140115;0.641952;-0.193180;-0.296798;0.214595;0.910242;-0.187066;-0.284505;0.863171;0.372827;-0.002701;-0.637209;0.648052;0.417116;-0.002701;-0.637209;0.648052;0.417116;0.185338;-0.533456;0.770201;-0.296421;0.441018;0.890898;0.007566;-0.108379;0.495880;0.617260;-0.557675;-0.249181;0.510234;-0.028141;-0.831396;0.218287;-0.447065;0.547544;0.549485;-0.445415;0.631010;0.011428;-0.775634;-0.009347;0.631010;0.011428;-0.775634;-0.009347;0.702175;0.273364;-0.249407;0.608291;-0.010516;0.571749;-0.137185;0.808810;0.713662;-0.155466;0.567103;-0.380672;0.634041;-0.317540;0.583330;-0.396090;0.732546;0.186822;0.633494;0.164798;0.334678;0.107835;0.918575;0.180507;0.003331;0.856679;0.348483;0.380328;0.166446;0.731840;0.542074;0.377971;-0.148811;0.903571;-0.129633;0.380277;0.471650;-0.489068;0.668101;-0.303315;0.471650;-0.489068;0.668101;-0.303315;0.547983;0.126596;0.818242;0.119030;0.303315;0.668101;0.489068;0.471650;0.547983;0.126596;0.818242;0.119030;0.471650;-0.489068;0.668101;-0.303315
39666888;1;0.541121;-0.390822;0.695099;-0.266990;0.545381;-0.379494;0.701348;-0.258177;0.525332;-0.399333;0.696844;-0.281012;0.546175;-0.342165;0.726624;-0.237979;0.880406;-0.415877;0.115252;0.196593;0.673615;-0.338390;-0.140115;0.641952;-0.193180;-0.296798;0.214595;0.910242;-0.187066;-0.284505;0.863171;0.372827;-0.002701;-0.637209;0.648052;0.417116;-0.002701;-0.637209;0.648052;0.417116;0.185338;-0.533456;0.770201;-0.296421;0.441018;0.890898;0.007566;-0.108379;0.495880;0.617260;-0.557675;-0.249181;0.510234;-0.028141;-0.831396;0.218287;-0.447065;0.547544;0.549485;-0.445415;0.631010;0.011428;-0.775634;-0.009347;0.631010;0.011428;-0.775634;-0.009347;0.702175;0.273364;-0.249407;0.608291;-0.010516;0.571749;-0.137185;0.808810;0.713662;-0.155466;0.567103;-0.380672;0.634041;-0.317540;0.583330;-0.396090;0.732546;0.186822;0.633494;0.164798;0.334678;0.107835;0.918575;0.180507;0.003331;0.856679;0.348483;0.380328;0.166446;0.731840;0.542074;0.377971;-0.148811;0.903571;-0.129633;0.380277;0.471650;-0.489068;0.668101;-0.303315;0.471650;-0.489068;0.668101;-0.303315;0.547983;0.126596;0.818242;0.119030;0.303315;0.668101;0.489068;0.471650;0.547983;0.126596;0.818242;0.119030;0.471650;-0.489068;0.668101;-0.303315
39700200;1;0.543334;-0.381407;0.702364;-0.256908;0.538785;-0.393561;0.695626;-0.266316;0.522877;-0.397152;0.707916;-0.260240;0.542063;-0.339103;0.737485;-0.217470;0.880286;-0.395309;0.147752;0.216788;0.667276;-0.357378;-0.158992;0.633834;-0.182858;-0.324471;0.218439;0.901979;-0.215656;-0.267574;0.883689;0.317791;-0.059585;-0.618794;0.685271;0.379405;-0.059585;-0.618794;0.685271;0.379405;0.141405;-0.541629;0.756008;-0.339254;0.425914;0.899012;0.006505;-0.101648;0.499757;0.609244;-0.565943;-0.242433;0.511049;-0.026614;-0.831120;0.217624;-0.426068;0.572690;0.554754;-0.427481;0.603353;0.009046;-0.797273;-0.015447;0.603353;0.009046;-0.797273;-0.015447;0.739351;0.216379;-0.254955;0.584412;-0.005851;0.584486;-0.136156;0.799877;0.705938;-0.158911;0.578767;-0.376069;0.621519;-0.325492;0.585029;-0.406830;0.731271;0.182285;0.640311;0.148378;0.352269;0.101848;0.913136;0.178091;0.010659;0.851906;0.344055;0.394675;0.198737;0.717162;0.543582;0.388202;-0.133023;0.894389;-0.118317;0.410334;0.467105;-0.504497;0.662886;-0.296445;0.467105;-0.504497;0.662886;-0.296445;0.539911;0.111998;0.825464;0.120675;0.296445;0.662886;0.504497;0.467105;0.539911;0.111998;0.825464;0.120675;0.467105;-0.504497;0.662886;-0.296445
39733555;1;0.541930;-0.377681;0.709226;-0.246308;0.538839;-0.386432;0.704496;-0.252998;0.522728;-0.407116;0.700945;-0.263984;0.542214;-0.349594;0.731336;-0.221214;0.873182;-0.404348;0.148907;0.227779;0.683917;-0.348965;-0.137171;0.625831;-0.150145;-0.305633;0.217213;0.914803;0.019408;-0.400007;0.914826;0.052067;0.029729;-0.580080;0.812662;0.046945;0.029729;-0.580080;0.812662;0.046945;0.217223;-0.386702;0.692795;-0.568605;0.431876;0.897930;0.022722;-0.081788;0.497617;0.611342;-0.564580;-0.244721;0.509564;-0.031135;-0.831576;0.218759;-0.423675;0.631132;0.563426;-0.323611;0.522284;0.010399;-0.845971;-0.106972;0.522284;0.010399;-0.845971;-0.106972;0.755095;0.154967;-0.350858;0.531710;-0.027294;0.577493;-0.151581;0.801736;0.705837;-0.160702;0.575073;-0.381131;0.616438;-0.327967;0.574005;-0.427738;0.742369;0.172656;0.634172;0.130019;0.379856;0.106268;0.902272;0.174131;0.033840;0.839038;0.348319;0.416586;0.122641;0.748530;0.513212;0.401591;-0.196734;0.895010;-0.161598;0.366250;0.463061;-0.494482;0.670903;-0.301581;0.463061;-0.494482;0.670903;-0.301581;0.540684;0.124749;0.824051;0.114184;0.301581;0.670903;0.494482;0.463061;0.540684;0.124749;0.824051;0.114184;0.463061;-0.494482;0.670903;-0.301581
39766888;1;0.531010;-0.382091;0.715202;-0.246009;0.529579;-0.386220;0.712981;-0.249076;0.520063;-0.404508;0.703133;-0.267419;0.539833;-0.346818;0.733307;-0.224852;0.870232;-0.402837;0.185393;0.214590;0.705616;-0.333306;-0.119162;0.613852;-0.123988;-0.282974;0.212646;0.927003;-0.015254;-0.439129;0.879233;0.184071;0.011569;-0.561851;0.806356;0.184339;0.011569;-0.561851;0.806356;0.184339;0.227793;-0.445531;0.742708;-0.444968;0.430635;0.900637;0.007076;-0.057942;0.498678;0.603233;-0.564363;-0.262533;0.514759;-0.070254;-0.823080;0.229405;-0.379049;0.665775;0.553476;-0.326696;-0.480837;-0.099098;0.860099;0.138581;-0.480837;-0.099098;0.860099;0.138581;0.684984;0.301860;-0.368418;0.551312;-0.023003;0.591997;-0.151540;0.791231;0.698605;-0.161790;0.589329;-0.372111;0.596213;-0.351395;0.576105;-0.434919;0.733184;0.157407;0.652225;0.110757;0.382717;0.100233;0.902986;0.167625;0.037517;0.839571;0.347091;0.416222;0.166255;0.719903;0.544450;0.397082;-0.162345;0.896847;-0.119460;0.393750;0.478645;-0.501434;0.660647;-0.288113;0.478645;-0.501434;0.660647;-0.288113;0.542179;0.112581;0.821715;0.134726;0.288113;0.660647;0.501434;0.478645;0.542179;0.112581;0.821715;0.134726;0.478645;-0.501434;0.660647;-0.288113
39800222;1;0.518901;-0.383942;0.723817;-0.243763;0.513610;-0.399219;0.715504;-0.254722;0.517110;-0.405918;0.704798;-0.266623;0.536826;-0.348091;0.735080;-0.224295;0.869846;-0.404098;0.198108;0.202056;0.686175;-0.341305;-0.112818;0.632414;-0.145039;-0.283322;0.221237;0.921817;-0.132249;-0.445616;0.799712;0.379997;-0.097826;-0.515174;0.756775;0.390279;-0.097826;-0.515174;0.756775;0.390279;0.102967;-0.557110;0.789440;-0.236242;0.423702;0.904683;0.030418;-0.033184;0.490203;0.627418;-0.545532;-0.261616;-0.499837;0.072383;0.828263;-0.242703;-0.470974;0.711140;0.490301;-0.179079;-0.368983;-0.125044;0.854680;0.343128;-0.368983;-0.125044;0.854680;0.343128;0.680746;0.248117;-0.511603;0.461827;-0.027216;0.608355;-0.156675;0.777571;0.684786;-0.172127;0.604215;-0.369275;0.607947;-0.323816;0.607681;-0.395307;0.713606;0.199430;0.655300;0.146891;0.390505;0.105121;0.896712;0.179895;0.037684;0.830629;0.353722;0.428387;0.150923;0.728732;0.524436;0.413690;-0.185046;0.889026;-0.139754;0.394791;0.470832;-0.512936;0.665352;-0.269296;0.470832;-0.512936;0.665352;-0.269296;0.523350;0.107774;0.833176;0.142507;0.269296;0.665352;0.512936;0.470832;0.523350;0.107774;0.833176;0.142507;0.470832;-0.512936;0.665352;-0.269296
39833533;1;0.497564;-0.392636;0.734412;-0.242704;0.492293;-0.408156;0.725902;-0.253223;0.513346;-0.403963;0.708369;-0.267400;0.533136;-0.345856;0.738483;-0.225372;0.869043;-0.400959;0.191863;0.217221;0.688862;-0.343624;-0.089872;0.631914;-0.152859;-0.263023;0.238690;0.922215;-0.143185;-0.416681;0.813221;0.380192;-0.077598;-0.546792;0.732100;0.398782;-0.077598;-0.546792;0.732100;0.398782;0.128764;-0.570915;0.771766;-0.248704;0.433825;0.898746;-0.016049;-0.061599;0.499126;0.613670;-0.554996;-0.257414;0.514475;-0.043958;-0.826244;0.225175;-0.374127;0.626284;0.575873;-0.369009;0.524242;0.017100;-0.850629;-0.036175;0.524242;0.017100;-0.850629;-0.036175;0.660499;0.193298;-0.342272;0.639709;-0.045277;0.612814;-0.177737;0.768647;0.679281;-0.168219;0.615544;-0.362471;0.605898;-0.325340;0.635113;-0.351671;0.681514;0.217848;0.676018;0.176298;0.366282;0.126666;0.901649;0.191892;0.030252;0.832796;0.367959;0.412483;0.177361;0.716006;0.540397;0.404784;-0.159885;0.891304;-0.119607;0.407072;0.468686;-0.520502;0.647676;-0.299878;0.468686;-0.520502;0.647676;-0.299878;0.543457;0.089926;0.826026;0.119366;0.299878;0.647676;0.520502;0.468686;0.543457;0.089926;0.826026;0.119366;0.468686;-0.520502;0.647676;-0.299878
39866888;1;0.510709;-0.361456;0.728147;-0.279869;0.505139;-0.375625;0.720941;-0.289802;0.502791;-0.392437;0.710946;-0.296227;0.524927;-0.334160;0.740127;-0.254953;0.868085;-0.412261;0.185262;0.205298;0.667479;-0.369688;-0.108672;0.637176;-0.179725;-0.290014;0.253714;0.905108;-0.102641;-0.429061;0.876747;0.191535;-0.077815;-0.535608;0.816029;0.202894;-0.077815;-0.535608;0.816029;0.202894;0.098748;-0.469325;0.767696;-0.425001;0.450172;0.886602;-0.031020;-0.101585;0.514628;0.603015;-0.564976;-0.228765;0.505282;-0.047711;-0.824954;0.248727;0.354986;-0.510921;-0.522077;0.583421;0.654752;-0.028249;-0.729936;0.194150;0.654752;-0.028249;-0.729936;0.194150;0.694213;0.206790;-0.096967;0.682572;-0.087786;0.620128;-0.201325;0.753129;0.670817;-0.184573;0.625365;-0.353350;0.586649;-0.358524;0.630169;-0.360819;0.674419;0.190710;0.695938;0.156394;0.343304;0.155701;0.902512;0.208257;0.018494;0.836102;0.373682;0.401190;0.158750;0.710899;0.561709;0.392307;-0.164202;0.902558;-0.100855;0.385040;0.506253;-0.485864;0.633533;-0.326007;0.506253;-0.485864;0.633533;-0.326007;0.588496;0.104418;0.791533;0.127453;0.326007;0.633533;0.485864;0.506253;0.588496;0.104418;0.791533;0.127453;0.506253;-0.485864;0.633533;-0.326007
39900222;1;0.514738;-0.366102;0.722590;-0.280854;0.517815;-0.358080;0.726598;-0.275138;0.498488;-0.387493;0.714330;-0.301813;0.521086;-0.328961;0.743104;-0.260866;0.865887;-0.410102;0.183173;0.220235;0.648232;-0.377254;-0.095857;0.654436;-0.205550;-0.282979;0.267268;0.897909;-0.113640;-0.423005;0.878775;0.189493;-0.087723;-0.534938;0.815488;0.202796;-0.087723;-0.534938;0.815488;0.202796;0.077154;-0.499964;0.747880;-0.429836;0.454774;0.882716;-0.064325;-0.099277;0.511733;0.612444;-0.557823;-0.227762;0.502321;-0.037302;-0.827564;0.247829;0.380733;-0.499949;-0.507065;0.589897;0.664940;-0.076377;-0.707976;0.225368;0.664940;-0.076377;-0.707976;0.225368;0.676393;0.162328;-0.087112;0.713130;-0.104530;0.623129;-0.203672;0.747864;0.667112;-0.200366;0.624246;-0.353739;0.580518;-0.368272;0.614431;-0.387105;0.688572;0.172572;0.691562;0.133528;0.337076;0.173263;0.903965;0.198008;0.034275;0.836862;0.383105;0.389509;0.160189;0.694228;0.597353;0.368180;-0.145973;0.915730;-0.063916;0.368844;0.506323;-0.499850;0.624524;-0.322113;0.506323;-0.499850;0.624524;-0.322113;0.585792;0.088158;0.795053;0.130256;0.322113;0.624524;0.499850;0.506323;0.585792;0.088158;0.795053;0.130256;0.506323;-0.499850;0.624524;-0.322113
39933555;1;0.503293;-0.385460;0.720348;-0.281452;0.512791;-0.360138;0.733336;-0.263752;0.500313;-0.383903;0.719374;-0.291217;0.522056;-0.324977;0.747843;-0.250158;0.866870;-0.397267;0.187452;0.235747;0.660913;-0.371239;-0.090342;0.645921;-0.197965;-0.273216;0.267082;0.902679;-0.180139;-0.447551;0.807866;0.338527;-0.152626;-0.510426;0.769685;0.351789;-0.152626;-0.510426;0.769685;0.351789;0.092557;-0.538316;0.794862;-0.264280;0.441056;0.892315;-0.056703;-0.077636;0.483541;0.637164;-0.551554;-0.236641;-0.491303;0.015988;0.842575;-0.220074;0.410732;-0.480967;-0.516154;0.577543;0.662617;-0.112486;-0.696484;0.251388;0.662617;-0.112486;-0.696484;0.251388;0.742464;-0.159152;-0.044113;0.649208;-0.114646;0.623204;-0.217010;0.742550;0.664534;-0.197261;0.629778;-0.350518;0.569202;-0.385625;0.617517;-0.382067;0.677076;0.162412;0.706047;0.129183;0.337110;0.186036;0.899877;0.204865;0.038966;0.830992;0.392142;0.392630;0.186882;0.689325;0.589669;0.377090;-0.133308;0.906985;-0.065991;0.394021;0.493823;-0.523908;0.616591;-0.318551;0.493823;-0.523908;0.616591;-0.318551;0.574436;0.065537;0.806454;0.123936;0.318551;0.616591;0.523908;0.493823;0.574436;0.065537;0.806454;0.123936;0.493823;-0.523908;0.616591;-0.318551
39966866;1;0.499976;-0.385355;0.725947;-0.272995;0.504141;-0.374076;0.731822;-0.265226;0.492838;-0.396012;0.712933;-0.303334;0.515576;-0.337564;0.742395;-0.262835;0.857980;-0.413738;0.202453;0.227387;0.665544;-0.369883;-0.092741;0.641589;-0.199479;-0.272285;0.266975;0.902659;-0.175838;-0.438303;0.812521;0.341734;-0.144583;-0.509185;0.770084;0.356085;-0.144583;-0.509185;0.770084;0.356085;0.044188;-0.540398;0.797244;-0.265365;0.463939;0.878199;-0.079330;-0.085055;0.490553;0.628404;-0.570226;-0.198260;-0.459620;0.058042;0.846570;-0.262105;0.385312;-0.522507;-0.469536;0.598379;0.629945;-0.223696;-0.665911;0.331198;0.629945;-0.223696;-0.665911;0.331198;0.751456;-0.261070;-0.002954;0.605927;-0.131007;0.617494;-0.234848;0.739178;0.665064;-0.191624;0.632288;-0.348112;0.562977;-0.397310;0.618570;-0.377587;0.669554;0.154857;0.715072;0.128017;0.334935;0.204105;0.894547;0.214348;0.039822;0.828134;0.394975;0.395730;0.198935;0.678011;0.597652;0.378865;-0.125921;0.904632;-0.052398;0.403782;0.513510;-0.506423;0.608187;-0.331591;0.513510;-0.506423;0.608187;-0.331591;0.597577;0.071958;0.788148;0.128636;0.331591;0.608187;0.506423;0.513510;0.597577;0.071958;0.788148;0.128636;0.513510;-0.506423;0.608187;-0.331591
40000222;1;0.503656;-0.376017;0.728105;-0.273505;0.504222;-0.374506;0.728884;-0.272459;0.491063;-0.409963;0.698845;-0.320006;0.515143;-0.352600;0.729470;-0.279596;0.850599;-0.439408;0.195198;0.212839;0.646298;-0.368716;-0.078374;0.663479;-0.211919;-0.264330;0.268745;0.901663;-0.203936;-0.448022;0.805062;0.330999;-0.170750;-0.524256;0.757631;0.349278;-0.170750;-0.524256;0.757631;0.349278;0.036616;-0.584246;0.764553;-0.269768;0.484636;0.867661;-0.068122;-0.087474;0.507861;0.610418;-0.574121;-0.199632;-0.469624;0.077681;0.834380;-0.277901;0.371643;-0.536709;-0.455195;0.605494;0.681030;-0.095335;-0.697259;0.202335;0.681030;-0.095335;-0.697259;0.202335;0.670373;-0.396170;0.053332;0.625143;-0.151791;0.613277;-0.251947;0.733058;0.662738;-0.194704;0.633821;-0.348052;0.538726;-0.433334;0.596072;-0.408281;0.674037;0.113226;0.724475;0.089384;0.338191;0.224881;0.885988;0.223788;0.045725;0.823550;0.396549;0.403018;0.219960;0.656629;0.613697;0.379252;-0.111111;0.900840;-0.026035;0.418884;0.506641;-0.515809;0.622119;-0.300371;0.506641;-0.515809;0.622119;-0.300371;0.570644;0.075172;0.804637;0.145855;0.300371;0.622119;0.515809;0.506641;0.570644;0.075172;0.804637;0.145855;0.506641;-0.515809;0.622119;-0.300371
40033544;1;0.507188;-0.379632;0.718447;-0.287183;0.507576;-0.378661;0.718959;-0.286497;0.493191;-0.406417;0.701922;-0.314474;0.516821;-0.348819;0.732253;-0.273911;0.849572;-0.428924;0.204466;0.229008;0.651809;-0.363500;-0.096558;0.658551;-0.216778;-0.273453;0.258223;0.900861;-0.214850;-0.460161;0.797696;0.325227;-0.175432;-0.550100;0.738550;0.348076;-0.175432;-0.550100;0.738550;0.348076;0.056965;-0.561007;0.781204;-0.267855;0.473790;0.876033;-0.052331;-0.073153;0.500658;0.627032;-0.565371;-0.191122;-0.457475;0.063619;0.841883;-0.279110;0.396663;-0.520045;-0.430142;0.622246;0.708763;-0.106535;-0.666422;0.205394;0.708763;-0.106535;-0.666422;0.205394;0.700863;-0.423331;0.068332;0.570011;-0.173971;0.614806;-0.268094;0.721023;0.656417;-0.204526;0.638811;-0.345263;0.510867;-0.468543;0.571880;-0.438676;0.675740;0.070966;0.732116;0.048425;0.340758;0.235887;0.878403;0.238012;0.047778;0.814019;0.405645;0.412967;0.272005;0.632796;0.609471;0.392591;-0.083473;0.881216;-0.012411;0.465121;0.501717;-0.510492;0.627781;-0.305891;0.501717;-0.510492;0.627781;-0.305891;0.571066;0.082936;0.804880;0.138470;0.305891;0.627781;0.510492;0.501717;0.571066;0.082936;0.804880;0.138470;0.501717;-0.510492;0.627781;-0.305891
40066888;1;0.507706;-0.399721;0.706793;-0.287925;0.518288;-0.372555;0.721482;-0.268410;0.499931;-0.402256;0.696808;-0.320496;0.524023;-0.345081;0.726822;-0.279372;0.852507;-0.432124;0.201466;0.214273;0.648596;-0.363877;-0.093682;0.661922;-0.220762;-0.271372;0.259885;0.900045;-0.222021;-0.441527;0.809627;0.316647;-0.171576;-0.558900;0.733534;0.346584;-0.171576;-0.558900;0.733534;0.346584;0.051865;-0.575611;0.766430;-0.280300;0.480092;0.869298;-0.094034;-0.070646;0.501855;0.623865;-0.562096;-0.207321;-0.464508;0.082732;0.835652;-0.281200;0.384678;-0.543672;-0.449516;0.595297;0.686949;-0.092570;-0.699339;0.174519;0.686949;-0.092570;-0.699339;0.174519;0.660951;-0.378004;0.068960;0.644594;-0.191189;0.600761;-0.276703;0.725237;0.648301;-0.228689;0.620668;-0.377067;0.461303;-0.519705;0.521914;-0.494684;0.680059;-0.000965;0.732701;-0.025835;0.349699;0.261158;0.868989;0.233165;0.068344;0.813358;0.402162;0.414781;0.276409;0.621041;0.628594;0.377856;-0.069842;0.886294;0.009364;0.457731;0.525130;-0.493439;0.614262;-0.321617;0.525130;-0.493439;0.614262;-0.321617;0.598741;0.085435;0.783263;0.143905;0.321617;0.614263;0.493439;0.525130;0.598741;0.085435;0.783263;0.143905;0.525130;-0.493439;0.614262;-0.321617
40100211;1;0.508978;-0.406243;0.708464;-0.272006;0.512429;-0.397113;0.713621;-0.265449;0.513783;-0.409957;0.685719;-0.312653;0.537201;-0.353647;0.716386;-0.270444;0.853676;-0.434764;0.204981;0.200502;0.644961;-0.350760;-0.094887;0.672301;-0.231469;-0.265493;0.248093;0.902433;-0.230728;-0.450325;0.797119;0.329503;-0.183538;-0.555026;0.728106;0.357941;-0.183538;-0.555026;0.728106;0.357941;0.043589;-0.568738;0.778341;-0.262341;0.477891;0.871653;-0.100171;-0.042516;0.491520;0.643986;-0.542894;-0.221263;-0.462885;0.076211;0.838834;-0.276200;0.378919;-0.534881;-0.455200;0.602590;0.683456;-0.097673;-0.695532;0.198953;0.683456;-0.097673;-0.695532;0.198953;0.723853;-0.323881;0.023485;0.608758;-0.189208;0.602641;-0.279381;0.723167;0.644719;-0.229306;0.623456;-0.378231;0.458296;-0.519159;0.524794;-0.495004;0.678161;0.001438;0.734371;-0.028195;0.364432;0.269539;0.858819;0.238681;0.080385;0.806104;0.400446;0.428226;0.301551;0.601178;0.634794;0.380379;-0.053660;0.876674;0.027660;0.477283;0.480775;-0.508204;0.634148;-0.329303;0.480775;-0.508204;0.634148;-0.329303;0.572812;0.089055;0.807765;0.107106;0.329303;0.634148;0.508204;0.480775;0.572812;0.089055;0.807765;0.107106;0.480775;-0.508204;0.634148;-0.329303
40133555;1;0.516996;-0.394344;0.711238;-0.267112;0.525773;-0.369952;0.724225;-0.249393;0.495889;-0.449283;0.661187;-0.339219;0.521495;-0.394813;0.695087;-0.298360;0.817420;-0.476618;0.213088;0.243421;0.647105;-0.346981;-0.123817;0.667479;-0.256671;-0.280140;0.239266;0.893529;-0.238631;-0.405275;0.823368;0.317604;-0.160974;-0.580292;0.710946;0.363186;-0.160974;-0.580292;0.710946;0.363186;0.069832;-0.540309;0.790238;-0.280559;0.521906;0.847666;-0.094754;-0.009913;0.456628;0.673889;-0.528849;-0.240173;-0.458238;0.048168;0.855271;-0.237087;0.409981;-0.510131;-0.469716;0.592494;0.685637;-0.119729;-0.683031;0.221440;0.685637;-0.119729;-0.683031;0.221440;0.704537;-0.192363;0.013038;0.682974;-0.212453;0.597855;-0.293533;0.715032;0.639268;-0.243212;0.620070;-0.384315;-0.430213;0.545142;-0.495356;0.521881;0.677168;-0.037962;0.731803;-0.066832;0.359747;0.280573;0.859351;0.231035;0.089848;0.807265;0.406780;0.418069;0.308885;0.597830;0.641894;0.367644;-0.039441;0.879274;0.034975;0.473390;0.519638;-0.504811;0.647991;-0.235053;0.519638;-0.504811;0.647991;-0.235053;0.533647;0.101244;0.815154;0.201232;0.235053;0.647991;0.504811;0.519638;0.533647;0.101244;0.815154;0.201232;0.519638;-0.504811;0.647991;-0.235053
40166888;1;0.516075;-0.411708;0.705114;-0.258798;0.523315;-0.391230;0.716679;-0.243828;0.491052;-0.441206;0.671627;-0.336337;0.516442;-0.385925;0.704846;-0.295874;0.816889;-0.465743;0.204192;0.272178;0.655703;-0.328189;-0.140909;0.665199;-0.260353;-0.283215;0.217606;0.897025;-0.213554;-0.488855;0.804936;0.259795;-0.199805;-0.529909;0.778523;0.270512;-0.199805;-0.529909;0.778523;0.270512;0.136885;-0.491847;0.802236;-0.309463;0.524336;0.839238;-0.141107;-0.028989;0.445162;0.682849;-0.516820;-0.261620;-0.459928;0.068643;0.853624;-0.234692;-0.425300;0.546235;0.484222;-0.535048;0.668291;-0.114564;-0.720915;0.143332;0.668291;-0.114564;-0.720915;0.143332;0.703349;-0.239183;-0.011946;0.669290;-0.224691;0.594225;-0.299646;0.711775;0.636092;-0.252625;0.615724;-0.390451;-0.432407;0.544657;-0.498066;0.517981;0.675985;-0.035683;0.733390;-0.062532;0.358260;0.307135;0.847958;0.241423;0.101852;0.798588;0.419006;0.419902;0.330927;0.574673;0.655007;0.362222;-0.019824;0.872137;0.060479;0.485105;0.560789;-0.483570;0.615821;-0.269148;0.560789;-0.483570;0.615821;-0.269148;0.586854;0.093515;0.777387;0.206222;0.269148;0.615821;0.483570;0.560789;0.586854;0.093515;0.777387;0.206222;0.560789;-0.483570;0.615821;-0.269148
40200222;1;0.514334;-0.414253;0.706972;-0.253072;0.519303;-0.400000;0.715133;-0.242713;0.493760;-0.461606;0.656080;-0.335679;0.519089;-0.407506;0.690984;-0.295002;0.810793;-0.484348;0.202353;0.258988;0.657215;-0.324291;-0.141549;0.665484;-0.255325;-0.282946;0.212466;0.899783;-0.222880;-0.461761;0.785350;0.346882;-0.196474;-0.518872;0.748845;0.362493;-0.196474;-0.518872;0.748845;0.362493;0.064886;-0.574757;0.778818;-0.242666;0.538657;0.833505;-0.119159;-0.030302;0.463791;0.664093;-0.520655;-0.269809;-0.477157;0.080904;0.839974;-0.245397;0.394551;-0.535442;-0.467062;0.582653;0.692446;-0.040344;-0.709378;0.125197;0.692446;-0.040344;-0.709378;0.125197;0.679851;-0.247406;0.021935;0.690008;-0.236093;0.588132;-0.307670;0.709718;0.634506;-0.256770;0.612105;-0.395978;-0.425253;0.550723;-0.491042;0.524158;0.675259;-0.044991;0.732687;-0.071903;0.364661;0.316767;0.839798;0.247830;0.111484;0.791247;0.423645;0.426643;0.334914;0.573234;0.650605;0.368712;-0.021576;0.868059;0.058378;0.492544;0.495070;-0.499273;0.661700;-0.260356;0.495070;-0.499273;0.661700;-0.260356;0.534167;0.114853;0.820932;0.165968;0.260356;0.661700;0.499273;0.495070;0.534167;0.114853;0.820932;0.165968;0.495070;-0.499273;0.661700;-0.260356
40233544;1;0.511656;-0.425110;0.704787;-0.246506;0.513179;-0.420717;0.707418;-0.243319;0.495150;-0.457918;0.659242;-0.332470;0.520218;-0.403577;0.693841;-0.291692;0.816241;-0.479043;0.225913;0.230718;0.656139;-0.328593;-0.148027;0.663021;-0.262474;-0.288607;0.215850;0.895110;-0.202975;-0.404716;0.816654;0.357885;-0.126291;-0.561718;0.717769;0.391575;-0.126291;-0.561718;0.717769;0.391575;0.088642;-0.527530;0.807163;-0.249684;0.525645;0.843515;-0.110329;-0.002649;0.425680;0.698179;-0.518388;-0.250234;-0.442553;0.051155;0.868080;-0.219014;0.439401;-0.506289;-0.454088;0.586858;0.717775;-0.079121;-0.675474;0.149247;0.717775;-0.079121;-0.675474;0.149247;0.567012;0.216832;-0.124698;0.784813;-0.243291;0.578499;-0.309359;0.714454;0.637467;-0.256768;0.603719;-0.404016;-0.422376;0.556203;-0.485008;0.526311;0.674734;-0.053150;0.732272;-0.075412;0.369661;0.329649;0.833004;0.246551;0.123520;0.789233;0.423816;0.426889;0.326791;0.562879;0.670816;0.355501;-0.017912;0.874852;0.079997;0.477403;0.510716;-0.534590;0.615125;-0.273868;0.510716;-0.534590;0.615125;-0.273868;0.554785;0.056947;0.812971;0.167477;0.273868;0.615125;0.534590;0.510716;0.554785;0.056947;0.812971;0.167477;0.510716;-0.534590;0.615125;-0.273868
40266888;1;0.507540;-0.433801;0.698566;-0.257341;0.510272;-0.426283;0.703179;-0.251882;0.498687;-0.458177;0.658317;-0.328640;0.523436;-0.403909;0.692939;-0.287590;0.817206;-0.477344;0.216279;0.239876;0.660098;-0.334760;-0.156355;0.654034;-0.260286;-0.297022;0.219746;0.892043;-0.228795;-0.411862;0.819690;0.325777;-0.155892;-0.573618;0.715880;0.366300;-0.155892;-0.573618;0.715880;0.366300;0.084351;-0.533021;0.796607;-0.272379;0.521228;0.847737;-0.098295;-0.001368;0.426622;0.687915;-0.532732;-0.246908;-0.433576;0.094266;0.864953;-0.234482;0.395120;-0.557674;-0.464428;0.563193;0.685508;-0.001478;-0.725735;0.058187;0.685508;-0.001478;-0.725735;0.058187;0.596055;0.146287;-0.132351;0.778332;-0.260356;0.571809;-0.319160;0.709497;0.632587;-0.268017;0.597525;-0.413478;-0.412722;0.562573;-0.475619;0.535686;0.674481;-0.064362;0.730101;-0.088803;0.377315;0.341218;0.821530;0.257473;0.132235;0.781264;0.425340;0.437295;0.339599;0.550847;0.672149;0.359798;-0.011790;0.867320;0.089382;0.489518;0.553933;-0.502870;0.598504;-0.286485;0.553933;-0.502870;0.598504;-0.286485;0.594265;0.067623;0.778789;0.189115;0.286485;0.598504;0.502870;0.553933;0.594265;0.067623;0.778789;0.189115;0.553933;-0.502870;0.598504;-0.286485
40300200;1;0.510895;-0.432151;0.692766;-0.268901;0.509124;-0.436674;0.689924;-0.272238;0.486416;-0.473561;0.642993;-0.354542;0.513281;-0.420472;0.678898;-0.314393;0.797833;-0.507563;0.196586;0.259221;0.682154;-0.285343;-0.111823;0.663883;-0.281524;-0.229247;0.203398;0.909296;-0.244661;-0.417351;0.784560;0.387847;-0.122630;-0.625570;0.631172;0.441866;-0.122630;-0.625570;0.631172;0.441866;0.183982;-0.522487;0.811335;-0.186796;0.562203;0.818003;-0.114090;-0.042222;0.426330;0.687575;-0.528704;-0.256819;-0.440338;0.096741;0.861933;-0.231980;0.400646;-0.555652;-0.464476;0.561244;0.687970;0.005843;-0.724192;0.047010;0.687970;0.005843;-0.724192;0.047010;0.581728;0.225755;-0.166212;0.763545;-0.290128;0.553519;-0.341458;0.702032;0.634737;-0.265673;0.593659;-0.417247;-0.416906;0.558649;-0.478428;0.534049;0.676291;-0.059576;0.729318;-0.084720;0.343559;0.372088;0.818713;0.270605;0.116068;0.785311;0.438157;0.421703;0.331572;0.559626;0.668275;0.360953;-0.018354;0.870795;0.080487;0.484665;0.525567;-0.517898;0.598763;-0.311519;0.525567;-0.517898;0.598763;-0.311519;0.591909;0.057181;0.789599;0.151355;0.311519;0.598763;0.517898;0.525567;0.591909;0.057181;0.789599;0.151355;0.525567;-0.517898;0.598763;-0.311519
40333555;1;0.527602;-0.422809;0.686339;-0.267968;0.516998;-0.448678;0.669714;-0.287896;0.491023;-0.469878;0.639882;-0.358695;0.518207;-0.417050;0.675502;-0.318163;0.798427;-0.504309;0.224470;0.240416;0.671610;-0.325725;-0.143732;0.649757;-0.255390;-0.280562;0.219182;0.898899;-0.225065;-0.399458;0.818961;0.345084;-0.126922;-0.599841;0.685896;0.391953;-0.126922;-0.599841;0.685896;0.391953;0.105578;-0.502701;0.819706;-0.253430;0.559279;0.817122;-0.139325;-0.010352;0.412856;0.688583;-0.516793;-0.297201;-0.456829;0.130784;0.850951;-0.223797;-0.332196;0.601689;0.508389;-0.518803;0.615576;0.134084;-0.776215;-0.024044;0.615576;0.134084;-0.776215;-0.024044;0.501268;0.340051;-0.263653;0.750722;-0.291136;0.558611;-0.342910;0.696854;0.624018;-0.281339;0.592046;-0.425362;-0.411960;0.560092;-0.481233;0.533854;0.672662;-0.058642;0.732346;-0.088074;0.352519;0.384889;0.808168;0.272867;0.135423;0.775631;0.446795;0.424771;0.355246;0.540418;0.675130;0.354891;0.002830;0.862060;0.098757;0.497083;0.542783;-0.505178;0.602206;-0.295855;0.542783;-0.505178;0.602206;-0.295855;0.593007;0.068609;0.783038;0.174605;0.295855;0.602206;0.505178;0.542783;0.593007;0.068609;0.783038;0.174605;0.542783;-0.505178;0.602206;-0.295855
40366877;1;0.530208;-0.419900;0.686729;-0.266394;0.518963;-0.447419;0.669126;-0.287689;0.488856;-0.487813;0.626469;-0.361379;0.516262;-0.436004;0.663571;-0.321012;0.793210;-0.526842;0.207414;0.224130;0.678238;-0.314790;-0.125475;0.652040;-0.245259;-0.261459;0.215581;0.908302;-0.235080;-0.453294;0.782994;0.355222;-0.159277;-0.600750;0.676501;0.395065;-0.159277;-0.600750;0.676501;0.395065;0.095627;-0.539644;0.805203;-0.226467;0.569148;0.816894;-0.093340;-0.006492;0.429817;0.673834;-0.526877;-0.289145;-0.457759;0.146530;0.842722;-0.242496;-0.201903;0.632644;0.582599;-0.468588;0.510102;0.303160;-0.804832;-0.011650;0.510102;0.303160;-0.804832;-0.011650;0.498877;0.398789;-0.231618;0.733786;-0.309115;0.546404;-0.354464;0.692998;0.623707;-0.283386;0.586453;-0.432151;-0.415069;0.557074;-0.484726;0.531438;0.673166;-0.054017;0.732694;-0.084195;0.345382;0.407979;0.798260;0.277570;0.141678;0.773622;0.452919;0.419882;0.339622;0.544864;0.682585;0.349082;-0.004159;0.870376;0.100959;0.481907;0.530492;-0.517690;0.599063;-0.302818;0.530492;-0.517690;0.599063;-0.302818;0.589239;0.057540;0.789664;0.160989;0.302818;0.599064;0.517690;0.530492;0.589239;0.057540;0.789664;0.160989;0.530492;-0.517690;0.599063;-0.302818
40400222;1;0.531159;-0.430823;0.682658;-0.257373;0.521118;-0.456158;0.665995;-0.277140;0.475187;-0.504494;0.622645;-0.363314;0.502792;-0.452937;0.661096;-0.324037;0.783428;-0.542202;0.220134;0.209284;0.663149;-0.310184;-0.151976;0.664020;-0.260617;-0.283004;0.198038;0.901537;-0.215463;-0.415359;0.803912;0.367122;-0.115862;-0.604757;0.673102;0.409608;-0.115862;-0.604757;0.673102;0.409608;0.087657;-0.536208;0.806441;-0.233345;0.576460;0.816184;-0.039045;-0.003603;0.450832;0.649044;-0.550910;-0.268309;-0.469324;0.113025;0.843792;-0.234467;-0.031217;0.616939;0.709612;-0.338912;-0.315554;-0.348119;0.873486;-0.127520;-0.315554;-0.348119;0.873486;-0.127520;0.570502;0.362303;-0.186208;0.713156;-0.331037;0.534562;-0.369719;0.684080;0.614932;-0.296555;0.578389;-0.446521;-0.405136;0.565113;-0.483980;0.531296;0.666048;-0.060285;0.737871;-0.091060;0.342370;0.425909;0.782925;0.297342;0.151530;0.756386;0.471397;0.427438;0.359785;0.538220;0.667078;0.368622;-0.003641;0.854904;0.094627;0.510071;0.503415;-0.507137;0.608831;-0.344543;0.503415;-0.507137;0.608831;-0.344543;0.599597;0.071908;0.789109;0.112340;0.344543;0.608831;0.507137;0.503415;0.599597;0.071908;0.789109;0.112340;0.503415;-0.507137;0.608831;-0.344543
40433544;1;0.538846;-0.424661;0.670728;-0.281839;0.523486;-0.458912;0.647775;-0.309435;0.477757;-0.500445;0.618701;-0.372171;0.506064;-0.449218;0.656841;-0.332660;0.782370;-0.545475;0.200463;0.223985;0.685006;-0.299470;-0.143780;0.648392;-0.222964;-0.273444;0.188635;0.916478;-0.216683;-0.445686;0.782301;0.377382;-0.143268;-0.582483;0.686546;0.410905;-0.143268;-0.582483;0.686546;0.410905;0.108483;-0.557575;0.794984;-0.212937;0.582786;0.809972;-0.065481;-0.004244;0.424171;0.661831;-0.533012;-0.312982;-0.492455;0.091333;0.844855;-0.188061;-0.181107;0.601685;0.673526;-0.389280;-0.422201;-0.200196;0.880672;-0.078006;-0.422201;-0.200196;0.880672;-0.078006;0.676685;0.152994;-0.307175;0.651410;-0.352077;0.529468;-0.398091;0.661233;0.592503;-0.319419;0.580353;-0.458369;-0.396947;0.565550;-0.501329;0.520822;0.652929;-0.048359;0.750560;-0.089469;0.317218;0.459445;0.771434;0.305242;0.151930;0.750515;0.492849;0.413212;0.361433;0.546410;0.655053;0.376441;-0.008061;0.852290;0.080348;0.516799;0.550856;-0.469355;0.599649;-0.341592;0.550856;-0.469355;0.599649;-0.341592;0.631056;0.092131;0.755900;0.147972;0.341592;0.599649;0.469355;0.550856;0.631056;0.092131;0.755900;0.147972;0.550856;-0.469355;0.599649;-0.341592
40466888;1;0.539255;-0.424032;0.665359;-0.294446;0.526379;-0.451672;0.646915;-0.316891;0.477627;-0.511598;0.599410;-0.388392;0.507235;-0.461881;0.638506;-0.348839;0.767258;-0.567832;0.166536;0.247281;0.666928;-0.309612;-0.161665;0.658188;-0.255709;-0.290776;0.193507;0.901453;-0.248716;-0.481447;0.771468;0.333446;-0.302465;-0.341275;0.842903;0.285589;-0.302465;-0.341275;0.842903;0.285589;0.091455;-0.521072;0.815289;-0.235423;0.610684;0.785659;-0.095335;-0.026769;0.423064;0.668561;-0.519073;-0.323430;-0.496424;0.094993;0.841062;-0.192753;-0.220030;0.597581;0.645421;-0.421799;-0.468044;-0.142689;0.867935;-0.085223;-0.468044;-0.142689;0.867935;-0.085223;0.641516;0.216653;-0.271318;0.684036;-0.370607;0.531242;-0.425473;0.631985;0.571450;-0.344861;0.586803;-0.458452;-0.392516;0.567864;-0.517332;0.505795;0.639268;-0.038679;0.763622;-0.081986;0.297242;0.494230;0.750643;0.322365;0.159978;0.733117;0.519855;0.408285;0.366999;0.530250;0.662463;0.381169;-0.007341;0.846077;0.096985;0.524112;0.525121;-0.486016;0.634816;-0.291623;0.525121;-0.486016;0.634816;-0.291623;0.577526;0.105218;0.792548;0.165108;0.291623;0.634816;0.486016;0.525121;0.577526;0.105218;0.792548;0.165108;0.525121;-0.486016;0.634816;-0.291623
40500211;1;0.530448;-0.435724;0.671036;-0.280141;0.517163;-0.465784;0.650531;-0.303969;0.470861;-0.516619;0.601465;-0.386826;0.500365;-0.466722;0.640957;-0.347820;0.769335;-0.573200;0.155755;0.235173;0.675798;-0.305873;-0.159132;0.651472;-0.231122;-0.289762;0.186868;0.909781;-0.139156;-0.448476;0.817241;0.334100;-0.118067;-0.498528;0.787707;0.342122;-0.118067;-0.498528;0.787707;0.342122;0.099329;-0.497721;0.816714;-0.274564;0.613225;0.785461;-0.071112;-0.044144;0.412831;0.690900;-0.518902;-0.288043;-0.462513;0.076231;0.860692;-0.198696;-0.234126;0.586656;0.643487;-0.432371;-0.486734;-0.167162;0.854574;-0.069638;-0.486734;-0.167162;0.854574;-0.069638;0.657067;0.252030;-0.251600;0.664411;-0.395589;0.517568;-0.447754;0.612494;0.558660;-0.362529;0.580473;-0.468533;-0.389233;0.567495;-0.524556;0.501286;0.633788;-0.033322;0.768518;-0.081131;0.290455;0.519737;0.726849;0.342345;0.182233;0.703632;0.550752;0.410324;0.350664;0.519895;0.678245;0.383050;-0.020154;0.849780;0.115558;0.513920;0.529388;-0.501329;0.612161;-0.306066;0.529388;-0.501329;0.612161;-0.306066;0.590755;0.078370;0.787356;0.157913;0.306066;0.612161;0.501329;0.529388;0.590755;0.078370;0.787356;0.157913;0.529388;-0.501329;0.612161;-0.306066
40533555;1;0.525846;-0.442837;0.667562;-0.285906;0.503418;-0.490688;0.633221;-0.323769;0.474735;-0.512663;0.600070;-0.389513;0.504442;-0.462890;0.639249;-0.350188;0.772753;-0.573382;0.158929;0.220968;0.674147;-0.304670;-0.138407;0.658442;-0.222305;-0.274490;0.191406;0.915751;-0.162836;-0.379606;0.809844;0.416578;-0.044148;-0.584415;0.677057;0.445088;-0.044148;-0.584415;0.677057;0.445088;0.123733;-0.522202;0.817513;-0.208970;0.616862;0.778506;-0.102220;-0.054411;0.411714;0.710246;-0.490255;-0.292732;-0.456438;0.081267;0.859183;-0.216483;-0.355256;0.560890;0.525909;-0.531616;0.637757;0.071089;-0.765588;0.045697;0.637757;0.071089;-0.765588;0.045697;0.626626;0.276469;-0.187034;0.704218;-0.417737;0.507876;-0.477382;0.582806;0.537460;-0.388367;0.578804;-0.474652;0.402262;-0.546153;0.546746;-0.490888;0.635705;-0.002449;0.769208;-0.064748;0.282808;0.540038;0.701838;0.368513;0.199198;0.675431;0.572720;0.419649;0.344062;0.530109;0.653637;0.416371;-0.048450;0.839812;0.091060;0.532988;0.532821;-0.491843;0.604156;-0.330435;0.532821;-0.491843;0.604156;-0.330435;0.610415;0.079417;0.774988;0.143108;0.330435;0.604156;0.491843;0.532821;0.610415;0.079417;0.774988;0.143108;0.532821;-0.491843;0.604156;-0.330435
40566877;1;0.523980;-0.446144;0.666988;-0.285529;0.499871;-0.497276;0.629789;-0.325899;0.457159;-0.534385;0.591616;-0.394246;0.487302;-0.485220;0.632564;-0.356315;0.755043;-0.592480;0.135389;0.246064;0.664178;-0.313503;-0.175443;0.655593;-0.249437;-0.305847;0.188474;0.899287;-0.173101;-0.324754;0.838683;0.401475;-0.019579;-0.600910;0.669149;0.436764;-0.019579;-0.600910;0.669149;0.436764;0.136934;-0.493321;0.824701;-0.240314;0.637768;0.763051;-0.080781;-0.066925;0.454950;0.667729;-0.498328;-0.314367;0.505107;-0.078393;-0.829487;0.225107;0.374169;-0.539331;-0.513963;0.552233;0.663674;0.048443;-0.743431;0.067088;0.663674;0.048443;-0.743431;0.067088;0.644502;-0.326594;-0.008207;0.691293;-0.428053;0.511840;-0.508315;0.544433;0.517989;-0.413438;0.591133;-0.459693;0.409898;-0.538702;0.540475;-0.499671;0.647257;-0.001587;0.759442;-0.065600;0.286494;0.555404;0.671281;0.398533;0.220097;0.654426;0.575173;0.438703;0.341148;0.532370;0.641279;0.434697;-0.063485;0.832779;0.080783;0.543989;0.548097;-0.463327;0.627914;-0.301068;0.548097;-0.463327;0.627914;-0.301068;0.600450;0.116380;0.771624;0.174676;0.301068;0.627914;0.463327;0.548097;0.600450;0.116380;0.771624;0.174676;0.548097;-0.463327;0.627914;-0.301068
40600222;1;0.521521;-0.451745;0.661039;-0.294905;0.496317;-0.503070;0.622871;-0.335593;0.454407;-0.546157;0.573847;-0.407340;0.485610;-0.498379;0.615797;-0.369588;0.737247;-0.610377;0.120300;0.263504;0.653114;-0.322285;-0.166655;0.664680;-0.256695;-0.303795;0.198368;0.895805;-0.135216;-0.360177;0.823415;0.417105;0.007070;-0.607309;0.662507;0.438417;0.007070;-0.607309;0.662507;0.438417;0.100013;-0.516399;0.821541;-0.220000;0.658612;0.741619;-0.097621;-0.081864;0.457710;0.670299;-0.495838;-0.308779;0.502596;-0.071941;-0.830651;0.228563;0.398542;-0.517245;-0.516337;0.554091;0.677461;0.028478;-0.730299;0.083063;0.677461;0.028478;-0.730299;0.083063;0.692617;-0.250437;-0.033866;0.675585;-0.446899;0.493512;-0.526286;0.528914;0.505001;-0.429495;0.579712;-0.473753;0.409790;-0.534827;0.542742;-0.501461;0.648435;0.002752;0.758313;-0.066971;0.272376;0.580939;0.648400;0.409756;0.230307;0.642657;0.587296;0.434782;0.323530;0.538575;0.652486;0.423707;-0.068234;0.844957;0.084396;0.523707;0.540872;-0.469876;0.636819;-0.284844;0.540872;-0.469876;0.636819;-0.284844;0.583869;0.118047;0.782551;0.181040;0.284844;0.636819;0.469876;0.540872;0.583869;0.118047;0.782551;0.181040;0.540872;-0.469876;0.636819;-0.284844
40633555;1;0.525345;-0.457287;0.650453;-0.303005;0.499458;-0.507791;0.611841;-0.344007;0.444602;-0.548832;0.573689;-0.414721;0.476428;-0.501058;0.615854;-0.377731;0.728722;-0.615608;0.127273;0.271648;0.648630;-0.317898;-0.181326;0.667338;-0.276101;-0.311228;0.192549;0.888724;-0.156509;-0.331908;0.834661;0.410710;-0.012251;-0.588684;0.678434;0.439349;-0.012251;-0.588684;0.678434;0.439349;0.118635;-0.492705;0.830555;-0.230965;0.666032;0.734021;-0.097806;-0.089712;0.448434;0.691095;-0.486347;-0.291138;-0.480483;0.061055;0.842863;-0.234501;0.413521;-0.507551;-0.501009;0.566023;0.695325;0.014823;-0.713021;0.088907;0.695325;0.014823;-0.713021;0.088907;0.654492;-0.095397;-0.041895;0.748855;0.465323;-0.477012;0.539105;-0.515073;0.501093;-0.437163;0.571891;-0.480349;-0.405527;0.540027;-0.531398;0.511405;0.652395;-0.008988;0.753907;-0.076963;0.280086;0.588008;0.615985;0.443126;0.255786;0.620514;0.583243;0.457564;0.340481;0.522463;0.648602;0.436371;-0.065066;0.830906;0.092968;0.544719;0.549572;-0.478896;0.624135;-0.281221;0.549572;-0.478896;0.624135;-0.281221;0.587459;0.102700;0.779961;0.189752;0.281221;0.624135;0.478896;0.549572;0.587459;0.102700;0.779961;0.189752;0.549572;-0.478896;0.624135;-0.281221
40666888;1;0.525308;-0.457347;0.650427;-0.303033;0.499317;-0.508032;0.611658;-0.344181;0.444255;-0.549338;0.573261;-0.415015;0.476106;-0.501597;0.615468;-0.378052;0.728149;-0.616166;0.127358;0.271878;0.647309;-0.318623;-0.180949;0.668377;-0.278057;-0.311154;0.193511;0.887931;-0.158091;-0.334385;0.834332;0.408760;-0.013927;-0.591627;0.676683;0.438045;-0.013927;-0.591627;0.676683;0.438045;0.118558;-0.496024;0.828253;-0.232167;0.666605;0.733554;-0.097555;-0.089550;0.449118;0.690801;-0.486354;-0.290769;-0.480385;0.061693;0.842579;-0.235552;0.412137;-0.508698;-0.499746;0.567118;0.695123;0.012761;-0.712992;0.091013;0.695123;0.012761;-0.712992;0.091013;0.654393;-0.099520;-0.039513;0.748535;0.465355;-0.477018;0.539096;-0.515049;0.501186;-0.437094;0.571941;-0.480256;-0.405460;0.540158;-0.531471;0.511244;0.652236;-0.009030;0.754052;-0.076896;0.280022;0.588036;0.616014;0.443088;0.255659;0.620626;0.583183;0.457559;0.340302;0.522626;0.648576;0.436355;-0.065183;0.831002;0.092836;0.544580;0.549445;-0.479661;0.623390;-0.281816;0.549445;-0.479661;0.623390;-0.281816;0.587791;0.101631;0.779975;0.189243;0.281816;0.623390;0.479661;0.549445;0.587791;0.101631;0.779975;0.189243;0.549445;-0.479661;0.623390;-0.281816
40700211;1;0.515082;-0.467438;0.650104;-0.305870;0.488910;-0.518040;0.610548;-0.346169;0.431793;-0.557788;0.560772;-0.433546;0.465170;-0.511021;0.603697;-0.397523;0.713220;-0.636740;0.113902;0.270010;0.627088;-0.327085;-0.167532;0.686811;-0.286549;-0.307431;0.201340;0.884781;-0.190589;-0.418989;0.809273;0.364968;-0.097922;-0.600119;0.685807;0.399921;-0.097922;-0.600119;0.685807;0.399921;0.101980;-0.495269;0.829365;-0.237618;0.684702;0.716829;-0.102045;-0.083225;0.448883;0.689002;-0.494202;-0.282038;-0.469290;0.081453;0.843993;-0.246593;0.418793;-0.518113;-0.486618;0.565132;0.701455;0.029887;-0.710172;0.052181;0.701455;0.029887;-0.710172;0.052181;0.653019;-0.136436;-0.017704;0.744740;0.484382;-0.459533;0.544831;-0.507309;0.504878;-0.436764;0.563243;-0.486922;-0.398719;0.548723;-0.520429;0.518729;0.652719;-0.022945;0.752252;-0.086878;0.278731;0.590489;0.603988;0.456979;0.259486;0.615241;0.578773;0.468153;0.344694;0.511961;0.654963;0.436012;-0.061753;0.827945;0.104861;0.547446;0.551714;-0.476022;0.617865;-0.295395;0.551714;-0.476022;0.617865;-0.295395;0.598996;0.100298;0.773495;0.181245;0.295395;0.617865;0.476022;0.551714;0.598996;0.100298;0.773495;0.181245;0.551714;-0.476022;0.617865;-0.295395
40733555;1;0.521830;-0.459956;0.648287;-0.309610;0.495806;-0.509618;0.610020;-0.349774;-0.425019;0.561278;-0.560514;0.436061;0.458620;-0.514521;0.603719;-0.400573;0.713828;-0.642540;0.112710;0.254733;0.619866;-0.329163;-0.150125;0.696334;-0.288949;-0.295577;0.208615;0.886354;-0.192634;-0.440304;0.798154;0.363282;-0.134448;-0.557862;0.720908;0.388594;-0.134448;-0.557862;0.720908;0.388594;0.072719;-0.519249;0.818135;-0.236110;0.685633;0.718189;-0.071496;-0.094874;0.473098;0.669372;-0.505041;-0.270283;-0.476630;0.084099;0.834298;-0.264005;0.389454;-0.534715;-0.461224;0.591336;0.704896;0.024527;-0.705724;0.066884;0.704896;0.024527;-0.705724;0.066884;0.640478;-0.200408;0.028930;0.740802;0.482355;-0.463904;0.540192;-0.510214;0.508961;-0.434414;0.564175;-0.483683;-0.405239;0.544643;-0.518749;0.519658;0.657976;-0.021212;0.748155;-0.082952;0.285619;0.586977;0.603967;0.457278;0.263133;0.615688;0.574688;0.470556;0.329411;0.523473;0.660613;0.425506;-0.065229;0.839990;0.100784;0.529154;0.552171;-0.479459;0.604770;-0.315404;0.552171;-0.479459;0.604770;-0.315404;0.613468;0.088608;0.766666;0.167419;0.315404;0.604770;0.479459;0.552171;0.613468;0.088608;0.766666;0.167419;0.552171;-0.479459;0.604770;-0.315404
40766866;1;0.521616;-0.460095;0.648281;-0.309776;0.495660;-0.509616;0.610121;-0.349808;0.424333;-0.560453;0.561441;-0.436598;0.457979;-0.513624;0.604577;-0.401164;0.714219;-0.642280;0.113870;0.253775;0.622206;-0.328737;-0.148158;0.694868;-0.287935;-0.293325;0.209712;0.887172;-0.197851;-0.438209;0.799206;0.360691;-0.141061;-0.553971;0.723791;0.386452;-0.141061;-0.553971;0.723791;0.386452;0.069915;-0.519415;0.817666;-0.238205;0.685657;0.717541;-0.073857;-0.097745;0.471965;0.666281;-0.507397;-0.275441;-0.481334;0.084878;0.833173;-0.258719;0.399262;-0.529319;-0.465699;0.586120;0.706144;0.021767;-0.704684;0.065629;0.706144;0.021767;-0.704684;0.065629;0.652553;-0.125208;-0.000444;0.747327;0.481745;-0.464602;0.539934;-0.510429;0.508475;-0.434994;0.564055;-0.483812;-0.406298;0.543650;-0.521493;0.517118;0.656945;-0.018560;0.749408;-0.080419;0.285682;0.586780;0.604386;0.456938;0.263114;0.615632;0.574987;0.470274;0.327576;0.525495;0.659787;0.425712;-0.066688;0.840837;0.098783;0.528004;0.550988;-0.481946;0.602955;-0.317152;0.550988;-0.481946;0.602955;-0.317152;0.613868;0.085566;0.767141;0.165347;0.317152;0.602955;0.481946;0.550988;0.613868;0.085566;0.767141;0.165347;0.550988;-0.481946;0.602955;-0.317152
40800222;1;0.522077;-0.459322;0.644848;-0.317223;0.497689;-0.504892;0.609828;-0.354260;0.430510;-0.552825;0.569471;-0.429823;0.463592;-0.505377;0.611970;-0.393915;0.722443;-0.630998;0.109279;0.260721;0.628996;-0.317248;-0.147149;0.694309;-0.301025;-0.282804;0.205721;0.887178;-0.144748;-0.373904;0.813549;0.421167;-0.011387;0.634387;-0.631838;-0.445201;-0.011387;0.634387;-0.631838;-0.445201;0.078954;-0.533784;0.815882;-0.207793;0.677015;0.723530;-0.086356;-0.103431;0.464583;0.675142;-0.495787;-0.287300;-0.484794;0.079736;0.833825;-0.251701;0.400188;-0.524522;-0.480919;0.577445;0.696556;0.003687;-0.711613;0.091664;0.696556;0.003687;-0.711613;0.091664;0.673115;0.154453;-0.096897;0.716709;0.471097;-0.478825;0.536119;-0.511244;0.510316;-0.434684;0.572489;-0.472106;-0.423047;0.530325;-0.529076;0.509770;0.663624;-0.003666;0.745359;-0.063485;0.274992;0.587600;0.618135;0.443863;0.248779;0.622618;0.582864;0.459049;0.316271;0.536997;0.652592;0.430966;-0.078493;0.843911;0.085643;0.523755;0.541013;-0.495233;0.613924;-0.291800;0.541013;-0.495233;0.613924;-0.291800;0.588887;0.083927;0.784292;0.176220;0.291800;0.613924;0.495233;0.541013;0.588887;0.083927;0.784292;0.176220;0.541013;-0.495233;0.613924;-0.291800
40833555;1;0.526744;-0.448336;0.654924;-0.304318;0.501050;-0.498686;0.617450;-0.344989;0.421014;-0.552617;0.577790;-0.428393;0.454012;-0.504503;0.620245;-0.393251;0.727136;-0.629842;0.107868;0.250872;0.633487;-0.311988;-0.137484;0.694591;-0.298545;-0.271925;0.205657;0.891422;-0.133351;-0.416903;0.790948;0.427564;-0.026676;0.669948;-0.592094;-0.447081;-0.026676;0.669948;-0.592094;-0.447081;0.079801;-0.544667;0.813053;-0.189511;0.675949;0.724742;-0.075959;-0.109872;0.468265;0.661924;-0.506880;-0.292673;-0.493351;0.089219;0.828921;-0.248060;0.396485;-0.528088;-0.496146;0.563703;0.683330;0.007916;-0.724552;0.089560;0.683330;0.007916;-0.724552;0.089560;0.653000;0.222083;-0.133961;0.711565;0.453636;-0.498358;0.524670;-0.520168;0.514952;-0.429129;0.582656;-0.459548;0.427865;-0.527838;0.530784;-0.506545;0.664765;-0.000665;0.744811;-0.057818;0.304912;0.564979;0.623798;0.445763;0.255141;0.629004;0.559187;0.475990;0.304747;0.556125;0.641093;0.432265;-0.087716;0.849351;0.064062;0.516531;0.556353;-0.486964;0.598780;-0.307896;0.556353;-0.486964;0.598780;-0.307896;0.611116;0.079065;0.767737;0.175686;0.307896;0.598780;0.486964;0.556353;0.611116;0.079065;0.767737;0.175686;0.556353;-0.486964;0.598780;-0.307896
40866888;1;0.518275;-0.455495;0.656043;-0.305816;0.501019;-0.490229;0.630511;-0.333334;0.426351;-0.550738;0.590863;-0.407178;0.457631;-0.501581;0.633125;-0.371676;0.747444;-0.615089;0.093413;0.232955;0.634248;-0.306567;-0.139850;0.695836;-0.264297;-0.278923;0.189059;0.903662;-0.172708;-0.502436;0.844305;0.069848;-0.173729;-0.489811;0.851691;0.067269;-0.173729;-0.489811;0.851691;0.067269;0.198968;-0.409634;0.754908;-0.471938;0.660755;0.737446;-0.058279;-0.127198;0.474021;0.663128;-0.495844;-0.299505;0.505163;-0.069181;-0.825115;0.243332;0.370301;-0.520176;-0.533402;0.554776;0.660302;0.050225;-0.743356;0.094347;0.660302;0.050225;-0.743356;0.094347;0.669284;0.161289;-0.135019;0.712611;0.427366;-0.525830;0.532718;-0.507023;0.500612;-0.437232;0.607549;-0.434856;0.432001;-0.521591;0.551248;-0.487282;0.654180;0.018282;0.754986;-0.041346;0.314917;0.553008;0.627883;0.448076;0.257410;0.626182;0.554942;0.483400;0.309345;0.549967;0.641915;0.435645;-0.086803;0.845591;0.068978;0.522190;0.546185;-0.479764;0.621686;-0.291574;0.546185;-0.479764;0.621686;-0.291574;0.592385;0.100354;0.778842;0.180038;0.291574;0.621686;0.479764;0.546185;0.592385;0.100354;0.778842;0.180038;0.546185;-0.479764;0.621686;-0.291574
40900222;1;0.519023;-0.453978;0.659104;-0.300168;0.497705;-0.497195;0.627146;-0.334328;0.440500;-0.530100;0.608473;-0.393337;0.470625;-0.479598;0.649023;-0.356745;0.768790;-0.591059;0.102549;0.221573;0.639920;-0.304566;-0.144449;0.690563;-0.240681;-0.285057;0.179912;0.910190;-0.192639;-0.528984;0.814828;0.138278;-0.197866;-0.496931;0.834763;0.130691;-0.197866;-0.496931;0.834763;0.130691;0.133859;-0.493759;0.748242;-0.422395;0.633571;0.762642;-0.053896;-0.118577;0.463872;0.678208;-0.495605;-0.281482;-0.481109;0.072455;0.836864;-0.250885;0.331228;-0.548727;-0.522807;0.562014;0.637007;0.008555;-0.757863;0.140687;0.637007;0.008555;-0.757863;0.140687;0.669564;0.259799;-0.132189;0.683166;-0.411773;0.537651;-0.513333;0.527127;0.508121;-0.425263;0.609703;-0.435002;0.439179;-0.510337;0.575598;-0.464074;0.642968;0.043549;0.764393;-0.019965;0.310927;0.544387;0.652169;0.426195;0.239879;0.640505;0.558068;0.469864;0.291656;0.570035;0.632652;0.435602;-0.099453;0.853241;0.048342;0.509659;0.533766;-0.494102;0.606151;-0.321772;0.533766;-0.494102;0.606151;-0.321772;0.604957;0.079231;0.777997;0.149902;0.321772;0.606151;0.494102;0.533766;0.604957;0.079231;0.777997;0.149902;0.533766;-0.494102;0.606151;-0.321772
40933555;1;0.521148;-0.450403;0.664556;-0.289668;0.505059;-0.485001;0.639743;-0.316889;0.432329;-0.526075;0.616356;-0.395528;0.462655;-0.474953;0.656559;-0.359584;0.773517;-0.591587;0.108508;0.199804;0.644417;-0.301935;-0.144026;0.687618;-0.232403;-0.283948;0.176866;0.913280;-0.244952;-0.423920;0.799709;0.347500;-0.238936;-0.437619;0.792296;0.351664;-0.238936;-0.437619;0.792296;0.351664;0.083438;-0.576435;0.775348;-0.244123;0.624245;0.772347;-0.010265;-0.117016;0.473921;0.653638;-0.518140;-0.282288;0.506235;-0.037677;-0.833242;0.219122;0.369889;-0.510870;-0.541163;0.556181;0.649443;-0.006429;-0.744180;0.156138;0.649443;-0.006429;-0.744180;0.156138;0.701106;0.134239;-0.124531;0.689146;-0.397689;0.548817;-0.492225;0.546221;0.522997;-0.406429;0.615071;-0.427759;0.446148;-0.504347;0.581967;-0.455962;0.642195;0.052347;0.764694;-0.009348;0.325446;0.528486;0.663783;0.417348;0.236520;0.649419;0.546038;0.473450;0.280926;0.571773;0.646948;0.419063;-0.095372;0.864430;0.057243;0.490294;0.537469;-0.493956;0.600768;-0.325903;0.537469;-0.493956;0.600768;-0.325903;0.610496;0.075527;0.774087;0.149600;0.325903;0.600768;0.493956;0.537469;0.610496;0.075527;0.774087;0.149600;0.537469;-0.493956;0.600768;-0.325903
40966877;1;0.516439;-0.453108;0.665154;-0.292497;0.505749;-0.476395;0.648678;-0.310615;0.451944;-0.504389;0.630804;-0.378715;0.480859;-0.452178;0.669221;-0.341252;0.795448;-0.565740;0.121067;0.180396;0.660472;-0.304627;-0.156891;0.668105;-0.207749;-0.296157;0.172346;0.916203;-0.257134;-0.452063;0.788420;0.328505;-0.310456;-0.307724;0.855145;0.278659;-0.310456;-0.307724;0.855145;0.278659;0.120457;-0.496143;0.826356;-0.237628;0.593421;0.798467;-0.006105;-0.101310;0.461632;0.657512;-0.528893;-0.273580;-0.489642;0.053215;0.842151;-0.219546;-0.357785;0.530279;0.546327;-0.540667;0.637121;0.022460;-0.761029;0.120029;0.637121;0.022460;-0.761029;0.120029;0.683414;0.243522;-0.151587;0.671315;-0.383147;0.560608;-0.474892;0.559817;0.529562;-0.398094;0.617527;-0.423964;0.448548;-0.503104;0.579493;-0.458126;0.645408;0.051486;0.762045;-0.009187;0.314066;0.513617;0.699513;0.385021;0.207904;0.672254;0.548806;0.451290;0.283262;0.574960;0.644071;0.417559;-0.092680;0.864670;0.052940;0.490870;0.498975;-0.517132;0.599435;-0.352530;0.498975;-0.517132;0.599435;-0.352530;0.602105;0.058197;0.789532;0.103552;0.352530;0.599435;0.517132;0.498975;0.602105;0.058197;0.789532;0.103552;0.498975;-0.517132;0.599435;-0.352530
41000222;1;0.509960;-0.443786;0.675478;-0.294489;0.487763;-0.490628;0.642263;-0.329955;0.474286;-0.487242;0.639826;-0.358149;0.501479;-0.434363;0.676839;-0.318962;0.807680;-0.534615;0.143542;0.203063;0.672206;-0.304117;-0.161104;0.655514;-0.208350;-0.296138;0.175339;0.915505;-0.263179;-0.474527;0.773114;0.328415;-0.316256;-0.332924;0.843826;0.277671;-0.316256;-0.332924;0.843826;0.277671;0.059338;-0.538674;0.804140;-0.244270;0.565858;0.820225;-0.015873;-0.082365;0.447806;0.656102;-0.534964;-0.287773;-0.495958;0.047446;0.845225;-0.193309;-0.383135;0.521557;0.552937;-0.524830;0.638272;-0.003522;-0.760098;0.121852;0.638272;-0.003522;-0.760098;0.121852;0.692439;0.222049;-0.166196;0.666034;-0.361722;0.578896;-0.462388;0.565893;0.530080;-0.391097;0.629273;-0.412401;0.439576;-0.511755;0.569348;-0.469812;0.647274;0.038117;0.760934;-0.023725;0.323001;0.480758;0.733142;0.356435;0.182222;0.701941;0.525249;0.445184;0.272613;0.582822;0.650200;0.404029;-0.090720;0.874468;0.051742;0.473707;0.492096;-0.512818;0.617902;-0.336237;0.492096;-0.512818;0.617902;-0.336237;0.585720;0.074306;0.799540;0.110209;0.336237;0.617902;0.512818;0.492096;0.585720;0.074306;0.799540;0.110209;0.492096;-0.512818;0.617902;-0.336237
41033533;1;0.504796;-0.453694;0.676718;-0.285298;0.486616;-0.493795;0.648037;-0.315308;0.479132;-0.478328;0.650253;-0.344683;0.505230;-0.424642;0.686517;-0.305149;0.815029;-0.516348;0.159817;0.208737;0.689037;-0.298731;-0.178442;0.635725;-0.181847;-0.308264;0.161415;0.919701;-0.240356;-0.460401;0.782478;0.343493;-0.260569;-0.412533;0.808739;0.328424;-0.260569;-0.412533;0.808739;0.328424;-0.018122;-0.592295;0.767106;-0.245775;0.550921;0.830440;-0.024108;-0.079214;0.448661;0.656879;-0.535867;-0.282949;-0.493656;0.042962;0.846639;-0.194062;-0.369054;0.523864;0.564975;-0.519777;0.625302;0.007713;-0.770436;0.123961;0.625302;0.007713;-0.770436;0.123961;0.681122;0.226707;-0.175945;0.673587;-0.355963;0.571731;-0.440888;0.593323;0.546094;-0.374162;0.617481;-0.424855;0.437443;-0.516996;0.567153;-0.468718;0.645002;0.032847;0.763084;-0.024423;0.324599;0.465927;0.750852;0.337296;0.173072;0.715258;0.518893;0.434973;0.284492;0.588130;0.639692;0.404922;-0.082980;0.870889;0.040499;0.482728;0.496728;-0.502128;0.610584;-0.358211;0.496728;-0.502128;0.610584;-0.358211;0.604533;0.076690;0.786807;0.097946;0.358211;0.610584;0.502128;0.496728;0.604533;0.076690;0.786807;0.097946;0.496728;-0.502128;0.610584;-0.358211
41066888;1;0.505890;-0.455217;0.679426;-0.274285;0.494157;-0.482830;0.660089;-0.294900;0.473963;-0.480232;0.653572;-0.342901;0.499935;-0.426273;0.689978;-0.303788;0.810068;-0.512654;0.160467;0.235003;0.693449;-0.298657;-0.197745;0.625164;-0.211086;-0.317654;0.165516;0.909474;-0.152093;-0.425893;0.794814;0.404665;-0.113091;-0.499241;0.750914;0.417249;-0.113091;-0.499241;0.750914;0.417249;0.103425;-0.512096;0.827627;-0.205169;0.553084;0.828828;-0.033834;-0.077440;0.435510;0.656146;-0.553555;-0.270888;-0.476971;0.053942;0.856762;-0.188542;-0.384049;0.531664;0.546798;-0.520434;0.629147;-0.053688;-0.760771;0.150064;0.629147;-0.053688;-0.760771;0.150064;0.700463;0.251126;-0.168642;0.646410;-0.341897;0.576257;-0.421047;0.611354;0.562148;-0.353543;0.619988;-0.417866;-0.418244;0.541906;-0.533045;0.497266;0.651466;-0.009054;0.756406;-0.057970;0.334149;0.448906;0.764307;0.320409;0.167729;0.729647;0.503259;0.431524;0.299196;0.576067;0.653064;0.390047;-0.061960;0.871741;0.058365;0.482516;0.520320;-0.507360;0.599153;-0.335958;0.520320;-0.507360;0.599153;-0.335958;0.605480;0.064907;0.782423;0.130363;0.335958;0.599153;0.507360;0.520320;0.605480;0.064907;0.782423;0.130363;0.520320;-0.507360;0.599153;-0.335958
41100222;1;0.518469;-0.441874;0.686622;-0.253946;0.508624;-0.467205;0.669642;-0.273130;0.485476;-0.468893;0.659705;-0.330518;0.510418;-0.414479;0.695182;-0.290521;0.830447;-0.504745;0.161291;0.171972;0.696898;-0.300022;-0.185280;0.624493;-0.198952;-0.309259;0.169413;0.914372;-0.257525;-0.264172;0.864483;0.341414;0.039217;0.679701;-0.595922;-0.425846;0.039217;0.679701;-0.595922;-0.425846;0.070757;-0.588855;0.747411;-0.299365;0.529855;0.845052;-0.004833;-0.071541;0.423423;0.668640;-0.546807;-0.273194;-0.469354;0.051938;0.862195;-0.183381;-0.386161;0.532089;0.548546;-0.516583;0.589686;-0.195232;-0.738854;0.261246;0.589686;-0.195232;-0.738854;0.261246;0.682722;0.250340;-0.179670;0.662525;-0.326021;0.572747;-0.387589;0.644551;0.579907;-0.338930;0.602844;-0.430597;0.439287;-0.522087;0.535153;-0.498059;0.666882;0.006573;0.743846;-0.043789;0.355483;0.429147;0.768839;0.313610;0.175039;0.730792;0.491110;0.440586;0.292818;0.583259;0.649782;0.389679;-0.066273;0.874508;0.050995;0.477748;0.487238;-0.569577;0.578002;-0.322638;0.487238;-0.569577;0.578002;-0.322638;0.572669;0.005957;0.811461;0.116390;0.322638;0.578002;0.569577;0.487238;0.572669;0.005957;0.811461;0.116390;0.487238;-0.569577;0.578002;-0.322638
41133555;1;0.523450;-0.436255;0.681059;-0.268031;0.511904;-0.464077;0.662414;-0.289472;0.498705;-0.448248;0.669000;-0.320632;0.522812;-0.393155;0.702792;-0.279607;0.840805;-0.479147;0.180889;0.175340;0.708474;-0.302170;-0.194202;0.607490;-0.170376;-0.319535;0.164068;0.917579;-0.197054;-0.146358;0.874405;0.418526;-0.103495;0.655135;-0.597330;-0.450870;-0.103495;0.655135;-0.597330;-0.450870;0.263679;-0.493100;0.762031;-0.326550;0.505260;0.861165;-0.017129;-0.053044;0.426077;0.659930;-0.551486;-0.280739;-0.486723;0.010991;0.859955;-0.153156;-0.406263;0.494751;0.582197;-0.501217;0.519984;-0.331124;-0.688540;0.381949;0.519984;-0.331124;-0.688540;0.381949;0.705122;0.100447;-0.181119;0.678167;-0.301603;0.589552;-0.378910;0.646445;0.570657;-0.341470;0.612026;-0.427987;0.444445;-0.509546;0.554897;-0.484687;0.661145;0.029459;0.749046;-0.030797;0.378227;0.404306;0.772259;0.311602;0.176962;0.731029;0.474767;0.457031;0.292768;0.590980;0.633769;0.404185;-0.076622;0.868773;0.034250;0.488046;0.481498;-0.567055;0.590345;-0.313212;0.481498;-0.567055;0.590345;-0.313212;0.561945;0.016468;0.818405;0.118996;0.313212;0.590345;0.567055;0.481498;0.561945;0.016468;0.818405;0.118996;0.481498;-0.567055;0.590345;-0.313212
41166866;1;0.532329;-0.432050;0.674018;-0.275061;0.524747;-0.450001;0.662168;-0.289263;0.501298;-0.440594;0.676474;-0.311384;0.524655;-0.384927;0.709628;-0.270180;0.847424;-0.465410;0.161990;0.197548;0.709687;-0.284060;-0.173820;0.620838;-0.244495;-0.281225;0.178372;0.910669;-0.173056;-0.095256;0.855002;0.479531;-0.200867;0.653245;-0.559797;-0.468563;-0.200867;0.653245;-0.559797;-0.468563;0.279421;-0.482646;0.763197;-0.326355;0.500073;0.861375;-0.039420;-0.080037;0.419852;0.666124;-0.552040;-0.274328;-0.469857;0.049519;0.863722;-0.175404;-0.277471;0.566659;0.639229;-0.439652;-0.499067;0.001238;0.854233;-0.145656;-0.499067;0.001238;0.854233;-0.145656;0.689879;0.266774;-0.241013;0.628341;-0.288472;0.590312;-0.361443;0.661570;0.584623;-0.324809;0.611264;-0.423168;0.438850;-0.519922;0.538487;-0.497115;0.665912;0.010461;0.744691;-0.043450;0.382125;0.385400;0.785912;0.296292;0.164636;0.745861;0.458080;0.454697;0.290876;0.594187;0.635515;0.398062;-0.073659;0.872246;0.033213;0.482346;0.501407;-0.526963;0.597860;-0.336844;0.501407;-0.526963;0.597860;-0.336844;0.592733;0.050132;0.795370;0.116363;0.336844;0.597860;0.526963;0.501407;0.592733;0.050132;0.795370;0.116363;0.501407;-0.526963;0.597860;-0.336844
41200222;1;0.533150;-0.426435;0.680626;-0.265806;0.527594;-0.440284;0.671751;-0.276669;0.511951;-0.431245;0.675565;-0.309104;0.535091;-0.375680;0.707972;-0.267054;0.853936;-0.458742;0.172558;0.174849;0.711379;-0.297538;-0.193052;0.606748;-0.160147;-0.317624;0.157837;0.921170;-0.190593;-0.181302;0.867632;0.421923;-0.098129;0.662309;-0.589069;-0.452455;-0.098129;0.662309;-0.589069;-0.452455;0.222957;-0.565457;0.723784;-0.326626;0.487766;0.869974;-0.038009;-0.061525;0.423136;0.664168;-0.547670;-0.282657;-0.477094;0.054117;0.859146;-0.176977;-0.287616;0.565872;0.629968;-0.447444;0.511255;-0.010118;-0.846740;0.146792;0.511255;-0.010118;-0.846740;0.146792;0.677658;0.264073;-0.240118;0.642953;-0.266192;0.594002;-0.335059;0.681204;0.596565;-0.312443;0.606236;-0.423046;0.459789;-0.500889;0.549643;-0.485384;0.672466;0.031956;0.739154;-0.020490;0.389770;0.365476;0.797290;0.280775;0.161251;0.753818;0.448277;0.452553;0.287408;0.602405;0.631062;0.395305;-0.074233;0.874918;0.024267;0.477931;0.476787;-0.550368;0.602731;-0.326321;0.476787;-0.550368;0.602731;-0.326321;0.567883;0.037026;0.815364;0.106396;0.326321;0.602731;0.550368;0.476787;0.567883;0.037026;0.815364;0.106396;0.476787;-0.550368;0.602731;-0.326321
41233555;1;0.522992;-0.435951;0.681037;-0.269469;0.524609;-0.431834;0.683655;-0.266309;0.519387;-0.424242;0.679625;-0.297266;0.541553;-0.368374;0.711457;-0.254657;0.858860;-0.443491;0.174652;0.187544;0.695957;-0.293221;-0.192278;0.626653;-0.231865;-0.306442;0.170420;0.907353;-0.224046;-0.121592;0.872941;0.415923;-0.097644;0.656710;-0.587829;-0.462228;-0.097644;0.656710;-0.587829;-0.462228;0.296851;-0.442122;0.788076;-0.308779;0.479081;0.872886;-0.071612;-0.058506;0.410728;0.670918;-0.538286;-0.302357;-0.485868;0.042039;0.859136;-0.155081;-0.321691;0.548605;0.633449;-0.440783;0.537219;0.042037;-0.836934;0.095766;0.537219;0.042037;-0.836934;0.095766;0.648295;0.235604;-0.266289;0.673271;-0.248656;0.607370;-0.322823;0.681950;0.600945;-0.303278;0.617396;-0.407075;0.450878;-0.510344;0.535128;-0.499896;0.676352;0.014925;0.735498;-0.036969;0.382767;0.347271;0.815761;0.259666;0.148456;0.769349;0.440580;0.438123;0.259754;0.608214;0.651057;0.372461;-0.077721;0.892915;0.034391;0.442131;0.485504;-0.526745;0.611228;-0.336490;0.485504;-0.526745;0.611228;-0.336490;0.581238;0.059738;0.804669;0.105369;0.336490;0.611228;0.526745;0.485504;0.581238;0.059738;0.804669;0.105369;0.485504;-0.526745;0.611228;-0.336490
41266888;1;0.511096;-0.429093;0.696199;-0.264515;0.513140;-0.423658;0.699519;-0.260527;0.516362;-0.428477;0.676014;-0.304603;0.539126;-0.372885;0.708198;-0.262213;0.857036;-0.453239;0.156367;0.188714;0.703916;-0.292570;-0.174029;0.623392;-0.219796;-0.291043;0.176572;0.914224;-0.234545;-0.159392;0.872895;0.397036;-0.063868;0.668469;-0.583524;-0.456694;-0.063868;0.668469;-0.583524;-0.456694;0.249060;-0.511176;0.759882;-0.315035;0.489185;0.866371;-0.069686;-0.072413;0.403432;0.678882;-0.547452;-0.276872;-0.460370;0.047854;0.870801;-0.165755;-0.324401;0.555175;0.616131;-0.454892;0.539211;-0.039053;-0.828439;0.146337;0.539211;-0.039053;-0.828439;0.146337;0.639238;0.277565;-0.250218;0.672104;-0.248197;0.605824;-0.316172;0.686594;0.612702;-0.291604;0.618059;-0.396947;-0.444596;0.526646;-0.520596;0.503943;0.674756;-0.006922;0.736687;-0.044145;0.370325;0.331163;0.831313;0.249217;0.134353;0.777113;0.443611;0.425739;0.285620;0.600588;0.647439;0.372208;-0.059161;0.885059;0.037085;0.460213;0.507856;-0.506959;0.623615;-0.310127;0.507856;-0.506959;0.623615;-0.310127;0.578402;0.082488;0.799437;0.139816;0.310127;0.623615;0.506959;0.507856;0.578402;0.082488;0.799437;0.139816;0.507856;-0.506959;0.623615;-0.310127
41300200;1;0.509923;-0.419289;0.702984;-0.264555;0.511686;-0.414564;0.705780;-0.261129;0.513402;-0.432087;0.669793;-0.317959;0.537246;-0.376982;0.702286;-0.275764;0.851140;-0.465377;0.164802;0.178398;0.718565;-0.294261;-0.176516;0.604911;-0.131538;-0.305741;0.155787;0.930027;-0.196794;-0.226304;0.860377;0.412081;-0.064544;0.665162;-0.590780;-0.452076;-0.064544;0.665162;-0.590780;-0.452076;0.266005;-0.514535;0.761187;-0.291702;0.500225;0.859989;-0.065297;-0.077002;0.417791;0.658937;-0.551765;-0.294633;-0.483582;0.060905;0.857282;-0.165852;-0.319378;0.562465;0.614080;-0.452258;0.536798;-0.027526;-0.832288;0.135602;0.536798;-0.027526;-0.832288;0.135602;0.634738;0.262348;-0.256181;0.680186;-0.237973;0.613265;-0.307799;0.687411;0.614023;-0.288594;0.622569;-0.389996;0.456828;-0.513745;0.531622;-0.494725;0.676928;0.010086;0.735406;-0.029080;0.364618;0.317135;0.840170;0.246158;0.123328;0.780744;0.443671;0.422357;0.282417;0.604777;0.642974;0.375593;-0.063855;0.884889;0.030992;0.460362;0.475998;-0.532793;0.639889;-0.283019;0.475998;-0.532793;0.639889;-0.283019;0.536706;0.075729;0.829211;0.136457;0.283019;0.639889;0.532793;0.475998;0.536706;0.075729;0.829211;0.136457;0.475998;-0.532793;0.639889;-0.283019
41333555;1;0.517418;-0.420086;0.693043;-0.274769;0.522448;-0.407098;0.700751;-0.265080;0.515577;-0.403571;0.689951;-0.308673;0.538670;-0.346941;0.720092;-0.266333;0.870012;-0.439106;0.153292;0.163605;0.707443;-0.300536;-0.189394;0.611010;-0.188013;-0.311986;0.169872;0.915674;-0.221744;-0.139505;0.878956;0.398504;-0.083882;0.668706;-0.587246;-0.448263;-0.083882;0.668706;-0.587246;-0.448263;0.228968;-0.515400;0.755995;-0.332276;0.472459;0.873285;-0.066893;-0.098394;0.427495;0.650128;-0.555802;-0.292687;-0.486976;0.072808;0.852222;-0.176840;-0.329594;0.564048;0.593378;-0.470234;0.569811;0.061432;-0.816378;0.071186;0.569811;0.061432;-0.816378;0.071186;0.641379;0.226656;-0.241290;0.692127;-0.225491;0.615617;-0.290838;0.696838;0.621914;-0.282662;0.619451;-0.386789;0.464980;-0.509606;0.530259;-0.492870;0.681382;0.012102;0.731497;-0.022030;0.353756;0.308020;0.849920;0.240033;0.112506;0.786951;0.444853;0.412501;0.283425;0.598801;0.653031;0.366959;-0.056993;0.887697;0.042301;0.454924;0.493589;-0.524080;0.606385;-0.337648;0.493589;-0.524080;0.606385;-0.337648;0.587774;0.058199;0.799360;0.110267;0.337648;0.606385;0.524080;0.493589;0.587774;0.058199;0.799360;0.110267;0.493589;-0.524080;0.606385;-0.337648
41366877;1;0.508574;-0.432600;0.695702;-0.264970;0.516395;-0.411246;0.708534;-0.249383;0.516528;-0.409928;0.692203;-0.293281;0.538383;-0.353098;0.722847;-0.250914;0.868872;-0.431015;0.161563;0.182168;0.719308;-0.295580;-0.167624;0.605914;-0.157836;-0.294294;0.169871;0.927158;-0.251098;-0.203461;0.873098;0.365038;-0.007302;0.672313;-0.593037;-0.443001;-0.007302;0.672313;-0.593037;-0.443001;0.277558;-0.493180;0.768272;-0.299154;0.464388;0.880243;-0.049979;-0.083781;0.435396;0.650230;-0.553960;-0.284181;-0.488588;0.053004;0.852562;-0.177793;-0.323032;0.551851;0.607511;-0.471212;0.555248;-0.004296;-0.820726;0.134499;0.555248;-0.004296;-0.820726;0.134499;0.671018;0.255201;-0.226171;0.658372;-0.207871;0.615068;-0.279884;0.707210;0.627410;-0.270286;0.619384;-0.386866;0.460110;-0.515146;0.526805;-0.495379;0.679704;0.005708;0.732960;-0.027206;0.359198;0.294826;0.854998;0.230290;0.113079;0.791044;0.438332;0.411494;0.297514;0.590940;0.657151;0.361147;-0.042848;0.885053;0.050679;0.460736;0.485088;-0.547928;0.619275;-0.284540;0.485088;-0.547928;0.619275;-0.284540;0.544209;0.050450;0.825337;0.141809;0.284540;0.619275;0.547928;0.485088;0.544209;0.050450;0.825337;0.141809;0.485088;-0.547928;0.619275;-0.284540
41400222;1;0.511237;-0.422935;0.698228;-0.268776;0.515773;-0.410893;0.705381;-0.259965;0.518562;-0.410189;0.687525;-0.300246;0.540970;-0.353733;0.718205;-0.257694;0.865665;-0.434941;0.151136;0.196491;0.713242;-0.310409;-0.182899;0.601233;-0.160373;-0.314309;0.176112;0.918953;-0.228935;-0.190610;0.882195;0.364677;-0.014016;0.651175;-0.624956;-0.430354;-0.014016;0.651175;-0.624956;-0.430354;0.274053;-0.459755;0.785625;-0.310345;0.473790;0.872519;-0.071817;-0.095266;0.432031;0.658221;-0.550645;-0.277281;-0.477870;0.060401;0.856047;-0.187551;-0.343993;0.549725;0.581288;-0.491504;0.594491;0.054350;-0.798210;0.080547;0.594491;0.054350;-0.798210;0.080547;0.698478;0.246468;-0.199590;0.641519;-0.206338;0.609930;-0.278119;0.712783;0.635743;-0.258498;0.618540;-0.382646;-0.441577;0.542956;-0.504893;0.505265;0.673548;-0.029578;0.737049;-0.047082;0.350979;0.268903;0.868184;0.225304;0.093890;0.798837;0.433419;0.406438;0.295198;0.600508;0.646258;0.366879;-0.048613;0.884188;0.036241;0.463179;0.469941;-0.503290;0.650227;-0.321028;0.469941;-0.503290;0.650227;-0.321028;0.559300;0.103900;0.815660;0.105297;0.321028;0.650227;0.503290;0.469941;0.559300;0.103900;0.815660;0.105297;0.469941;-0.503290;0.650227;-0.321028
41433555;1;0.515885;-0.422223;0.691725;-0.277680;0.519800;-0.412298;0.697686;-0.270282;0.504492;-0.412474;0.694848;-0.304204;0.527262;-0.355423;0.725687;-0.262767;0.862476;-0.437983;0.136101;0.213970;0.701353;-0.307708;-0.184851;0.615833;-0.195595;-0.311443;0.178486;0.912627;-0.257739;-0.123055;0.891047;0.352795;-0.052275;0.697909;-0.567476;-0.433775;-0.052275;0.697909;-0.567476;-0.433775;0.296547;-0.464352;0.763522;-0.336855;0.473192;0.873350;-0.031947;-0.111031;0.456668;0.641444;-0.554668;-0.268974;-0.489398;0.057963;0.846019;-0.203426;-0.325224;0.547785;0.585265;-0.501624;0.584903;0.028007;-0.801136;0.123635;0.584903;0.028007;-0.801136;0.123635;0.692154;0.264148;-0.186374;0.645301;-0.205452;0.599712;-0.266580;0.725996;0.653403;-0.244155;0.609225;-0.377222;-0.468373;0.521780;-0.508167;0.500139;0.688873;-0.012120;0.724361;-0.024658;0.333131;0.266854;0.874491;0.230387;0.071348;0.808543;0.426789;0.398772;0.268413;0.613816;0.645906;0.366047;-0.067101;0.893273;0.026727;0.443673;0.476348;-0.523969;0.634956;-0.308836;0.476348;-0.523969;0.634956;-0.308836;0.555210;0.078479;0.819484;0.118449;0.308836;0.634956;0.523969;0.476348;0.555210;0.078479;0.819484;0.118449;0.476348;-0.523969;0.634956;-0.308836
41466888;1;0.511028;-0.406689;0.702795;-0.282016;0.511474;-0.405576;0.703439;-0.281206;0.509127;-0.406044;0.693674;-0.307791;0.532170;-0.349108;0.724002;-0.265971;0.866072;-0.437270;0.148807;0.191236;0.708642;-0.323008;-0.185479;0.599241;-0.165685;-0.321919;0.187363;0.913133;-0.180245;-0.194240;0.879777;0.394684;0.047230;-0.617265;0.656293;0.431315;0.047230;-0.617265;0.656293;0.431315;0.248962;-0.410564;0.825870;-0.295625;0.468136;0.877326;-0.027030;-0.102065;0.458443;0.635825;-0.555517;-0.277413;-0.498937;0.054656;0.842546;-0.195422;-0.349585;0.537109;0.576688;-0.506691;0.608952;0.055154;-0.786138;0.090125;0.608952;0.055154;-0.786138;0.090125;0.680353;0.244966;-0.189566;0.664211;-0.196563;0.597394;-0.257133;0.733734;0.664776;-0.229331;0.608649;-0.367460;-0.472427;0.526798;-0.502228;0.497056;0.689572;-0.019836;0.723681;-0.019570;0.328017;0.242539;0.886484;0.218463;0.060870;0.817168;0.420546;0.389453;0.262528;0.621443;0.644380;0.360085;-0.067118;0.897565;0.020272;0.435271;0.460907;-0.563578;0.613528;-0.305822;0.460907;-0.563578;0.613528;-0.305822;0.542159;0.035320;0.832340;0.109661;0.305822;0.613528;0.563578;0.460907;0.542159;0.035320;0.832340;0.109661;0.460907;-0.563578;0.613528;-0.305822
41500200;1;0.509362;-0.402804;0.703889;-0.287818;0.510746;-0.399402;0.705825;-0.285356;0.510303;-0.407993;0.690087;-0.311308;0.533624;-0.351339;0.720583;-0.269383;0.867059;-0.443677;0.143168;0.175675;0.705360;-0.308184;-0.160564;0.617826;-0.180369;-0.293550;0.185975;0.920168;-0.239438;-0.102760;0.885470;0.384777;-0.106475;0.703409;-0.547568;-0.440508;-0.106475;0.703409;-0.547568;-0.440508;0.331669;-0.455230;0.753201;-0.339779;0.472632;0.873775;-0.027697;-0.111218;0.463157;0.633655;-0.560827;-0.263515;-0.490906;0.059624;0.844091;-0.207283;-0.355006;0.538785;0.555966;-0.524007;0.617040;-0.014691;-0.774062;0.140975;0.617040;-0.014691;-0.774062;0.140975;0.685089;0.201847;-0.170798;0.678777;-0.187407;0.596697;-0.247612;0.739946;0.672408;-0.220155;0.607405;-0.361190;-0.482510;0.519315;-0.503179;0.494274;0.694738;-0.013806;0.719053;-0.010524;0.327147;0.231457;0.888864;0.222089;0.048861;0.820832;0.412102;0.392453;0.238700;0.618571;0.657038;0.358740;-0.083024;0.904334;0.031374;0.417495;0.450509;-0.539856;0.641694;-0.306310;0.450509;-0.539856;0.641694;-0.306310;0.535152;0.072011;0.835482;0.101964;0.306310;0.641694;0.539856;0.450509;0.535152;0.072011;0.835482;0.101964;0.450509;-0.539856;0.641694;-0.306310
41533555;1;0.509462;-0.389668;0.711053;-0.288116;0.508763;-0.391389;0.710107;-0.289349;0.516980;-0.394051;0.695201;-0.306841;0.539921;-0.337032;0.724562;-0.264395;0.876125;-0.431812;0.148264;0.154796;0.686425;-0.319904;-0.171297;0.630190;-0.164413;-0.316019;0.178364;0.917217;-0.213219;-0.148206;0.884969;0.386526;-0.084429;0.681451;-0.583746;-0.433286;-0.084429;0.681451;-0.583746;-0.433286;0.257574;-0.516942;0.737819;-0.349356;0.455823;0.884549;-0.020158;-0.096913;0.465967;0.629538;-0.555641;-0.278961;0.503676;-0.062993;-0.837309;0.203115;-0.343326;0.543316;0.569534;-0.512412;0.612911;0.083527;-0.782678;0.069131;0.612911;0.083527;-0.782678;0.069131;0.675705;0.208930;-0.186662;0.681857;-0.174678;0.604744;-0.231847;0.741632;0.675264;-0.220149;0.609143;-0.352842;-0.478714;0.528170;-0.492993;0.498826;0.695249;-0.027300;0.718064;-0.016352;0.333683;0.208971;0.893885;0.214375;0.047190;0.822366;0.407863;0.393872;0.242155;0.605691;0.670232;0.353961;-0.077097;0.904477;0.049777;0.416533;0.463301;-0.535730;0.626295;-0.325729;0.463301;-0.535730;0.626295;-0.325729;0.557929;0.064039;0.821676;0.097279;0.325729;0.626295;0.535730;0.463301;0.557929;0.064039;0.821676;0.097279;0.463301;-0.535730;0.626295;-0.325729
41566888;1;0.512136;-0.390764;0.707587;-0.290414;0.513286;-0.387949;0.709134;-0.288377;0.519302;-0.390046;0.694710;-0.309139;0.542421;-0.333078;0.723752;-0.266499;0.877446;-0.430866;0.151903;0.146181;0.701393;-0.304587;-0.152990;0.625995;-0.183388;-0.286411;0.184791;0.922057;-0.211453;-0.110957;0.876883;0.417195;-0.143883;0.696556;-0.544100;-0.445042;-0.143883;0.696556;-0.544100;-0.445042;0.317361;-0.464629;0.754469;-0.337903;0.454427;0.885195;-0.024317;-0.096615;0.462334;0.631722;-0.561570;-0.267981;-0.492441;0.067571;0.842536;-0.207529;-0.346637;0.547141;0.556744;-0.520111;0.612282;0.003013;-0.780588;0.125630;0.612282;0.003013;-0.780588;0.125630;0.702762;0.161419;-0.170511;0.671562;-0.148931;0.607917;-0.216236;0.749332;0.674879;-0.216555;0.607848;-0.357999;0.507149;-0.501308;0.530338;-0.458510;0.687048;0.018350;0.725674;0.032032;0.330992;0.200097;0.896693;0.215283;0.039739;0.824158;0.405957;0.392917;0.251775;0.613885;0.655509;0.360641;-0.075066;0.899994;0.033542;0.428079;0.449145;-0.547041;0.622105;-0.334666;0.449145;-0.547041;0.622105;-0.334666;0.554238;0.053078;0.826710;0.080949;0.334666;0.622105;0.547041;0.449145;0.554238;0.053078;0.826710;0.080949;0.449145;-0.547041;0.622105;-0.334666
41600222;1;0.524792;-0.387042;0.694712;-0.303591;0.527361;-0.381105;0.697986;-0.299106;0.517913;-0.400318;0.688375;-0.312493;0.541304;-0.343826;0.718261;-0.269954;0.868716;-0.438002;0.134514;0.188131;0.697198;-0.315906;-0.150089;0.625773;-0.172839;-0.292291;0.192066;0.920762;-0.258479;-0.124482;0.891547;0.350482;-0.050890;0.700255;-0.565681;-0.432503;-0.050890;0.700255;-0.565681;-0.432503;0.307587;-0.479854;0.746495;-0.343329;0.468568;0.875373;-0.040655;-0.111860;0.464522;0.640007;-0.552597;-0.263149;-0.490886;0.051482;0.843992;-0.209900;-0.354554;0.532367;0.557038;-0.529704;0.602137;-0.089225;-0.765339;0.209107;0.602137;-0.089225;-0.765339;0.209107;0.687558;0.207801;-0.163389;0.676304;-0.137443;0.599743;-0.207104;0.760609;0.683417;-0.206991;0.599828;-0.360976;0.517316;-0.493291;0.530851;-0.455242;0.691926;0.024453;0.720361;0.041481;0.322910;0.194999;0.900253;0.217371;0.025491;0.831603;0.396050;0.388498;0.248648;0.620091;0.651154;0.360083;-0.076938;0.901317;0.026090;0.425472;0.431435;-0.534503;0.659507;-0.305323;0.431435;-0.534503;0.659507;-0.305323;0.520966;0.088391;0.844292;0.089174;0.305323;0.659507;0.534503;0.431435;0.520966;0.088391;0.844292;0.089174;0.431435;-0.534503;0.659507;-0.305323
41633533;1;0.531123;-0.399026;0.682662;-0.304400;0.534422;-0.391531;0.686988;-0.298569;0.519769;-0.398184;0.693685;-0.300153;0.542165;-0.341273;0.723382;-0.257504;0.874593;-0.428383;0.114359;0.196208;0.682848;-0.315560;-0.149051;0.641814;-0.191059;-0.291839;0.191374;0.917443;-0.247786;-0.164387;0.884559;0.359353;-0.043653;0.697765;-0.567972;-0.434312;-0.043653;0.697765;-0.567972;-0.434312;0.281740;-0.518619;0.733020;-0.338141;0.458753;0.879633;-0.032357;-0.121429;0.481175;0.626371;-0.548880;-0.273608;0.506195;-0.068493;-0.830011;0.223957;-0.330500;0.545355;0.560366;-0.528534;0.606397;0.004944;-0.781919;0.144432;0.606397;0.004944;-0.781919;0.144432;0.677972;0.193503;-0.167963;0.688984;-0.117113;0.587947;-0.200573;0.774838;0.693915;-0.186233;0.592692;-0.364027;0.533814;-0.466593;0.534894;-0.459589;0.706603;0.046291;0.704329;0.049902;0.319383;0.183540;0.905716;0.209727;0.015624;0.843109;0.378307;0.381847;0.235901;0.653066;0.621722;0.362377;-0.087862;0.903958;-0.017965;0.418111;0.464244;-0.511856;0.640913;-0.334232;0.464244;-0.511856;0.640913;-0.334232;0.564608;0.091257;0.815131;0.091932;0.334232;0.640913;0.511856;0.464244;0.564608;0.091257;0.815131;0.091932;0.464244;-0.511856;0.640913;-0.334232
41666888;1;0.535309;-0.383094;0.682698;-0.317185;0.536408;-0.380720;0.684025;-0.315323;0.525985;-0.393767;0.688540;-0.306921;0.548904;-0.337282;0.717900;-0.263752;0.876424;-0.431712;0.128298;0.170425;0.689863;-0.308961;-0.138112;0.639966;-0.192462;-0.277678;0.193461;0.921101;-0.182365;-0.170688;0.868919;0.427304;-0.126239;0.678271;-0.569300;-0.447113;-0.126239;0.678271;-0.569300;-0.447113;0.302337;-0.486079;0.755281;-0.319173;0.454052;0.885869;-0.010998;-0.094611;0.480710;0.626187;-0.545602;-0.281294;0.509563;-0.075412;-0.827106;0.224841;-0.321581;0.551910;0.563842;-0.523511;0.592048;-0.019945;-0.788749;0.164186;0.592048;-0.019945;-0.788749;0.164186;0.691196;0.180656;-0.170403;0.678656;-0.117119;0.583844;-0.201325;0.777739;0.693948;-0.186898;0.588668;-0.370102;0.537284;-0.461750;0.538472;-0.456247;0.706704;0.052275;0.703453;0.054685;0.306531;0.174231;0.911565;0.211497;0.003025;0.846242;0.380951;0.372480;0.202233;0.681161;0.600637;0.366547;-0.114906;0.908933;-0.052562;0.397334;0.447578;-0.540524;0.643423;-0.305803;0.447578;-0.540524;0.643423;-0.305803;0.532720;0.072761;0.837177;0.100250;0.305803;0.643423;0.540524;0.447578;0.532720;0.072761;0.837177;0.100250;0.447578;-0.540524;0.643423;-0.305803
41700222;1;0.528759;-0.385160;0.691645;-0.306094;0.530417;-0.381389;0.693731;-0.303211;0.531706;-0.390167;0.687463;-0.304062;0.554378;-0.333780;0.716537;-0.260443;0.882630;-0.430158;0.118393;0.148023;0.677600;-0.329474;-0.144152;0.641502;-0.150690;-0.304212;0.191801;0.920847;-0.263243;-0.204508;0.887231;0.318905;0.031109;0.678795;-0.606828;-0.412347;0.031109;0.678795;-0.606828;-0.412347;0.225791;-0.545048;0.731096;-0.342696;0.449080;0.888384;-0.010086;-0.094868;0.475456;0.630597;-0.537536;-0.295541;0.510907;-0.092935;-0.823384;0.228859;-0.312407;0.566169;0.556333;-0.521869;0.571857;-0.087429;-0.788930;0.207185;0.571857;-0.087429;-0.788930;0.207185;0.636205;0.379613;-0.169371;0.649962;-0.108396;0.575584;-0.192250;0.787396;0.706493;-0.173745;0.581486;-0.364081;0.560055;-0.435491;0.538666;-0.454450;0.721487;0.071139;0.685001;0.071903;0.302163;0.159436;0.917446;0.203887;0.000088;0.849655;0.380993;0.364597;0.177671;0.695499;0.595205;0.361173;-0.128642;0.915163;-0.066437;0.376185;0.435076;-0.526586;0.634742;-0.361274;0.435076;-0.526586;0.634742;-0.361274;0.563104;0.076478;0.821183;0.052186;0.361274;0.634742;0.526586;0.435076;0.563104;0.076478;0.821183;0.052186;0.435076;-0.526586;0.634742;-0.361274
41733555;1;0.528150;-0.390421;0.695997;-0.290201;0.527239;-0.392598;0.694771;-0.291854;0.526813;-0.397377;0.685719;-0.307163;0.549749;-0.341107;0.715377;-0.263927;0.874634;-0.434532;0.128768;0.172093;0.679882;-0.333303;-0.157127;0.634020;-0.133208;-0.319125;0.184226;0.920041;-0.267039;-0.272769;0.875013;0.297723;-0.110775;-0.626529;0.668964;0.384288;-0.110775;-0.626529;0.668964;0.384288;0.228168;-0.495403;0.778242;-0.311214;0.460206;0.882323;-0.032997;-0.092888;0.477151;0.641147;-0.533180;-0.277446;0.512326;-0.025699;-0.833481;0.205357;-0.361639;0.506717;0.572122;-0.533977;0.520455;-0.284234;-0.709434;0.380842;0.520455;-0.284234;-0.709434;0.380842;0.675679;0.265572;-0.158403;0.669207;-0.080834;0.587651;-0.175009;0.785814;0.701441;-0.175915;0.587429;-0.363264;0.584640;-0.395143;0.567125;-0.424767;0.717959;0.120037;0.676774;0.110012;0.318589;0.141860;0.914788;0.203812;0.000071;0.847020;0.373439;0.378287;0.160645;0.702955;0.584011;0.372799;-0.148994;0.912550;-0.079516;0.372465;0.441537;-0.513439;0.659019;-0.327290;0.441537;-0.513439;0.659019;-0.327290;0.543643;0.102940;0.829053;0.080785;0.327290;0.659019;0.513439;0.441537;0.543643;0.102940;0.829053;0.080785;0.441537;-0.513439;0.659019;-0.327290
41766866;1;0.520534;-0.402194;0.698046;-0.282871;0.521061;-0.400891;0.698795;-0.281900;0.520225;-0.407898;0.688790;-0.297579;0.542414;-0.351348;0.719282;-0.254902;0.871284;-0.433783;0.115124;0.198603;0.677517;-0.323368;-0.158769;0.641246;-0.152743;-0.312453;0.179298;0.920269;0.120565;-0.375823;0.904825;-0.159729;0.059018;-0.661289;0.722944;-0.191223;0.059018;-0.661289;0.722944;-0.191223;-0.285591;0.277607;-0.561841;0.725057;0.458907;0.883710;-0.003555;-0.091912;0.477980;0.634169;-0.539304;-0.280208;0.516442;-0.028951;-0.831974;0.200672;-0.442992;0.526366;0.566448;-0.453689;0.634093;0.039361;-0.772253;-0.001481;0.634093;0.039361;-0.772253;-0.001481;0.691276;0.214234;-0.240555;0.646819;-0.075964;0.578482;-0.174320;0.793221;0.714375;-0.156355;0.583644;-0.352960;0.618849;-0.357186;0.585971;-0.382207;0.712154;0.160552;0.663426;0.164088;0.296728;0.139519;0.923378;0.199647;-0.009626;0.854504;0.376639;0.357593;0.152711;0.713712;0.581744;0.358984;-0.144952;0.918501;-0.088725;0.357034;0.437902;-0.538299;0.656755;-0.295208;0.437902;-0.538299;0.656755;-0.295208;0.518388;0.083761;0.845031;0.100900;0.295208;0.656755;0.538299;0.437902;0.518388;0.083761;0.845031;0.100900;0.437902;-0.538299;0.656755;-0.295208
41800222;1;0.517509;-0.413230;0.702145;-0.261569;0.517013;-0.414558;0.701362;-0.262547;0.517260;-0.409764;0.695931;-0.283224;0.538307;-0.352635;0.726550;-0.240831;0.873780;-0.423985;0.126843;0.201632;0.680982;-0.310579;-0.156227;0.644513;-0.153760;-0.303148;0.170198;0.924928;0.135467;-0.390250;0.905931;-0.092962;0.108737;-0.599201;0.783559;-0.123165;0.108737;-0.599201;0.783559;-0.123165;-0.293123;0.308426;-0.586879;0.688858;0.447801;0.890272;0.013405;-0.081911;0.475068;0.636672;-0.544336;-0.269550;0.510235;-0.014777;-0.837517;0.194953;-0.441069;0.545662;0.562664;-0.437173;0.621004;0.003488;-0.783789;0.004008;0.621004;0.003488;-0.783789;0.004008;0.733509;0.162313;-0.240702;0.614559;-0.036752;0.587592;-0.152085;0.793886;0.711243;-0.153371;0.587309;-0.354513;0.626200;-0.337882;0.599256;-0.366881;0.706543;0.183700;0.659278;0.180010;0.316687;0.117217;0.922752;0.185735;0.001184;0.854116;0.368283;0.367221;0.145783;0.722259;0.570180;0.363296;-0.152990;0.916415;-0.102908;0.355230;0.461546;-0.504172;0.656068;-0.319939;0.461546;-0.504172;0.656068;-0.319939;0.552593;0.107407;0.820414;0.100131;0.319939;0.656068;0.504172;0.461546;0.552593;0.107407;0.820414;0.100131;0.461546;-0.504172;0.656068;-0.319939
41833544;1;0.517609;-0.412960;0.702276;-0.261446;0.517235;-0.413963;0.701685;-0.262185;0.517579;-0.408781;0.696495;-0.282674;0.538581;-0.351611;0.727033;-0.240257;0.874374;-0.422873;0.126888;0.201366;0.682288;-0.309457;-0.156494;0.643606;-0.151963;-0.302800;0.169015;0.925556;0.134574;-0.387427;0.907218;-0.093520;0.108111;-0.594379;0.787311;-0.123159;0.108111;-0.594379;0.787311;-0.123159;-0.288816;0.308923;-0.586527;0.690752;0.446674;0.890857;0.012960;-0.081786;0.474596;0.636535;-0.544806;-0.269755;0.510135;-0.015050;-0.837714;0.194350;-0.442220;0.546084;0.562453;-0.435753;0.620833;0.002846;-0.783934;0.002340;0.620833;0.002846;-0.783934;0.002340;0.734610;0.162810;-0.241692;0.612720;-0.036619;0.587637;-0.152181;0.793841;0.711140;-0.153306;0.587395;-0.354605;0.626238;-0.337559;0.599461;-0.366778;0.706497;0.184074;0.659196;0.180108;0.316750;0.117497;0.922644;0.185988;0.001022;0.854143;0.368041;0.367404;0.146603;0.722362;0.569579;0.363705;-0.152700;0.916069;-0.103408;0.356099;0.462206;-0.502265;0.658272;-0.317449;0.462206;-0.502265;0.658272;-0.317449;0.551299;0.110313;0.820624;0.102359;0.317449;0.658272;0.502265;0.462206;0.551299;0.110313;0.820624;0.102359;0.462206;-0.502265;0.658272;-0.317449
41866888;1;0.524290;-0.401333;0.700494;-0.270849;0.526264;-0.396183;0.703420;-0.266995;0.522256;-0.406458;0.694109;-0.283289;0.543292;-0.349486;0.724469;-0.240495;0.878538;-0.424413;0.124445;0.180438;0.683542;-0.317985;-0.151019;0.639413;-0.145063;-0.303557;0.178254;0.924681;0.081188;-0.393735;0.914258;0.050140;0.089725;-0.572345;0.814442;0.032481;0.089725;-0.572345;0.814442;0.032481;0.241438;-0.402156;0.649498;-0.598440;0.443397;0.891152;0.031720;-0.090778;0.490713;0.627998;-0.547862;-0.254297;0.511369;-0.011507;-0.833308;0.209685;-0.415443;0.554127;0.576034;-0.434208;0.600519;0.003214;-0.799288;0.022495;0.600519;0.003214;-0.799288;0.022495;0.729517;0.109587;-0.245599;0.628870;-0.032603;0.580835;-0.145359;0.800274;0.713675;-0.157750;0.577644;-0.363470;0.638475;-0.319483;0.596779;-0.366244;0.714719;0.195059;0.644507;0.189050;0.307095;0.118196;0.926252;0.183795;-0.003801;0.859451;0.364956;0.357961;0.135271;0.732010;0.564808;0.356168;-0.155497;0.919481;-0.113575;0.342749;0.463041;-0.508018;0.652570;-0.318848;0.463041;-0.508018;0.652570;-0.318848;0.552879;0.102214;0.820659;0.101960;0.318848;0.652570;0.508018;0.463041;0.552879;0.102214;0.820659;0.101960;0.463041;-0.508018;0.652570;-0.318848
41900211;1;0.524292;-0.401328;0.700498;-0.270844;0.526268;-0.396171;0.703427;-0.266985;0.522259;-0.406440;0.694125;-0.283271;0.543294;-0.349467;0.724483;-0.240477;0.878550;-0.424385;0.124449;0.180445;0.683546;-0.317963;-0.151040;0.639415;-0.145047;-0.303565;0.178219;0.924688;0.081266;-0.393728;0.914249;0.050227;0.089818;-0.572321;0.814446;0.032552;0.089818;-0.572321;0.814446;0.032552;0.241494;-0.402087;0.649581;-0.598374;0.443372;0.891164;0.031715;-0.090788;0.490705;0.627994;-0.547860;-0.254326;0.511389;-0.011497;-0.833303;0.209653;-0.415537;0.554120;0.576006;-0.434163;0.600556;0.003218;-0.799263;0.022384;0.600556;0.003218;-0.799263;0.022384;0.729575;0.109706;-0.245622;0.628772;-0.032605;0.580837;-0.145366;0.800271;0.713674;-0.157745;0.577650;-0.363466;0.638479;-0.319471;0.596788;-0.366234;0.714714;0.195073;0.644504;0.189060;0.307088;0.118200;0.926251;0.183807;-0.003815;0.859454;0.364951;0.357961;0.135247;0.732024;0.564791;0.356173;-0.155518;0.919479;-0.113596;0.342735;0.463035;-0.507991;0.652624;-0.318787;0.463035;-0.507991;0.652624;-0.318787;0.552832;0.102271;0.820679;0.101999;0.318787;0.652624;0.507991;0.463035;0.552832;0.102271;0.820679;0.101999;0.463035;-0.507991;0.652624;-0.318787
41933555;1;0.524196;-0.400403;0.701823;-0.268961;0.526795;-0.393538;0.705695;-0.263835;0.521324;-0.402778;0.697605;-0.281672;0.542233;-0.345537;0.727658;-0.238958;0.880171;-0.420342;0.129649;0.178332;0.679701;-0.320897;-0.150753;0.642110;-0.145838;-0.305678;0.179617;0.923596;0.093203;-0.390137;0.915303;0.036429;0.098700;-0.569919;0.815585;0.016497;0.098700;-0.569919;0.815585;0.016497;0.238033;-0.407441;0.628911;-0.617902;0.439167;0.893565;0.030444;-0.088016;0.494840;0.624141;-0.551140;-0.248649;0.510454;-0.013714;-0.832538;0.214777;-0.412025;0.563415;0.576378;-0.424956;0.591717;0.001295;-0.806006;0.014923;0.591717;0.001295;-0.806006;0.014923;0.730989;0.140029;-0.258675;0.615738;-0.029292;0.582917;-0.145480;0.798865;0.712079;-0.156669;0.580062;-0.363218;0.641324;-0.311000;0.602117;-0.359774;0.712167;0.204876;0.642330;0.195592;0.303093;0.115639;0.927438;0.186066;-0.008347;0.859772;0.366393;0.355638;0.145205;0.734875;0.556415;0.359550;-0.150872;0.915661;-0.121578;0.352168;0.465977;-0.511016;0.662228;-0.288413;0.465977;-0.511016;0.662228;-0.288413;0.533434;0.106923;0.829609;0.125557;0.288413;0.662228;0.511016;0.465977;0.533434;0.106923;0.829609;0.125557;0.465977;-0.511016;0.662228;-0.288413
41966877;1;0.525661;-0.398391;0.702090;-0.268392;0.528712;-0.390293;0.706623;-0.262331;0.524453;-0.399905;0.698204;-0.278451;0.545094;-0.342626;0.728026;-0.235496;0.882085;-0.415767;0.127603;0.181059;0.678207;-0.318462;-0.152522;0.644480;-0.151832;-0.305149;0.177664;0.923183;0.094941;-0.389345;0.915673;0.030635;0.099120;-0.562436;0.820801;0.011291;0.099120;-0.562436;0.820801;0.011291;-0.199182;0.450357;-0.590103;0.639753;0.435206;0.895029;0.030246;-0.092753;0.495787;0.624147;-0.549415;-0.250557;0.511160;-0.017636;-0.831327;0.217483;-0.395168;0.571586;0.582550;-0.421624;0.577521;0.006133;-0.816111;0.019853;0.577521;0.006133;-0.816111;0.019853;0.726765;0.121342;-0.265011;0.621979;-0.026415;0.583443;-0.146196;0.798451;0.710705;-0.155682;0.581035;-0.364774;0.640224;-0.308825;0.602490;-0.362970;0.713631;0.206665;0.641052;0.192540;0.311160;0.116104;0.923603;0.191460;-0.009505;0.857239;0.362766;0.365309;0.148789;0.737273;0.544642;0.371020;-0.156463;0.909134;-0.131592;0.362875;0.475769;-0.493309;0.652305;-0.323711;0.475769;-0.493309;0.652305;-0.323711;0.565318;0.112427;0.810071;0.107521;0.323711;0.652305;0.493309;0.475769;0.565318;0.112427;0.810071;0.107521;0.475769;-0.493309;0.652305;-0.323711
42000222;1;0.525647;-0.398401;0.702096;-0.268388;0.528695;-0.390312;0.706625;-0.262334;0.524403;-0.399960;0.698215;-0.278441;0.545043;-0.342679;0.728040;-0.235491;0.882049;-0.415790;0.127698;0.181111;0.678159;-0.318457;-0.152407;0.644560;-0.151865;-0.305063;0.177706;0.923198;0.095035;-0.389279;0.915688;0.030734;0.099230;-0.562191;0.820954;0.011392;0.099230;-0.562191;0.820954;0.011392;-0.199223;0.450184;-0.590318;0.639664;0.435231;0.895013;0.030343;-0.092764;0.495881;0.624144;-0.549351;-0.250517;0.511182;-0.017621;-0.831283;0.217600;-0.395087;0.571601;0.582530;-0.421708;0.577522;0.006089;-0.816108;0.019984;0.577522;0.006089;-0.816108;0.019984;0.726966;0.121362;-0.264893;0.621790;-0.026399;0.583460;-0.146192;0.798439;0.710693;-0.155685;0.581051;-0.364771;0.640236;-0.308779;0.602510;-0.362952;0.713628;0.206711;0.641035;0.192561;0.311110;0.116096;0.923619;0.191470;-0.009541;0.857252;0.362775;0.365270;0.148693;0.737208;0.544804;0.370948;-0.156480;0.909202;-0.131431;0.362755;0.475505;-0.493573;0.652340;-0.323625;0.475505;-0.493573;0.652340;-0.323625;0.565070;0.112266;0.810283;0.107395;0.323625;0.652340;0.493573;0.475505;0.565070;0.112266;0.810283;0.107395;0.475505;-0.493573;0.652340;-0.323625
42033555;1;0.522858;-0.401778;0.705313;-0.260245;0.525537;-0.394417;0.709455;-0.254791;0.524010;-0.408202;0.697894;-0.267821;0.543800;-0.350921;0.728382;-0.224937;0.878532;-0.413004;0.141542;0.193845;0.679796;-0.310519;-0.152112;0.646774;-0.158927;-0.299212;0.173299;0.924760;0.072691;-0.406656;0.907231;0.079239;0.084992;-0.553561;0.825837;0.065873;0.084992;-0.553561;0.825837;0.065873;0.158590;-0.502593;0.604570;-0.597281;0.435797;0.894227;0.031075;-0.097333;0.506665;0.616025;-0.545765;-0.256798;0.521714;-0.024614;-0.822642;0.224652;-0.359583;0.597652;0.597438;-0.395703;0.534678;0.039956;-0.844111;0.000164;0.534678;0.039956;-0.844111;0.000164;0.728662;0.142755;-0.296727;0.600521;-0.020185;0.588414;-0.139799;0.796127;0.709723;-0.157177;0.584064;-0.361189;0.644774;-0.294768;0.597727;-0.374300;0.724769;0.213253;0.627704;0.187672;0.328451;0.108346;0.919245;0.188069;-0.002273;0.853762;0.357454;0.378565;0.148197;0.738869;0.535715;0.380945;-0.163917;0.904020;-0.139010;0.369535;0.462187;-0.521931;0.653693;-0.294374;0.462187;-0.521931;0.653693;-0.294374;0.534970;0.093169;0.831292;0.118662;0.294374;0.653693;0.521931;0.462187;0.534970;0.093169;0.831292;0.118662;0.462187;-0.521931;0.653693;-0.294374
42066888;1;0.523807;-0.403067;0.704067;-0.259718;0.525966;-0.397149;0.707422;-0.255316;0.526349;-0.415505;0.692362;-0.266359;0.546014;-0.358644;0.723453;-0.223292;0.873200;-0.416117;0.146733;0.206974;0.681969;-0.303037;-0.133691;0.652084;-0.163506;-0.279480;0.177752;0.929280;0.033145;-0.429593;0.889536;0.151912;0.057892;-0.571236;0.805924;0.144307;0.057892;-0.571236;0.805924;0.144307;0.251015;-0.438319;0.709200;-0.491836;0.437294;0.895601;0.038045;-0.072289;0.497036;0.633463;-0.540999;-0.242899;0.504445;-0.011357;-0.832962;0.227112;-0.337103;0.622691;0.623387;-0.331672;-0.470421;-0.083665;0.877129;0.048464;-0.470421;-0.083665;0.877129;0.048464;0.730687;0.164904;-0.358313;0.557239;-0.023116;0.585911;-0.141857;0.797528;0.710252;-0.157560;0.581936;-0.363411;0.648083;-0.286142;0.592485;-0.383501;0.733546;0.215655;0.617855;0.183464;0.346154;0.104771;0.914293;0.182396;0.010492;0.848491;0.356233;0.391218;0.135398;0.751033;0.514415;0.391145;-0.180325;0.897644;-0.162603;0.367802;0.443365;-0.520432;0.671115;-0.286677;0.443365;-0.520432;0.671115;-0.286677;0.516218;0.106549;0.842551;0.110795;0.286677;0.671115;0.520432;0.443365;0.516218;0.106549;0.842551;0.110795;0.443365;-0.520432;0.671115;-0.286677
42100211;1;0.517151;-0.388407;0.728543;-0.225654;0.513671;-0.399408;0.722570;-0.233469;0.529444;-0.418827;0.687734;-0.267012;0.549151;-0.362326;0.719106;-0.223695;0.869749;-0.418636;0.158122;0.208034;0.657028;-0.326230;-0.153076;0.662160;-0.196002;-0.306368;0.189728;0.911990;-0.168870;-0.426923;0.802968;0.380082;-0.125057;-0.514512;0.749865;0.396662;-0.125057;-0.514512;0.749865;0.396662;0.057062;-0.581689;0.777174;-0.233202;0.436439;0.898332;0.032257;-0.038467;0.488820;0.630435;-0.543058;-0.262098;0.510158;-0.029731;-0.831550;0.217668;-0.299243;0.738991;0.586478;-0.142789;-0.290366;-0.046285;0.942296;0.160072;-0.290366;-0.046285;0.942296;0.160072;0.722262;0.034131;-0.519290;0.455532;-0.019471;0.605091;-0.141049;0.783321;0.690436;-0.176663;0.595719;-0.370416;0.631748;-0.299249;0.617915;-0.359896;0.705476;0.224308;0.645293;0.188647;0.370200;0.101974;0.907522;0.170169;0.036344;0.838193;0.362424;0.405907;0.146631;0.733887;0.534486;0.392725;-0.173309;0.899660;-0.136319;0.376821;0.450798;-0.519094;0.678089;-0.259841;0.450798;-0.519094;0.678089;-0.259841;0.502498;0.112426;0.846536;0.135027;0.259841;0.678089;0.519094;0.450798;0.502498;0.112426;0.846536;0.135027;0.450798;-0.519094;0.678089;-0.259841
42133555;1;0.522097;-0.382795;0.724284;-0.237265;0.518440;-0.393731;0.718398;-0.245152;0.527089;-0.406892;0.696900;-0.266358;0.546752;-0.349694;0.727285;-0.223231;0.872413;-0.406364;0.163912;0.216555;0.649206;-0.327769;-0.142103;0.671495;-0.205767;-0.298518;0.196247;0.911062;-0.070873;-0.454156;0.871532;0.170739;-0.055417;-0.529824;0.827715;0.176362;-0.055417;-0.529824;0.827715;0.176362;0.165938;-0.491339;0.728969;-0.446827;0.427850;0.902689;0.020071;-0.041162;0.490239;0.633442;-0.547365;-0.242506;-0.494937;0.034157;0.836475;-0.232767;-0.215099;0.860149;0.452833;0.093908;-0.010580;-0.027077;0.971690;0.234466;-0.010580;-0.027077;0.971690;0.234466;0.649525;0.088658;-0.685348;0.317104;-0.045683;0.612912;-0.160439;0.772341;0.678017;-0.190631;0.604253;-0.372600;0.607606;-0.329880;0.617633;-0.374864;0.699020;0.202222;0.666717;0.161137;0.361026;0.121474;0.908997;0.169200;0.042607;0.840194;0.367467;0.396518;0.120826;0.737855;0.548242;0.374702;-0.178897;0.911982;-0.129315;0.345779;0.464109;-0.518867;0.661516;-0.278884;0.464109;-0.518867;0.661516;-0.278884;0.525375;0.100868;0.834657;0.130974;0.278884;0.661516;0.518867;0.464109;0.525375;0.100868;0.834657;0.130974;0.464109;-0.518867;0.661516;-0.278884
42166877;1;0.512082;-0.384379;0.712468;-0.287078;0.518829;-0.367159;0.721493;-0.274698;0.523705;-0.393390;0.699403;-0.286029;0.544956;-0.336036;0.728698;-0.243110;0.867981;-0.406839;0.145977;0.244503;0.650619;-0.334936;-0.140375;0.666939;-0.199063;-0.301474;0.202487;0.910212;-0.071055;-0.451977;0.879386;0.131712;-0.058571;-0.531356;0.833825;0.137718;-0.058571;-0.531356;0.833825;0.137718;0.140586;-0.492836;0.709862;-0.483161;0.440567;0.894320;-0.024903;-0.073970;0.474602;0.637972;-0.568394;-0.211362;-0.468949;0.017884;0.854260;-0.223623;-0.204253;0.814125;0.534391;0.099530;-0.036748;0.034087;0.973248;0.224221;-0.036748;0.034087;0.973248;0.224221;0.670390;-0.122804;-0.686427;0.253602;-0.075019;0.625577;-0.180207;0.755348;0.674713;-0.188909;0.623052;-0.347681;0.609493;-0.322271;0.626374;-0.363750;0.692530;0.213832;0.667593;0.170286;0.326769;0.137801;0.914802;0.193314;0.014034;0.844134;0.378450;0.379495;0.116790;0.743305;0.541770;0.374625;-0.181758;0.911275;-0.137732;0.342887;0.474756;-0.510668;0.659949;-0.279809;0.474756;-0.510668;0.659949;-0.279809;0.533558;0.105558;0.827751;0.137848;0.279809;0.659949;0.510668;0.474756;0.533558;0.105558;0.827751;0.137848;0.474756;-0.510668;0.659949;-0.279809
42200222;1;0.509107;-0.372041;0.728243;-0.268436;0.500338;-0.394950;0.716077;-0.284447;0.515634;-0.394130;0.704603;-0.286912;0.536982;-0.336356;0.733940;-0.244637;0.867739;-0.406847;0.160221;0.236291;0.662137;-0.339459;-0.145574;0.652036;-0.197930;-0.304300;0.209346;0.907965;-0.050596;-0.462943;0.879206;0.100604;-0.045526;-0.506133;0.855072;0.102998;-0.045526;-0.506133;0.855072;0.102998;0.120452;-0.466424;0.714783;-0.506976;0.445671;0.890072;-0.040902;-0.086458;0.454975;0.651819;-0.575606;-0.191851;-0.428610;0.061867;0.867389;-0.245158;-0.157317;0.812955;0.515912;0.219524;0.102887;-0.007047;0.962814;0.249707;0.102887;-0.007047;0.962814;0.249707;0.638450;-0.211933;-0.739513;0.024231;-0.081105;0.630258;-0.193290;0.747553;0.667789;-0.187306;0.632109;-0.345562;0.590824;-0.347581;0.635104;-0.356030;0.673981;0.201986;0.691729;0.162671;0.323135;0.147611;0.913245;0.199443;0.013231;0.841864;0.383416;0.379582;0.171270;0.711577;0.566970;0.377981;-0.145206;0.906737;-0.097708;0.383661;0.472609;-0.517691;0.648925;-0.295861;0.472609;-0.517691;0.648925;-0.295861;0.543391;0.092796;0.824922;0.124980;0.295861;0.648925;0.517691;0.472609;0.543391;0.092796;0.824922;0.124980;0.472609;-0.517691;0.648925;-0.295861
42233533;1;0.498725;-0.375591;0.732126;-0.272390;0.496391;-0.381803;0.728906;-0.276620;0.515249;-0.400415;0.700051;-0.290026;0.536848;-0.342986;0.729907;-0.247772;0.863124;-0.413349;0.158673;0.242864;0.666923;-0.331905;-0.139803;0.652310;-0.199757;-0.294446;0.207381;0.911258;-0.025258;-0.468056;0.880077;0.075829;-0.020267;-0.524363;0.847735;0.077313;-0.020267;-0.524363;0.847735;0.077313;0.158752;-0.452283;0.700044;-0.529317;0.455521;0.883581;-0.048355;-0.097193;0.438575;0.658469;-0.582223;-0.187317;-0.418166;0.051325;0.877456;-0.229288;-0.173118;0.805997;0.509555;0.246481;0.106066;0.033242;0.952981;0.281909;0.106066;0.033242;0.952981;0.281909;0.638017;-0.299497;-0.708043;0.043725;-0.088720;0.633088;-0.202928;0.741720;0.665802;-0.183369;0.639073;-0.338628;0.578164;-0.368406;0.633951;-0.357924;0.666414;0.186342;0.705631;0.152492;0.324447;0.150565;0.910477;0.207595;0.008830;0.839560;0.383033;0.385158;0.196770;0.699539;0.568054;0.386318;-0.132918;0.899095;-0.088533;0.407582;0.476918;-0.528910;0.633441;-0.302583;0.476918;-0.528910;0.633441;-0.302583;0.551190;0.073914;0.821906;0.123274;0.302583;0.633441;0.528910;0.476918;0.551190;0.073914;0.821906;0.123274;0.476918;-0.528910;0.633441;-0.302583
42266888;1;0.490559;-0.392222;0.724877;-0.282962;0.499331;-0.368912;0.737013;-0.267179;0.508201;-0.387282;0.709472;-0.297312;0.530406;-0.329140;0.738244;-0.255600;0.864840;-0.405904;0.176087;0.237248;0.665018;-0.335740;-0.118756;0.656450;-0.198942;-0.279923;0.220154;0.913016;-0.088563;-0.463918;0.855266;0.213207;-0.079203;-0.500687;0.834273;0.216858;-0.079203;-0.500687;0.834273;0.216858;0.046704;-0.544408;0.733959;-0.403415;0.450488;0.886213;-0.070188;-0.082225;0.441410;0.661403;-0.570455;-0.205633;-0.440967;0.013079;0.873328;-0.206581;-0.180883;0.803000;0.563412;0.070989;-0.064348;0.097633;0.976068;0.183350;-0.064348;0.097633;0.976068;0.183350;0.674664;-0.185111;-0.665689;0.259656;-0.109459;0.634293;-0.218831;0.733351;0.656762;-0.197407;0.641328;-0.344082;0.572278;-0.369819;0.636430;-0.361509;0.664781;0.187049;0.708394;0.145796;0.315221;0.175169;0.909034;0.208825;0.019169;0.835487;0.398659;0.377710;0.175072;0.700734;0.580984;0.375206;-0.140450;0.908912;-0.080151;0.384355;0.475909;-0.543190;0.625160;-0.296025;0.475909;-0.543190;0.625160;-0.296025;0.545839;0.057961;0.826148;0.127197;0.296025;0.625160;0.543190;0.475909;0.545839;0.057961;0.826148;0.127197;0.475909;-0.543190;0.625160;-0.296025
42300211;1;0.491660;-0.384364;0.735273;-0.264402;0.488356;-0.393417;0.730469;-0.270455;0.501983;-0.402639;0.711641;-0.281889;0.522972;-0.344273;0.741638;-0.240725;0.862820;-0.406880;0.169677;0.247385;0.662309;-0.327730;-0.118561;0.663237;-0.204486;-0.275855;0.212996;0.914725;-0.192580;-0.472103;0.776232;0.370803;-0.202064;-0.451960;0.788131;0.365722;-0.202064;-0.451960;0.788131;0.365722;0.010875;-0.584253;0.779834;-0.224474;0.448210;0.889094;-0.030335;-0.087746;0.445396;0.668711;-0.546893;-0.235278;-0.468615;-0.020509;0.863624;-0.184754;-0.220849;0.721679;0.650191;0.087510;-0.097985;0.067063;0.969056;0.216405;-0.097985;0.067063;0.969056;0.216405;0.642060;-0.229912;-0.663840;0.306946;-0.125492;0.629673;-0.235454;0.729606;0.657208;-0.192802;0.644057;-0.340727;0.558341;-0.392808;0.624565;-0.379309;0.667484;0.162251;0.716164;0.123486;0.313411;0.199772;0.903447;0.213657;0.023412;0.836225;0.395972;0.378663;0.208965;0.670765;0.609644;0.367073;-0.110416;0.907926;-0.038873;0.402453;0.469464;-0.532277;0.619781;-0.334896;0.469464;-0.532277;0.619781;-0.334896;0.568769;0.061875;0.814628;0.095154;0.334896;0.619781;0.532277;0.469464;0.568769;0.061875;0.814628;0.095154;0.469464;-0.532277;0.619781;-0.334896
42333555;1;0.487366;-0.405295;0.719982;-0.282554;0.500987;-0.368493;0.739493;-0.257632;0.509095;-0.393764;0.707349;-0.292285;0.530895;-0.335771;0.736648;-0.250518;0.863198;-0.406182;0.191965;0.230336;0.666788;-0.318945;-0.111864;0.664194;-0.193561;-0.267598;0.206471;0.921029;-0.196243;-0.473510;0.772252;0.375373;-0.198410;-0.469036;0.774977;0.374232;-0.198410;-0.469036;0.774977;0.374232;0.006630;-0.599162;0.770149;-0.218705;0.451367;0.886212;-0.055896;-0.088158;0.481010;0.622456;-0.579773;-0.212229;-0.469925;0.050703;0.849127;-0.235759;-0.134642;0.798623;0.585870;-0.028797;-0.095822;-0.073126;0.987773;0.098873;-0.095822;-0.073126;0.987773;0.098873;0.704448;-0.065448;-0.629015;0.322194;-0.136279;0.630285;-0.242563;0.724798;0.653675;-0.199508;0.645249;-0.341407;0.532359;-0.432426;0.601379;-0.409811;0.670616;0.117579;0.727619;0.083786;0.328199;0.205140;0.896017;0.217614;0.033325;0.829686;0.395590;0.392454;0.239717;0.654986;0.610055;0.375980;-0.094788;0.897178;-0.027558;0.430497;0.480316;-0.531156;0.621352;-0.317950;0.480316;-0.531156;0.621352;-0.317950;0.564459;0.063778;0.814946;0.114810;0.317950;0.621352;0.531156;0.480316;0.564459;0.063778;0.814946;0.114810;0.480316;-0.531156;0.621352;-0.317950
42366888;1;0.497548;-0.405097;0.721575;-0.260138;0.500258;-0.397482;0.725797;-0.254889;0.509420;-0.401851;0.705648;-0.284724;0.530612;-0.343968;0.735601;-0.242955;0.860360;-0.405849;0.209160;0.226536;0.671495;-0.305262;-0.117887;0.664840;-0.182583;-0.267034;0.189143;0.927136;-0.166044;-0.458176;0.770884;0.410173;-0.150977;-0.485981;0.753664;0.415955;-0.150977;-0.485981;0.753664;0.415955;0.079118;-0.580642;0.787203;-0.192114;0.448668;0.890139;-0.055058;-0.057605;0.442740;0.689314;-0.522795;-0.235613;-0.458472;-0.013385;0.865037;-0.203313;-0.319063;0.745939;0.584468;-0.013075;-0.215228;0.032243;0.947095;0.235901;-0.215228;0.032243;0.947095;0.235901;0.652452;-0.311428;-0.497474;0.479415;-0.148269;0.621605;-0.251576;0.726865;0.652437;-0.206267;0.638115;-0.352972;0.522791;-0.452924;0.598502;-0.404160;0.659916;0.100994;0.740085;0.081145;0.337086;0.227016;0.885482;0.225295;0.049158;0.819274;0.405395;0.402527;0.293120;0.631003;0.607598;0.383068;-0.061776;0.878672;-0.012605;0.473245;0.467681;-0.533003;0.629207;-0.318245;0.467681;-0.533003;0.629207;-0.318245;0.555734;0.068027;0.821807;0.105667;0.318245;0.629207;0.533003;0.467681;0.555734;0.068027;0.821807;0.105667;0.467681;-0.533003;0.629207;-0.318245
42400222;1;0.489784;-0.410079;0.717995;-0.276460;0.497254;-0.390033;0.729079;-0.262787;0.508448;-0.411123;0.702421;-0.281181;0.529360;-0.353469;0.733128;-0.239502;0.858185;-0.411993;0.199922;0.231973;0.650544;-0.320290;-0.123440;0.677473;-0.218062;-0.277040;0.202661;0.913579;-0.207967;-0.373065;0.827592;0.364230;-0.138805;-0.516323;0.746657;0.395786;-0.138805;-0.516323;0.746657;0.395786;-0.014960;-0.610450;0.751803;-0.248835;0.449240;0.891351;-0.025871;-0.054844;0.477516;0.654364;-0.512731;-0.284416;0.518980;0.002440;-0.831312;0.198932;-0.195486;0.753622;0.622518;-0.079436;-0.176823;-0.080845;0.974135;0.115146;-0.176823;-0.080845;0.974135;0.115146;0.512522;-0.454713;-0.407921;0.603455;-0.189733;0.612678;-0.282011;0.713510;0.645913;-0.221233;0.637188;-0.357552;0.465666;-0.512141;0.532463;-0.487186;0.677881;0.011883;0.734867;-0.017513;0.335870;0.252114;0.877719;0.230738;0.059876;0.814392;0.413110;0.403138;0.283216;0.617556;0.631346;0.373919;-0.062210;0.885770;0.013727;0.459732;0.501960;-0.508693;0.615987;-0.331402;0.501960;-0.508693;0.615987;-0.331402;0.589276;0.075868;0.795269;0.120603;0.331402;0.615987;0.508694;0.501960;0.589276;0.075868;0.795269;0.120603;0.501960;-0.508693;0.615987;-0.331402
42433533;1;0.495150;-0.417382;0.708246;-0.281080;0.503981;-0.394262;0.721372;-0.264922;0.507801;-0.411155;0.699312;-0.289918;0.529415;-0.353750;0.730032;-0.248262;0.853673;-0.416227;0.196826;0.243429;0.638240;-0.326607;-0.121309;0.686485;-0.256102;-0.273067;0.216385;0.901679;-0.244711;-0.318574;0.864280;0.302732;-0.134444;-0.579423;0.716057;0.365315;-0.134444;-0.579423;0.716057;0.365315;-0.001599;-0.580590;0.750154;-0.316515;0.464643;0.879818;-0.060489;-0.079800;0.501427;0.640047;-0.538852;-0.220341;-0.499794;-0.029798;0.836142;-0.224020;-0.149002;0.676941;0.706722;-0.141753;-0.203891;-0.124744;0.970641;0.026910;-0.203891;-0.124744;0.970641;0.026910;0.579054;-0.464087;-0.449809;0.496983;-0.199597;0.609613;-0.286129;0.711803;0.643582;-0.230285;0.632862;-0.363672;0.462328;-0.515862;0.527782;-0.491513;0.678560;0.005913;0.734164;-0.022902;0.344317;0.263933;0.870173;0.233634;0.070219;0.810284;0.412606;0.410202;0.284845;0.612792;0.634820;0.374638;-0.061526;0.884843;0.019545;0.461394;0.482247;-0.522103;0.628826;-0.315316;0.482247;-0.522103;0.628826;-0.315316;0.563962;0.075465;0.813830;0.118038;0.315316;0.628826;0.522103;0.482247;0.563962;0.075465;0.813830;0.118038;0.482247;-0.522103;0.628826;-0.315316
42466888;1;0.495113;-0.437421;0.696111;-0.280989;0.515027;-0.383280;0.727327;-0.242568;0.516655;-0.423903;0.684615;-0.290991;0.538326;-0.367636;0.716405;-0.248622;0.849808;-0.429158;0.201979;0.229902;0.630543;-0.316994;-0.122141;0.697862;-0.245461;-0.274291;0.200420;0.907934;-0.145504;-0.463059;0.870076;0.085867;-0.137669;-0.535421;0.827514;0.097938;-0.137669;-0.535421;0.827514;0.097938;0.014584;-0.537380;0.673342;-0.507564;0.475893;0.873571;-0.090016;-0.047918;0.472938;0.676350;-0.497910;-0.266394;-0.498144;-0.012380;0.839768;-0.215612;-0.214657;0.688831;0.673661;-0.160048;-0.260502;-0.074536;0.960600;0.061900;-0.260502;-0.074536;0.960600;0.061900;0.641586;-0.383479;-0.438176;0.499313;-0.211711;0.602329;-0.296090;0.710429;0.637754;-0.241259;0.626346;-0.377827;-0.425420;0.551293;-0.494399;0.520253;0.672642;-0.043012;0.735485;-0.069027;0.363351;0.278778;0.856604;0.237674;0.088516;0.803251;0.407696;0.425132;0.309234;0.589144;0.647323;0.371830;-0.042083;0.876949;0.044963;0.476621;0.470682;-0.528247;0.656656;-0.261182;0.470682;-0.528247;0.656656;-0.261182;0.517506;0.090799;0.837853;0.148139;0.261182;0.656656;0.528247;0.470682;0.517506;0.090799;0.837853;0.148139;0.470682;-0.528247;0.656656;-0.261182
42500222;1;0.492897;-0.439646;0.695771;-0.282253;0.508121;-0.399450;0.719601;-0.253825;0.508779;-0.423851;0.690695;-0.290575;0.530443;-0.367097;0.722461;-0.248839;0.848496;-0.427430;0.200098;0.239414;0.640261;-0.317532;-0.118947;0.689268;-0.236438;-0.271124;0.203634;0.910561;-0.244141;-0.423894;0.800678;0.345867;-0.216812;-0.484228;0.765699;0.363623;-0.216812;-0.484228;0.765699;0.363623;0.002754;-0.573070;0.780743;-0.249045;0.482377;0.867157;-0.100267;-0.072784;0.500914;0.639921;-0.515324;-0.272079;0.523848;-0.008278;-0.821577;0.224779;-0.140725;0.632873;0.718125;-0.252913;-0.282887;-0.121861;0.949411;-0.061185;-0.282887;-0.121861;0.949411;-0.061185;0.589106;-0.414159;-0.424276;0.549014;-0.230705;0.594411;-0.307310;0.706407;0.637346;-0.247374;0.621783;-0.382076;-0.416270;0.561209;-0.481769;0.528831;0.672185;-0.059019;0.733516;-0.081470;0.360647;0.295465;0.850671;0.242884;0.096506;0.797921;0.417381;0.424031;0.317110;0.575512;0.658883;0.366198;-0.032421;0.875421;0.062714;0.478177;0.521375;-0.519436;0.615783;-0.281363;0.521375;-0.519436;0.615783;-0.281363;0.567621;0.068128;0.802721;0.169715;0.281363;0.615783;0.519436;0.521375;0.567621;0.068128;0.802721;0.169715;0.521375;-0.519436;0.615783;-0.281363
42533555;1;0.491471;-0.447096;0.695314;-0.274044;0.504137;-0.412982;0.716102;-0.249980;0.510521;-0.434971;0.682853;-0.289622;0.532103;-0.378810;0.715535;-0.247749;0.844238;-0.436530;0.203791;0.234890;0.649694;-0.309340;-0.105568;0.686339;-0.223412;-0.256653;0.202399;0.918287;-0.228487;-0.419333;0.794892;0.374300;-0.197067;-0.483021;0.757881;0.391755;-0.197067;-0.483021;0.757881;0.391755;0.028126;-0.556582;0.799635;-0.223627;0.486507;0.867003;-0.094971;-0.050960;0.481119;0.664746;-0.496774;-0.282584;0.513429;-0.003582;-0.829854;0.218449;-0.234674;0.651882;0.694712;-0.193270;-0.302914;-0.019523;0.952467;0.025856;-0.302914;-0.019523;0.952467;0.025856;0.626536;-0.315927;-0.440720;0.559829;-0.232535;0.593402;-0.309165;0.705845;0.633680;-0.252957;0.619488;-0.388196;-0.424747;0.553826;-0.495330;0.517218;0.670039;-0.044144;0.737946;-0.067341;0.373223;0.308320;0.839752;0.245888;0.112833;0.791108;0.417534;0.432530;0.298531;0.577568;0.665866;0.365947;-0.045414;0.881720;0.066299;0.464878;0.486950;-0.532594;0.644366;-0.253014;0.486950;-0.532594;0.644366;-0.253014;0.523233;0.079034;0.832236;0.165418;0.253014;0.644366;0.532594;0.486950;0.523233;0.079034;0.832236;0.165418;0.486950;-0.532594;0.644366;-0.253014
42566866;1;0.493528;-0.444420;0.693486;-0.279280;0.506564;-0.410062;0.714340;-0.254873;0.506592;-0.443894;0.679209;-0.291544;0.528340;-0.387997;0.712619;-0.249980;0.843179;-0.447971;0.183847;0.233605;0.647031;-0.305267;-0.123995;0.687596;-0.242448;-0.266452;0.193819;0.912500;-0.213930;-0.428812;0.791409;0.379509;-0.186994;-0.482861;0.759640;0.393480;-0.186994;-0.482861;0.759640;0.393480;0.040631;-0.548388;0.805997;-0.219062;0.493501;0.864739;-0.066297;-0.065488;0.494463;0.644868;-0.510010;-0.282032;0.526466;-0.005633;-0.822151;0.216492;-0.201659;0.606719;0.702484;-0.312637;-0.363172;-0.062016;0.926146;-0.080710;-0.363172;-0.062016;0.926146;-0.080710;0.611803;-0.380108;-0.358422;0.593927;-0.245631;0.589202;-0.315282;0.702214;0.633672;-0.258157;0.616408;-0.389689;-0.421358;0.556768;-0.487090;0.524605;0.672820;-0.052080;0.734158;-0.074926;0.363522;0.321439;0.837108;0.252545;0.110652;0.789921;0.424316;0.428646;0.327615;0.563454;0.665248;0.364189;-0.023471;0.871378;0.075672;0.484172;0.494289;-0.552380;0.609051;-0.282155;0.494289;-0.552380;0.609051;-0.282155;0.549029;0.040072;0.821256;0.150002;0.282155;0.609051;0.552380;0.494289;0.549029;0.040072;0.821256;0.150002;0.494289;-0.552380;0.609051;-0.282155
42600222;1;0.496352;-0.447419;0.689850;-0.278492;0.506300;-0.421632;0.705906;-0.259968;0.497966;-0.450334;0.676624;-0.302341;0.520608;-0.394623;0.710558;-0.261433;0.835763;-0.459680;0.207626;0.216994;0.653166;-0.306541;-0.100664;0.685035;-0.228792;-0.249161;0.204986;0.918452;-0.265479;-0.376498;0.814479;0.352695;-0.186037;-0.538169;0.717984;0.400328;-0.186037;-0.538169;0.717984;0.400328;0.050984;-0.559443;0.790151;-0.245126;0.508953;0.854326;-0.076342;-0.072568;0.489449;0.650036;-0.517920;-0.263915;0.504999;-0.023612;-0.830801;0.232783;-0.143204;0.587175;0.719864;-0.341342;-0.355423;-0.190175;0.909292;-0.103423;-0.355423;-0.190175;0.909292;-0.103423;0.587793;-0.419705;-0.375252;0.580976;-0.262102;0.575736;-0.316900;0.706686;0.639997;-0.261090;0.603134;-0.398077;-0.422259;0.560094;-0.475635;0.530814;0.677803;-0.062535;0.728347;-0.078636;0.363457;0.331754;0.832870;0.253309;0.116866;0.788329;0.426869;0.427390;0.322904;0.565010;0.667747;0.361401;-0.024849;0.874212;0.076358;0.478859;0.545984;-0.494137;0.602297;-0.308168;0.545984;-0.494137;0.602297;-0.308168;0.603977;0.076480;0.775296;0.168161;0.308168;0.602297;0.494137;0.545984;0.603977;0.076480;0.775296;0.168161;0.545984;-0.494137;0.602297;-0.308168
42633555;1;0.493335;-0.482277;0.660885;-0.295400;0.512958;-0.434418;0.693282;-0.259836;0.507323;-0.435061;0.682591;-0.295661;0.529399;-0.378920;0.715281;-0.254025;0.844653;-0.442366;0.186415;0.236903;0.645753;-0.325137;-0.083503;0.685796;-0.217130;-0.248677;0.225492;0.916607;-0.252314;-0.457651;0.778279;0.348103;-0.229951;-0.505632;0.747996;0.363264;-0.229951;-0.505632;0.747996;0.363264;0.017155;-0.556982;0.795816;-0.236966;0.497605;0.857398;-0.093073;-0.092712;0.511836;0.643886;-0.505298;-0.260976;0.507458;-0.044288;-0.817284;0.269390;0.406810;-0.495164;-0.457400;0.616526;0.672502;-0.175843;-0.650754;0.305516;0.672502;-0.175843;-0.650754;0.305516;0.805086;0.074767;-0.007505;0.588379;-0.274630;0.561439;-0.321536;0.711322;0.638097;-0.268366;0.588742;-0.417366;-0.443477;0.531834;-0.493162;0.526567;0.689818;-0.030033;0.720796;-0.060852;0.369214;0.358843;0.815034;0.265769;0.135300;0.776805;0.435398;0.434391;0.320385;0.568347;0.662826;0.367419;-0.030909;0.873130;0.070550;0.481365;0.514050;-0.526597;0.604118;-0.305760;0.514050;-0.526597;0.604118;-0.305760;0.579693;0.054816;0.799536;0.147283;0.305760;0.604118;0.526597;0.514050;0.579693;0.054816;0.799536;0.147283;0.514050;-0.526597;0.604118;-0.305760
42666888;1;0.491706;-0.485249;0.657065;-0.301702;0.513269;-0.433761;0.692136;-0.263350;0.500698;-0.447356;0.678243;-0.298598;0.523031;-0.391525;0.711933;-0.257483;0.833274;-0.450354;0.197864;0.252360;0.640643;-0.320230;-0.111613;0.688892;-0.250429;-0.263009;0.214082;0.906797;-0.239888;-0.360789;0.826123;0.360287;-0.157051;-0.529543;0.729542;0.403346;-0.157051;-0.529543;0.729542;0.403346;0.027764;-0.546018;0.799289;-0.249462;0.511107;0.849294;-0.104747;-0.080608;0.473153;0.676498;-0.507529;-0.246759;-0.471643;0.034130;0.845027;-0.249634;0.438251;-0.489972;-0.465687;0.592452;0.705329;-0.114898;-0.666134;0.213482;0.705329;-0.114898;-0.666134;0.213482;0.818224;-0.094918;-0.010944;0.566904;-0.287275;0.561476;-0.329550;0.702577;0.634168;-0.276860;0.589274;-0.417055;-0.448308;0.525264;-0.495767;0.526624;0.693269;-0.023517;0.717994;-0.057524;0.355100;0.377961;0.810093;0.273494;0.136613;0.771634;0.451266;0.426940;0.343999;0.552885;0.665272;0.365235;-0.012532;0.863964;0.083069;0.496496;0.535198;-0.507878;0.609530;-0.289994;0.535198;-0.507878;0.609530;-0.289994;0.583498;0.071878;0.790127;0.173385;0.289994;0.609530;0.507878;0.535198;0.583498;0.071878;0.790127;0.173385;0.535198;-0.507878;0.609530;-0.289994
42700200;1;0.501647;-0.478697;0.653228;-0.304126;0.517815;-0.441553;0.678888;-0.275700;0.515116;-0.431710;0.677650;-0.298450;0.537391;-0.375976;0.710088;-0.256180;0.848650;-0.444491;0.184701;0.219332;0.639543;-0.328267;-0.098554;0.688122;-0.232081;-0.260638;0.222576;0.910311;-0.231740;-0.416270;0.805228;0.353022;-0.215361;-0.452643;0.785358;0.363246;-0.215361;-0.452643;0.785358;0.363246;0.013610;-0.548045;0.799326;-0.246048;0.494431;0.860152;-0.093410;-0.083374;0.470084;0.666783;-0.518670;-0.255739;-0.475791;0.054030;0.843030;-0.244958;0.411598;-0.515411;-0.474395;0.582999;0.691777;-0.083164;-0.695545;0.175345;0.691777;-0.083164;-0.695545;0.175345;0.815009;-0.167924;-0.030658;0.553734;-0.300911;0.554483;-0.336455;0.699141;0.624767;-0.293197;0.578554;-0.434715;-0.461917;0.508763;-0.512863;0.514553;0.694418;0.000340;0.718487;-0.039505;0.359229;0.405488;0.788320;0.291694;0.157928;0.753443;0.467068;0.435006;0.347541;0.545012;0.666391;0.371619;-0.014475;0.859204;0.089419;0.503551;0.533282;-0.524969;0.586874;-0.309189;0.533282;-0.524969;0.586874;-0.309189;0.595717;0.043774;0.786191;0.158458;0.309189;0.586874;0.524969;0.533282;0.595717;0.043774;0.786191;0.158458;0.533282;-0.524969;0.586874;-0.309189
42733555;1;0.502756;-0.480323;0.653641;-0.298797;0.516076;-0.449485;0.675218;-0.275153;0.507734;-0.448053;0.670605;-0.302892;0.530389;-0.392832;0.704376;-0.261199;0.838497;-0.459711;0.186413;0.225474;0.642002;-0.319476;-0.109531;0.688311;-0.239975;-0.263010;0.211868;0.910137;-0.224514;-0.413458;0.803362;0.365043;-0.176893;-0.511074;0.745078;0.390348;-0.176893;-0.511074;0.745078;0.390348;0.009149;-0.542293;0.806405;-0.235680;0.511397;0.850526;-0.088109;-0.085532;0.477015;0.652354;-0.520644;-0.275355;-0.496877;0.060401;0.832459;-0.237649;0.416842;-0.511336;-0.465903;0.589671;0.680717;-0.148740;-0.675579;0.241028;0.680717;-0.148740;-0.675579;0.241028;0.840453;0.056152;-0.032313;0.537998;-0.323638;0.540543;-0.358398;0.688929;0.618495;-0.297212;0.576482;-0.443619;-0.440466;0.529765;-0.506414;0.518540;0.682069;-0.019206;0.728783;-0.057341;0.341342;0.434296;0.779394;0.295665;0.159401;0.753120;0.478376;0.422561;0.343116;0.544288;0.674469;0.362096;-0.010874;0.864321;0.095643;0.493643;0.529836;-0.533303;0.590859;-0.292827;0.529836;-0.533303;0.590859;-0.292827;0.581711;0.040698;0.794903;0.167590;0.292827;0.590859;0.533303;0.529836;0.581711;0.040698;0.794903;0.167590;0.529836;-0.533303;0.590859;-0.292827
42766877;1;0.514182;-0.470827;0.639823;-0.323366;0.524252;-0.450142;0.654541;-0.306771;0.502863;-0.454814;0.663534;-0.316221;0.526602;-0.400139;0.697870;-0.274876;0.829166;-0.472624;0.183487;0.235465;0.646685;-0.321005;-0.111232;0.682921;-0.225076;-0.267079;0.209966;0.913195;-0.226054;-0.408862;0.806837;0.361587;-0.200663;-0.463357;0.776823;0.376271;-0.200663;-0.463357;0.776823;0.376271;0.003319;-0.514250;0.823395;-0.239908;0.529055;0.837207;-0.109384;-0.084980;0.462716;0.657318;-0.521486;-0.286145;0.501033;-0.045312;-0.837831;0.212016;0.434051;-0.493630;-0.477840;0.582750;0.688193;-0.134991;-0.673631;0.233214;0.688193;-0.134991;-0.673631;0.233214;0.581005;0.121793;-0.090297;0.799654;-0.350046;0.533548;-0.383607;0.667562;0.602653;-0.317360;0.575445;-0.452718;-0.440319;0.523606;-0.515412;0.516048;0.680220;-0.008485;0.730836;-0.055738;0.305389;0.466307;0.774161;0.299949;0.150600;0.749201;0.505413;0.400719;0.346643;0.553364;0.660064;0.371407;-0.015025;0.860673;0.079049;0.502760;0.556904;-0.475571;0.589155;-0.341447;0.556904;-0.475571;0.589155;-0.341447;0.635230;0.080316;0.752875;0.152351;0.341447;0.589155;0.475571;0.556904;0.635230;0.080316;0.752875;0.152351;0.556904;-0.475571;0.589155;-0.341447
42800222;1;0.516908;-0.460994;0.640592;-0.331563;0.519984;-0.454986;0.644872;-0.326717;0.508485;-0.456348;0.658843;-0.314825;0.532095;-0.402044;0.693317;-0.273033;0.832406;-0.476106;0.169732;0.227187;0.653504;-0.304059;-0.135630;0.679769;-0.239394;-0.274255;0.188763;0.912055;-0.177623;-0.408607;0.797297;0.407195;-0.147671;-0.465267;0.765617;0.418988;-0.147671;-0.465267;0.765617;0.418988;0.035455;-0.510878;0.835218;-0.200393;0.524665;0.842971;-0.092812;-0.074243;0.453250;0.663280;-0.502040;-0.320283;0.517354;-0.052105;-0.830222;0.200902;0.431691;-0.499682;-0.496660;0.563285;0.676913;-0.123774;-0.693566;0.213155;0.676913;-0.123774;-0.693566;0.213155;0.562067;0.232818;-0.163189;0.776689;-0.377523;0.521252;-0.410412;0.646014;0.588510;-0.334022;0.573230;-0.462052;-0.429461;0.532256;-0.521242;0.510464;0.668639;-0.010534;0.741134;-0.059418;0.266866;0.498794;0.766227;0.304768;0.140563;0.739519;0.537584;0.379944;0.350133;0.543567;0.663531;0.376389;-0.016001;0.856194;0.088416;0.508781;0.523717;-0.508757;0.597378;-0.331701;0.523717;-0.508757;0.597378;-0.331701;0.604872;0.062665;0.782156;0.135776;0.331701;0.597378;0.508757;0.523717;0.604872;0.062665;0.782156;0.135776;0.523717;-0.508757;0.597378;-0.331701
42833544;1;0.512333;-0.468307;0.643425;-0.322814;0.516085;-0.460725;0.648876;-0.316779;0.501379;-0.470051;0.643788;-0.336463;0.526746;-0.416910;0.679410;-0.295172;0.817916;-0.502131;0.158717;0.231705;0.661668;-0.300415;-0.131664;0.674249;-0.223619;-0.270357;0.185718;0.917829;-0.171936;-0.368482;0.811531;0.419615;-0.097430;-0.502191;0.736319;0.442884;-0.097430;-0.502191;0.736319;0.442884;0.065358;-0.517921;0.828708;-0.201813;0.550413;0.824718;-0.119708;-0.050560;0.448193;0.672082;-0.471783;-0.353341;0.534931;-0.053256;-0.819413;0.198936;0.404746;-0.509364;-0.521280;0.552265;0.658878;-0.080744;-0.724337;0.186270;0.658878;-0.080744;-0.724337;0.186270;0.504510;0.267445;-0.209616;0.793728;-0.398446;0.513189;-0.445491;0.615967;0.568539;-0.351419;0.581675;-0.463597;-0.411253;0.543635;-0.524670;0.509955;0.655423;-0.016261;0.751660;-0.071857;0.250608;0.528107;0.744929;0.321526;0.153198;0.711766;0.572013;0.377783;0.361253;0.521381;0.665863;0.392790;-0.019553;0.842200;0.105718;0.528338;0.523592;-0.519340;0.613921;-0.281494;0.523592;-0.519340;0.613921;-0.281494;0.569282;0.066879;0.801336;0.171189;0.281494;0.613921;0.519340;0.523592;0.569282;0.066879;0.801336;0.171189;0.523592;-0.519340;0.613921;-0.281494
42866888;1;0.512872;-0.468757;0.641565;-0.324996;0.516549;-0.461404;0.646874;-0.319121;0.491594;-0.483397;0.633573;-0.351067;0.518164;-0.431031;0.670298;-0.310513;0.808172;-0.524732;0.143078;0.225926;0.668555;-0.295131;-0.115210;0.672799;-0.206488;-0.256090;0.186530;0.925736;-0.171631;-0.395546;0.796275;0.424301;-0.105735;-0.511017;0.727580;0.445319;-0.105735;-0.511017;0.727580;0.445319;0.072006;-0.535105;0.819941;-0.190195;0.571405;0.810697;-0.111001;-0.062812;0.463061;0.657466;-0.478628;-0.352461;0.541818;-0.067076;-0.810461;0.212339;0.385456;-0.521931;-0.523145;0.552567;0.656668;-0.035489;-0.738128;0.150645;0.656668;-0.035489;-0.738128;0.150645;0.608078;0.232943;-0.163984;0.741005;-0.423861;0.491856;-0.461312;0.604658;0.559035;-0.363974;0.567684;-0.482430;0.419591;-0.530285;0.548690;-0.491610;0.648451;0.010245;0.759332;-0.053117;0.240522;0.553537;0.721347;0.339713;0.163033;0.694066;0.587382;0.382982;0.343098;0.535725;0.651250;0.413709;-0.047294;0.842104;0.085404;0.530406;0.542882;-0.475434;0.596339;-0.351599;0.542882;-0.475434;0.596339;-0.351599;0.632493;0.085493;0.757858;0.135257;0.351599;0.596339;0.475434;0.542882;0.632493;0.085493;0.757858;0.135257;0.542882;-0.475434;0.596339;-0.351599
42900222;1;0.498665;-0.477430;0.649387;-0.318889;0.500468;-0.473735;0.652088;-0.316051;0.487295;-0.497776;0.622142;-0.357353;0.514383;-0.446282;0.660057;-0.317124;0.799367;-0.541553;0.127230;0.227039;0.671975;-0.300337;-0.117787;0.666613;-0.210799;-0.258716;0.192724;0.922761;-0.132814;-0.402540;0.792408;0.438647;-0.085960;-0.483621;0.745694;0.450180;-0.085960;-0.483621;0.745694;0.450180;0.070112;-0.498635;0.845923;-0.175673;0.587605;0.799257;-0.111291;-0.059361;0.448830;0.673854;-0.470495;-0.350865;0.532166;-0.055223;-0.819997;0.203359;0.415934;-0.505201;-0.508138;0.559970;0.689273;-0.003377;-0.716534;0.107098;0.689273;-0.003377;-0.716534;0.107098;0.676008;-0.276400;-0.003059;0.683086;-0.444685;0.477182;-0.482536;0.584562;0.549921;-0.374252;0.566114;-0.486865;-0.401029;0.546879;-0.536031;0.502762;0.643160;-0.010568;0.762075;-0.073993;0.212558;0.569593;0.720403;0.333769;0.149251;0.689752;0.606354;0.366470;0.350617;0.525130;0.649551;0.423544;-0.048844;0.833457;0.091669;0.542735;0.551592;-0.481511;0.603135;-0.316419;0.551592;-0.481511;0.603135;-0.316419;0.613777;0.086001;0.766961;0.166293;0.316419;0.603135;0.481511;0.551592;0.613777;0.086001;0.766961;0.166293;0.551592;-0.481511;0.603135;-0.316419
42933555;1;0.505269;-0.478006;0.643201;-0.320166;0.507894;-0.472681;0.647124;-0.315985;0.470623;-0.512788;0.609525;-0.379528;0.499543;-0.462257;0.648684;-0.340565;0.779302;-0.567338;0.109893;0.242362;0.676943;-0.298151;-0.121637;0.661860;-0.205573;-0.260536;0.189237;0.924148;-0.139681;-0.416476;0.786388;0.434317;-0.099068;-0.487163;0.744668;0.445340;-0.099068;-0.487163;0.744668;0.445340;0.073791;-0.486705;0.852844;-0.174156;0.615296;0.776761;-0.103531;-0.085639;0.454141;0.674763;-0.477625;-0.332152;0.521348;-0.051370;-0.825101;0.211580;0.427950;-0.497531;-0.484855;0.578132;0.713022;0.002200;-0.694706;0.094750;0.713022;0.002200;-0.694706;0.094750;0.692161;-0.255238;0.019527;0.674823;-0.456753;0.472709;-0.506873;0.557676;0.530043;-0.397499;0.567777;-0.488548;0.406471;-0.535642;0.543350;-0.502632;0.646913;0.002584;0.759327;-0.070140;0.215289;0.591109;0.687840;0.362101;0.172259;0.666406;0.615183;0.384421;0.337759;0.526851;0.646241;0.436714;-0.067269;0.832349;0.088214;0.543037;0.545087;-0.448824;0.643822;-0.294840;0.545087;-0.448824;0.643822;-0.294840;0.593918;0.137884;0.772617;0.176951;0.294840;0.643822;0.448824;0.545087;0.593918;0.137884;0.772617;0.176951;0.545087;-0.448824;0.643822;-0.294840
42966877;1;0.506772;-0.478039;0.639910;-0.324309;0.503924;-0.483602;0.635716;-0.328717;0.465418;-0.521420;0.602796;-0.384894;0.494785;-0.471401;0.642669;-0.346331;0.771612;-0.577131;0.090671;0.251621;0.677600;-0.285135;-0.116388;0.667840;-0.211347;-0.249011;0.181223;0.927623;-0.130717;-0.447530;0.761904;0.449591;-0.100333;-0.497520;0.730243;0.457331;-0.100333;-0.497520;0.730243;0.457331;0.107733;-0.513738;0.837485;-0.151940;0.625412;0.768327;-0.095001;-0.097512;0.474407;0.670389;-0.471975;-0.320557;0.521917;-0.049653;-0.818362;0.235418;0.413390;-0.496213;-0.476502;0.596512;0.716170;-0.002460;-0.687950;0.117554;0.716170;-0.002460;-0.687950;0.117554;0.704768;-0.221537;0.017243;0.673740;-0.467487;0.470159;-0.526286;0.532381;0.517948;-0.415761;0.570234;-0.483431;0.418709;-0.524865;0.552004;-0.494460;0.649826;0.016411;0.757855;-0.055796;0.222209;0.610090;0.651095;0.393050;0.200738;0.644408;0.617165;0.404412;0.325948;0.532402;0.643802;0.442522;-0.079777;0.834546;0.082647;0.538830;0.535827;-0.437863;0.663015;-0.285614;0.535827;-0.437863;0.663015;-0.285614;0.580847;0.159206;0.778439;0.176928;0.285614;0.663015;0.437863;0.535827;0.580847;0.159206;0.778439;0.176928;0.535827;-0.437863;0.663015;-0.285614
43000222;1;0.506783;-0.478174;0.639809;-0.324292;0.503624;-0.484336;0.635156;-0.329176;0.464573;-0.522931;0.601672;-0.385624;0.494001;-0.472997;0.641670;-0.347127;0.770393;-0.578813;0.091430;0.251217;0.675776;-0.287617;-0.114784;0.668900;-0.214744;-0.248647;0.184590;0.926275;-0.134913;-0.451827;0.761104;0.445390;-0.103474;-0.503885;0.727685;0.453726;-0.103474;-0.503885;0.727685;0.453726;0.107650;-0.520266;0.832859;-0.155179;0.626880;0.767346;-0.093205;-0.097546;0.476421;0.669811;-0.470596;-0.320805;0.523190;-0.048768;-0.817146;0.236993;0.416203;-0.494660;-0.473866;0.597945;0.719001;-0.004178;-0.684996;0.117477;0.719001;-0.004178;-0.684996;0.117477;0.711498;-0.201705;0.015913;0.672928;-0.467912;0.470060;-0.526339;0.532043;0.518628;-0.415314;0.570527;-0.482741;0.418356;-0.525785;0.551893;-0.493905;0.649188;0.015680;0.758428;-0.055646;0.221898;0.610233;0.651101;0.392995;0.200185;0.644926;0.616771;0.404462;0.325262;0.532774;0.644279;0.441884;-0.079815;0.835141;0.082724;0.537890;0.537687;-0.437776;0.661867;-0.284915;0.537687;-0.437776;0.661867;-0.284915;0.581668;0.158457;0.777565;0.178737;0.284915;0.661867;0.437776;0.537687;0.581668;0.158457;0.777565;0.178737;0.537687;-0.437776;0.661867;-0.284915
43033533;1;0.506780;-0.478185;0.639802;-0.324294;0.503601;-0.484388;0.635119;-0.329210;0.464504;-0.523050;0.601597;-0.385664;0.493936;-0.473121;0.641604;-0.347171;0.770292;-0.578924;0.091460;0.251263;0.675522;-0.287810;-0.114678;0.669092;-0.215166;-0.248633;0.184844;0.926130;-0.135393;-0.452265;0.760995;0.444984;-0.103912;-0.504426;0.727470;0.453370;-0.103912;-0.504426;0.727470;0.453370;0.107473;-0.520999;0.832368;-0.155475;0.626985;0.767278;-0.093050;-0.097548;0.476541;0.669825;-0.470443;-0.320823;0.523270;-0.048622;-0.817079;0.237079;0.416465;-0.494585;-0.473763;0.597905;0.719158;-0.004186;-0.684871;0.117245;0.719158;-0.004186;-0.684871;0.117245;0.711922;-0.200855;0.015818;0.672736;-0.467936;0.470043;-0.526340;0.532035;0.518671;-0.415274;0.570544;-0.482709;0.418342;-0.525823;0.551866;-0.493907;0.649179;0.015635;0.758436;-0.055657;0.221906;0.610229;0.651105;0.392989;0.200194;0.644922;0.616776;0.404457;0.325299;0.532694;0.644376;0.441810;-0.079735;0.835153;0.082848;0.537864;0.537770;-0.437776;0.661859;-0.284777;0.537770;-0.437776;0.661859;-0.284777;0.581629;0.158451;0.777559;0.178893;0.284777;0.661859;0.437776;0.537770;0.581629;0.158451;0.777559;0.178893;0.537770;-0.437776;0.661859;-0.284777
43066888;1;0.506367;-0.484359;0.620004;-0.352965;0.499035;-0.496950;0.609958;-0.363257;0.455803;-0.531209;0.600051;-0.387298;0.485393;-0.481378;0.640718;-0.349498;0.759302;-0.583025;0.097587;0.272064;0.662789;-0.314600;-0.127445;0.667454;-0.238612;-0.269503;0.206357;0.909862;-0.130232;-0.425443;0.789850;0.422107;-0.091659;-0.494899;0.748292;0.432126;-0.091659;-0.494899;0.748292;0.432126;0.072719;-0.473824;0.857779;-0.185519;0.637716;0.754522;-0.097478;-0.120474;0.495466;0.668957;-0.451584;-0.321065;0.537122;-0.021019;-0.806839;0.245089;0.448809;-0.497031;-0.486947;0.560725;0.716493;0.021402;-0.695485;0.049803;0.716493;0.021402;-0.695485;0.049803;0.723677;-0.057513;-0.040562;0.686541;0.500651;-0.436900;0.522137;-0.534641;0.529928;-0.406913;0.545823;-0.505642;0.415440;-0.528454;0.536467;-0.510245;0.658584;0.002839;0.749312;-0.069221;0.198975;0.625096;0.647149;0.388410;0.185418;0.647282;0.624978;0.395031;0.322339;0.529036;0.647311;0.444081;-0.083409;0.834619;0.087530;0.537394;0.559563;-0.412517;0.675716;-0.245208;0.559563;-0.412517;0.675716;-0.245208;0.569059;0.186110;0.769497;0.222282;0.245208;0.675716;0.412517;0.559563;0.569059;0.186110;0.769497;0.222282;0.559563;-0.412517;0.675716;-0.245208
43100211;1;0.506366;-0.484359;0.620004;-0.352965;0.499034;-0.496951;0.609958;-0.363257;0.455797;-0.531210;0.600053;-0.387300;0.485388;-0.481379;0.640720;-0.349501;0.759301;-0.583027;0.097597;0.272060;0.662782;-0.314611;-0.127430;0.667459;-0.238623;-0.269495;0.206375;0.909857;-0.130252;-0.425466;0.789845;0.422087;-0.091669;-0.494941;0.748272;0.432111;-0.091669;-0.494941;0.748272;0.432111;0.072777;-0.473884;0.857737;-0.185538;0.637718;0.754519;-0.097475;-0.120479;0.495472;0.668946;-0.451585;-0.321075;0.537135;-0.021025;-0.806831;0.245088;0.448868;-0.497043;-0.486922;0.560690;0.716510;0.021419;-0.695476;0.049691;0.716510;0.021419;-0.695476;0.049691;0.723707;-0.057368;-0.040597;0.686520;0.500651;-0.436900;0.522137;-0.534640;0.529930;-0.406912;0.545825;-0.505640;0.415445;-0.528449;0.536470;-0.510242;0.658586;0.002844;0.749310;-0.069215;0.198986;0.625093;0.647146;0.388414;0.185429;0.647278;0.624976;0.395034;0.322359;0.529021;0.647312;0.444082;-0.083395;0.834610;0.087541;0.537409;0.559557;-0.412507;0.675738;-0.245180;0.559557;-0.412507;0.675738;-0.245180;0.569035;0.186132;0.769505;0.222298;0.245180;0.675737;0.412507;0.559557;0.569035;0.186132;0.769505;0.222298;0.559557;-0.412507;0.675738;-0.245180
43133555;1;0.506346;-0.484367;0.620009;-0.352975;0.499023;-0.496943;0.609976;-0.363254;0.455748;-0.531175;0.600135;-0.387280;0.485337;-0.481337;0.640799;-0.349484;0.759337;-0.582979;0.097711;0.272023;0.662896;-0.314558;-0.127313;0.667393;-0.238496;-0.269370;0.206385;0.909926;-0.130296;-0.425245;0.789936;0.422126;-0.091771;-0.494623;0.748452;0.432141;-0.091771;-0.494623;0.748452;0.432141;0.072606;-0.473739;0.857832;-0.185537;0.637682;0.754532;-0.097441;-0.120617;0.495455;0.668884;-0.451550;-0.321282;0.537305;-0.021010;-0.806760;0.244950;0.449659;-0.497003;-0.486541;0.560422;0.716874;0.021521;-0.695177;0.048561;0.716874;0.021521;-0.695177;0.048561;0.724291;-0.056414;-0.040581;0.685984;0.500610;-0.436948;0.522135;-0.534641;0.529871;-0.406980;0.545811;-0.505663;0.415395;-0.528488;0.536439;-0.510276;0.658574;0.002794;0.749315;-0.069274;0.199051;0.625088;0.647134;0.388407;0.185496;0.647270;0.624968;0.395029;0.322380;0.529065;0.647256;0.444095;-0.083390;0.834602;0.087470;0.537434;0.559334;-0.411838;0.676442;-0.244871;0.559334;-0.411838;0.676442;-0.244871;0.568659;0.187103;0.769530;0.222359;0.244871;0.676441;0.411838;0.559334;0.568659;0.187103;0.769530;0.222359;0.559334;-0.411838;0.676442;-0.244871
43166877;1;0.503985;-0.482144;0.630832;-0.339982;0.495424;-0.497595;0.618717;-0.352341;0.450769;-0.528537;0.609337;-0.382314;0.479976;-0.477970;0.649760;-0.344934;0.769919;-0.578362;0.087416;0.255110;0.655335;-0.320631;-0.138940;0.669647;-0.202726;-0.291567;0.192605;0.914764;-0.204299;-0.420064;0.804587;0.366671;-0.160266;-0.510792;0.750271;0.387944;-0.160266;-0.510792;0.750271;0.387944;0.071526;-0.517236;0.819834;-0.234996;0.628426;0.761829;-0.066366;-0.142456;0.508288;0.652717;-0.451883;-0.333774;0.556865;-0.023145;-0.793538;0.244261;0.500424;-0.538629;-0.492546;0.465675;0.682907;-0.026517;-0.729397;-0.030254;0.682907;-0.026517;-0.729397;-0.030254;0.713293;0.049163;-0.155514;0.681624;-0.478658;0.465807;-0.521416;0.531070;0.529216;-0.411582;0.565198;-0.480710;0.435461;-0.515208;0.536860;-0.506671;0.670217;0.012607;0.740190;-0.052630;0.231098;0.610301;0.641248;0.403643;0.210924;0.641326;0.610236;0.414516;0.305400;0.552247;0.640670;0.437375;-0.090837;0.846323;0.066511;0.520636;0.581012;-0.359101;0.708495;-0.177501;0.581012;-0.359101;0.708495;-0.177501;0.536350;0.247059;0.754904;0.285325;0.177501;0.708495;0.359101;0.581012;0.536350;0.247059;0.754904;0.285325;0.581012;-0.359101;0.708495;-0.177501
43200222;1;0.500572;-0.484726;0.631197;-0.340674;0.494962;-0.494932;0.623227;-0.348774;0.460293;-0.508428;0.623980;-0.374540;0.488846;-0.456751;0.662743;-0.336422;0.787070;-0.558838;0.086819;0.246342;0.663148;-0.315028;-0.134417;0.665525;-0.198737;-0.283943;0.191539;0.918255;-0.163339;-0.402516;0.806114;0.401847;-0.102451;-0.516716;0.738135;0.421503;-0.102451;-0.516716;0.738135;0.421503;0.100309;-0.499558;0.833949;-0.211917;0.608720;0.775516;-0.080479;-0.146826;0.500245;0.650885;-0.469401;-0.325216;0.543713;-0.044065;-0.801279;0.245737;-0.432603;0.538342;0.499129;-0.523367;0.678091;0.003502;-0.734118;0.035368;0.678091;0.003502;-0.734118;0.035368;0.714049;0.110664;-0.137378;0.677506;-0.470472;0.473929;-0.520192;0.532398;0.524069;-0.416413;0.567280;-0.479734;0.442870;-0.506015;0.554225;-0.490560;0.664150;0.031461;0.746065;-0.036085;0.239813;0.602341;0.650338;0.395898;0.210619;0.647865;0.605014;0.412151;0.285033;0.568856;0.648473;0.417902;-0.091620;0.863445;0.060357;0.492367;0.604058;-0.334361;0.701408;-0.177041;0.604058;-0.334361;0.701408;-0.177041;0.552321;0.259541;0.732399;0.301947;0.177041;0.701408;0.334361;0.604058;0.552321;0.259541;0.732399;0.301947;0.604058;-0.334361;0.701408;-0.177041
43233544;1;0.503930;-0.475834;0.641042;-0.329700;0.485749;-0.509139;0.614923;-0.355944;0.471886;-0.486263;0.643877;-0.355379;0.498865;-0.433062;0.680799;-0.316392;0.809070;-0.529622;0.101916;0.233492;0.663166;-0.314231;-0.133617;0.666045;-0.186222;-0.285501;0.187307;0.921264;-0.209634;-0.350096;0.836472;0.365789;-0.097677;-0.572281;0.703382;0.410131;-0.097677;-0.572281;0.703382;0.410131;0.100305;-0.524583;0.805286;-0.257422;0.578060;0.799437;-0.075796;-0.144920;0.493457;0.650798;-0.482919;-0.315835;0.540919;-0.025314;-0.810005;0.225073;0.419158;-0.491113;-0.512449;0.566136;0.697006;0.017140;-0.709579;0.101913;0.697006;0.017140;-0.709579;0.101913;0.736560;-0.021991;-0.068351;0.672550;-0.453000;0.495001;-0.510573;0.537662;0.525183;-0.417035;0.576016;-0.467408;0.449462;-0.503038;0.549935;-0.492452;0.670131;0.030568;0.740889;-0.032775;0.263321;0.579877;0.660374;0.397883;0.216379;0.651356;0.589998;0.425227;0.293300;0.567735;0.642690;0.422614;-0.089088;0.858630;0.057027;0.501563;0.591721;-0.319685;0.714003;-0.194594;0.591721;-0.319685;0.714003;-0.194594;0.556009;0.278825;0.730928;0.280811;0.194594;0.714003;0.319685;0.591721;0.556009;0.278825;0.730928;0.280811;0.591721;-0.319685;0.714003;-0.194594
43266888;1;0.505274;-0.466847;0.645685;-0.331425;0.492617;-0.490504;0.627902;-0.349962;0.485359;-0.469121;0.644191;-0.359682;0.512640;-0.415950;0.679736;-0.319601;0.817668;-0.522350;0.093937;0.223035;0.667545;-0.320056;-0.148987;0.655553;-0.166077;-0.303300;0.180672;0.920753;-0.267998;-0.356909;0.829958;0.334609;-0.199088;-0.508990;0.746420;0.379671;-0.199088;-0.508990;0.746420;0.379671;0.055991;-0.551642;0.788057;-0.267436;0.563471;0.812609;-0.079040;-0.126174;0.467118;0.654218;-0.512499;-0.301901;0.519090;-0.028909;-0.830554;0.199722;0.419854;-0.485348;-0.499929;0.581577;0.702958;-0.017658;-0.696548;0.142682;0.702958;-0.017658;-0.696548;0.142682;0.782980;0.105362;-0.059109;0.610202;-0.449569;0.493427;-0.487710;0.562633;0.540636;-0.401081;0.566101;-0.475791;0.460388;-0.492226;0.552999;-0.489845;0.676013;0.040452;0.735410;-0.023281;0.285543;0.564494;0.661188;0.403289;0.225994;0.652018;0.575067;0.439428;0.294469;0.566760;0.646547;0.417191;-0.084419;0.860637;0.060425;0.498524;0.609673;-0.295239;0.706510;-0.204883;0.609673;-0.295239;0.706510;-0.204883;0.575978;0.290813;0.708343;0.286230;0.204883;0.706510;0.295239;0.609673;0.575978;0.290813;0.708343;0.286230;0.609673;-0.295239;0.706510;-0.204883
43300211;1;0.504421;-0.462299;0.653167;-0.324363;0.497934;-0.475075;0.643934;-0.334236;0.491819;-0.460410;0.647422;-0.356344;0.518812;-0.407009;0.682259;-0.315756;0.822251;-0.513419;0.104522;0.222216;0.680320;-0.320128;-0.162135;0.639058;-0.163286;-0.310752;0.179453;0.919004;-0.215795;-0.356468;0.837002;0.354670;-0.139959;-0.517704;0.748080;0.390857;-0.139959;-0.517704;0.748080;0.390857;-0.014153;-0.555628;0.789698;-0.259720;0.554386;0.819659;-0.086568;-0.115417;0.429896;0.676702;-0.519762;-0.295147;-0.490429;0.027772;0.852823;-0.177206;0.428143;-0.492553;-0.532002;0.539499;0.671695;-0.050631;-0.723236;0.152288;0.671695;-0.050631;-0.723236;0.152288;0.739072;0.184761;-0.125919;0.635437;-0.430416;0.507990;-0.470525;0.579046;0.550403;-0.388262;0.573332;-0.466475;0.459608;-0.495510;0.559775;-0.479460;0.668181;0.042936;0.742576;-0.016477;0.292477;0.541682;0.691318;0.378308;0.207703;0.673379;0.563824;0.430722;0.287702;0.577001;0.645381;0.409610;-0.083933;0.867027;0.052381;0.488339;0.611394;-0.289014;0.708039;-0.203344;0.611394;-0.289014;0.708039;-0.203344;0.576107;0.296296;0.705023;0.288534;0.203344;0.708039;0.289014;0.611394;0.576107;0.296296;0.705023;0.288534;0.611394;-0.289014;0.708039;-0.203344
43333555;1;0.506978;-0.456021;0.654642;-0.326286;0.503998;-0.461940;0.650479;-0.330871;0.500967;-0.444311;0.659633;-0.341326;0.526726;-0.389982;0.693140;-0.300052;0.836457;-0.490742;0.109481;0.218005;0.691646;-0.309899;-0.161231;0.632133;-0.145270;-0.305513;0.169394;0.925669;-0.137621;-0.331231;0.839771;0.407593;-0.109014;-0.388688;0.814770;0.416158;-0.109014;-0.388688;0.814770;0.416158;0.130392;-0.457440;0.847678;-0.234923;0.531887;0.833110;-0.084301;-0.126164;0.438023;0.668566;-0.522528;-0.296849;-0.497625;0.029739;0.848016;-0.179871;-0.411448;0.499954;0.540770;-0.536958;0.660516;-0.034491;-0.735661;0.146056;0.660516;-0.034491;-0.735661;0.146056;0.662195;0.289027;-0.162700;0.671930;-0.405293;0.534145;-0.458270;0.583451;0.550359;-0.387279;0.587666;-0.449186;0.465209;-0.491509;0.560170;-0.477713;0.670908;0.046082;0.740021;-0.011309;0.302317;0.521330;0.710337;0.363650;0.199939;0.684939;0.554269;0.428567;0.290840;0.580418;0.641305;0.408968;-0.081284;0.866593;0.047066;0.490096;0.603012;-0.304327;0.712037;-0.191743;0.603012;-0.304327;0.712037;-0.191743;0.561976;0.288295;0.718678;0.290811;0.191743;0.712037;0.304327;0.603012;0.561976;0.288295;0.718678;0.290811;0.603012;-0.304327;0.712037;-0.191743
43366877;1;0.509014;-0.452142;0.660517;-0.316529;0.512625;-0.444506;0.665679;-0.310647;0.507102;-0.436683;0.664614;-0.332331;0.532120;-0.381979;0.697492;-0.290595;0.845471;-0.479753;0.103142;0.210659;0.708780;-0.306006;-0.162793;0.614402;-0.117201;-0.305344;0.164032;0.930657;-0.031356;-0.397372;0.871372;0.286047;-0.018282;-0.436689;0.852348;0.287179;-0.018282;-0.436689;0.852348;0.287179;0.124633;-0.417847;0.829852;-0.348160;0.518940;0.842402;-0.079499;-0.121407;0.420405;0.674828;-0.519978;-0.312234;0.500590;-0.019188;-0.851705;0.153753;-0.397329;0.504079;0.582499;-0.498728;0.606640;-0.098659;-0.763981;0.196437;0.606640;-0.098659;-0.763981;0.196437;0.677617;0.247396;-0.198428;0.663519;-0.379820;0.552184;-0.442114;0.596125;0.552865;-0.378693;0.597480;-0.440397;0.459009;-0.497237;0.565297;-0.471705;0.662319;0.045631;0.747744;-0.011414;0.318940;0.497342;0.728743;0.346210;0.193040;0.702484;0.533775;0.429345;0.272677;0.588866;0.655125;0.386906;-0.078620;0.882156;0.050911;0.461550;0.618089;-0.313633;0.696375;-0.186179;0.618089;-0.313633;0.696375;-0.186179;0.568703;0.270639;0.714183;0.305407;0.186179;0.696375;0.313633;0.618089;0.568703;0.270639;0.714183;0.305407;0.618089;-0.313633;0.696375;-0.186179
43400222;1;0.507228;-0.461526;0.662847;-0.300578;0.517330;-0.438300;0.678429;-0.282837;0.512211;-0.435482;0.664233;-0.326788;0.536767;-0.380812;0.697016;-0.284660;0.843807;-0.473199;0.106359;0.229696;0.714831;-0.293402;-0.183560;0.607650;-0.113801;-0.314756;0.143902;0.931274;-0.124781;-0.323901;0.822834;0.449958;-0.025705;-0.492317;0.734569;0.466232;-0.025705;-0.492317;0.734569;0.466232;0.161635;-0.444998;0.858642;-0.196430;0.517136;0.842057;-0.093005;-0.121905;0.432087;0.651584;-0.531221;-0.326411;0.515791;-0.058503;-0.838650;0.164931;-0.334022;0.552954;0.601752;-0.469644;0.576312;0.169018;-0.799560;0.000629;0.576312;0.169018;-0.799560;0.000629;0.660860;0.391358;-0.201459;0.607879;-0.360661;0.559055;-0.420347;0.617000;0.564323;-0.362599;0.598147;-0.438499;0.434246;-0.527204;0.539050;-0.492861;0.659678;0.005690;0.750258;-0.043649;0.348855;0.466872;0.739742;0.336322;0.194710;0.713286;0.506343;0.443765;0.299307;0.570295;0.660272;0.386289;-0.059182;0.872705;0.067531;0.479920;0.617337;-0.241109;0.737511;-0.129766;0.617337;-0.241109;0.737511;-0.129766;0.528281;0.351010;0.691989;0.344765;0.129766;0.737511;0.241109;0.617337;0.528281;0.351010;0.691989;0.344765;0.617337;-0.241109;0.737511;-0.129766
43433544;1;0.497181;-0.475116;0.673546;-0.270947;0.505898;-0.452505;0.688940;-0.254301;0.509089;-0.432092;0.673612;-0.316815;0.532856;-0.376681;0.706093;-0.274969;0.852964;-0.464731;0.121693;0.204129;0.708121;-0.295498;-0.190183;0.612434;-0.123963;-0.321059;0.142862;0.927979;-0.116848;-0.273168;0.836330;0.460737;0.009913;-0.485783;0.733541;0.475220;0.009913;-0.485783;0.733541;0.475220;0.165663;-0.424306;0.865865;-0.206876;0.505630;0.851032;-0.073795;-0.120981;0.453248;0.636463;-0.522519;-0.341255;0.545711;-0.032155;-0.822847;0.155206;-0.319973;0.573237;0.648053;-0.386063;-0.499983;-0.067997;0.862525;-0.037995;-0.499983;-0.067997;0.862525;-0.037995;0.706051;0.245706;-0.300947;0.592073;-0.342717;0.565455;-0.408612;0.629159;0.571615;-0.346774;0.605374;-0.431887;-0.426082;0.532510;-0.527714;0.506365;0.663381;-0.006150;0.745934;-0.058917;0.346890;0.440254;0.769250;0.306755;0.176587;0.733889;0.496933;0.428115;0.282014;0.590684;0.655709;0.376307;-0.064533;0.883853;0.049963;0.460590;0.598531;-0.300394;0.727933;-0.147099;0.598531;-0.300394;0.727933;-0.147099;0.527240;0.302316;0.727137;0.319211;0.147099;0.727933;0.300394;0.598531;0.527240;0.302316;0.727137;0.319211;0.598531;-0.300394;0.727933;-0.147099
43466888;1;0.509354;-0.461872;0.670594;-0.278454;0.520265;-0.434195;0.688837;-0.257491;0.514269;-0.429307;0.671413;-0.316903;0.538027;-0.374081;0.703678;-0.274642;0.856609;-0.464482;0.112125;0.194695;0.708484;-0.295055;-0.184352;0.614009;-0.099207;-0.319867;0.136850;0.932263;-0.147878;-0.251340;0.846829;0.444794;0.018163;-0.533352;0.704149;0.468380;0.018163;-0.533352;0.704149;0.468380;0.172525;-0.421751;0.861081;-0.225612;0.500315;0.855395;-0.060276;-0.119793;0.441626;0.639441;-0.529281;-0.340504;0.540903;-0.019224;-0.829852;0.135651;-0.309464;0.568334;0.673160;-0.357889;-0.473059;-0.122318;0.872460;-0.008223;-0.473059;-0.122318;0.872460;-0.008223;0.734628;0.171313;-0.337426;0.563131;-0.323841;0.573101;-0.386342;0.646082;0.585112;-0.330678;0.606948;-0.424157;-0.427525;0.534074;-0.518004;0.513477;0.669385;-0.014125;0.740114;-0.062900;0.367325;0.414956;0.775242;0.303125;0.169559;0.743950;0.468708;0.445086;0.297082;0.583423;0.650408;0.385135;-0.060043;0.875065;0.051287;0.477521;0.599020;-0.280473;0.737849;-0.134499;0.599020;-0.280473;0.737849;-0.134499;0.518676;0.323414;0.720062;0.328466;0.134499;0.737849;0.280473;0.599020;0.518676;0.323414;0.720062;0.328466;0.599020;-0.280473;0.737849;-0.134499
43500211;1;0.516892;-0.457852;0.666571;-0.280851;0.530815;-0.422522;0.689508;-0.253555;0.522933;-0.419709;0.674716;-0.308453;0.545984;-0.364250;0.706201;-0.265524;0.865916;-0.452816;0.102866;0.185917;0.704278;-0.303265;-0.196981;0.610918;-0.102980;-0.334345;0.137785;0.926620;-0.145846;-0.165517;0.861113;0.458058;0.080747;-0.542408;0.688989;0.473886;0.080747;-0.542408;0.688989;0.473886;0.200840;-0.391030;0.861441;-0.254321;0.487788;0.860517;-0.061168;-0.133533;0.437525;0.649240;-0.528890;-0.327619;0.530441;0.000639;-0.837399;0.131891;-0.305094;0.580603;0.683814;-0.319713;-0.440056;-0.175469;0.879723;0.040616;-0.440056;-0.175469;0.879723;0.040616;0.762118;0.201541;-0.361078;0.498177;-0.303628;0.575495;-0.362017;0.667502;0.596732;-0.317394;0.601287;-0.426177;-0.434332;0.522563;-0.507611;0.529731;0.685581;-0.013322;0.724536;-0.069637;0.380598;0.397768;0.781121;0.294578;0.167473;0.750552;0.452765;0.451252;0.291172;0.572671;0.669072;0.373643;-0.056025;0.880502;0.072086;0.465167;0.610263;-0.241544;0.742262;-0.135209;0.610263;-0.241544;0.742262;-0.135209;0.527129;0.354061;0.695656;0.335914;0.135209;0.742262;0.241544;0.610263;0.527129;0.354061;0.695656;0.335914;0.610263;-0.241544;0.742262;-0.135209
43533555;1;0.509422;-0.467251;0.671213;-0.267655;0.521897;-0.433879;0.693253;-0.242431;0.525292;-0.414359;0.680502;-0.298817;0.547564;-0.358452;0.711539;-0.255730;0.873157;-0.443084;0.104805;0.174039;0.703824;-0.292188;-0.191534;0.618525;-0.110789;-0.323388;0.132208;0.930412;-0.103968;-0.084218;0.837718;0.529459;0.187048;-0.508260;0.671220;0.506112;0.187048;-0.508260;0.671220;0.506112;0.207441;-0.369544;0.873617;-0.239166;0.477754;0.868020;-0.066446;-0.117805;0.416696;0.668255;-0.525265;-0.322330;0.516284;0.039059;-0.849083;0.104802;-0.335967;0.656999;0.663029;-0.125985;-0.328000;0.004316;0.933400;0.145471;-0.328000;0.004316;0.933400;0.145471;0.717061;0.101444;-0.539123;0.429974;-0.290556;0.578045;-0.352070;0.676378;0.604718;-0.303854;0.604813;-0.419750;-0.413853;0.544587;-0.488205;0.542039;0.679739;-0.042754;0.726324;-0.092636;0.373931;0.375938;0.803221;0.271444;0.153233;0.766093;0.446706;0.435976;0.298953;0.585686;0.655515;0.371347;-0.048994;0.880219;0.053255;0.469019;0.592119;-0.260862;0.751840;-0.126816;0.592119;-0.260862;0.751840;-0.126816;0.508364;0.347174;0.716089;0.329019;0.126816;0.751840;0.260862;0.592119;0.508364;0.347174;0.716089;0.329019;0.592119;-0.260862;0.751840;-0.126816
43566888;1;0.504596;-0.470456;0.674433;-0.263047;0.518967;-0.430657;0.700517;-0.233419;0.523255;-0.417545;0.680795;-0.297286;0.545411;-0.361605;0.712086;-0.254367;0.872777;-0.443935;0.093962;0.179869;0.704954;-0.287779;-0.198344;0.617157;-0.097268;-0.328049;0.120585;0.931870;-0.129866;-0.012001;0.829291;0.543385;0.228108;-0.514802;0.650266;0.510000;0.228108;-0.514802;0.650266;0.510000;0.259838;-0.295406;0.882729;-0.256922;0.480611;0.865673;-0.068111;-0.122407;0.418283;0.656745;-0.534666;-0.328416;0.527624;0.081516;-0.842934;0.066557;-0.342318;0.740111;0.577577;0.038199;-0.196188;0.051097;0.937416;0.283110;-0.196188;0.051097;0.937416;0.283110;0.699573;-0.020535;-0.638269;0.320607;-0.275368;0.583987;-0.339878;0.683824;0.611930;-0.292288;0.609231;-0.411031;-0.417457;0.545805;-0.491179;0.535322;0.677578;-0.041480;0.729305;-0.085338;0.370926;0.364938;0.813289;0.260374;0.147840;0.772556;0.444663;0.428456;0.292617;0.586318;0.662882;0.362208;-0.047029;0.885790;0.058027;0.458035;0.579574;-0.223975;0.777665;-0.095738;0.579574;-0.223975;0.777665;-0.095738;0.477518;0.391518;0.708267;0.342124;0.095738;0.777665;0.223975;0.579574;0.477518;0.391518;0.708267;0.342124;0.579574;-0.223975;0.777665;-0.095738
43600222;1;0.497565;-0.467404;0.679956;-0.267622;0.519368;-0.405166;0.718782;-0.222372;0.526725;-0.406167;0.689492;-0.286688;0.548019;-0.349566;0.719843;-0.243525;0.880990;-0.426749;0.073720;0.190544;0.701150;-0.277057;-0.191859;0.628346;-0.128988;-0.313968;0.122452;0.932626;-0.173699;0.052816;0.818804;0.544609;0.288412;-0.573049;0.587235;0.493547;0.288412;-0.573049;0.587235;0.493547;0.334193;-0.281917;0.847410;-0.301222;0.466421;0.872611;-0.077518;-0.122448;0.380386;0.673398;-0.524147;-0.356527;0.519270;0.057134;-0.851428;0.046522;-0.337440;0.681882;0.638850;0.114197;-0.202960;0.166981;0.919353;0.292770;-0.202960;0.166981;0.919353;0.292770;0.728278;-0.157300;-0.638173;0.193915;-0.260649;0.593628;-0.322256;0.689796;0.623362;-0.280086;0.614683;-0.393873;-0.417329;0.549264;-0.477920;0.543819;0.683436;-0.053313;0.722302;-0.091388;0.375361;0.337110;0.826221;0.250636;0.135306;0.780708;0.432116;0.430653;0.292621;0.571267;0.679502;0.355393;-0.042095;0.886781;0.080398;0.453193;0.584047;-0.233411;0.763725;-0.145368;0.584047;-0.233411;0.763725;-0.145368;0.515775;0.374988;0.705082;0.310193;0.145368;0.763725;0.233411;0.584047;0.515775;0.374988;0.705082;0.310193;0.584047;-0.233411;0.763725;-0.145368
43633533;1;0.498194;-0.468094;0.675135;-0.277279;0.530871;-0.373353;0.731797;-0.207983;0.507294;-0.432573;0.676283;-0.313328;0.530787;-0.376946;0.708794;-0.271638;0.853911;-0.461818;0.093740;0.220846;0.737196;-0.293738;-0.222765;0.566247;-0.022372;-0.353152;0.105782;0.929297;-0.151051;0.047760;0.834403;0.527896;-0.320596;0.625137;-0.554719;-0.445767;-0.320596;0.625137;-0.554719;-0.445767;0.390181;-0.394090;0.710351;-0.433419;0.505890;0.847826;-0.074570;-0.140379;0.438964;0.643708;-0.518771;-0.351891;0.552689;0.023768;-0.826388;0.105130;-0.408923;0.476981;0.641242;-0.440544;0.600514;0.111260;-0.791407;0.026073;0.600514;0.111260;-0.791407;0.026073;0.647643;0.222689;-0.269105;0.677164;-0.247475;0.597445;-0.314699;0.694824;0.624960;-0.273680;0.617347;-0.391671;-0.428754;0.544719;-0.496077;0.522837;0.676808;-0.037163;0.732019;-0.068543;0.365351;0.327350;0.835784;0.246627;0.123516;0.785879;0.433628;0.423208;0.292755;0.579551;0.670727;0.358524;-0.044275;0.886497;0.068347;0.455512;0.549806;-0.198494;0.796064;-0.156827;0.549806;-0.198494;0.796064;-0.156827;0.499665;0.422546;0.703259;0.277878;0.156827;0.796064;0.198494;0.549806;0.499665;0.422546;0.703259;0.277878;0.549806;-0.198494;0.796064;-0.156827
43666888;1;0.495586;-0.467700;0.677712;-0.276329;0.527735;-0.374115;0.733535;-0.208469;0.518892;-0.418352;0.686750;-0.290011;0.540478;-0.361932;0.718087;-0.247466;0.868118;-0.434920;0.098780;0.217852;0.774788;-0.208212;-0.187563;0.566720;-0.064057;-0.269874;0.075498;0.957792;-0.412970;0.081244;0.857297;0.296475;-0.032568;0.683959;-0.523219;-0.507327;-0.032568;0.683959;-0.523219;-0.507327;-0.373175;-0.586597;0.692996;-0.190793;0.480998;0.859826;-0.070808;-0.155968;0.417781;0.644754;-0.523982;-0.367688;0.551865;0.030711;-0.830254;0.071973;-0.477097;0.375242;0.709717;-0.357595;0.592266;0.215900;-0.773234;-0.068680;0.592266;0.215900;-0.773234;-0.068680;0.642170;0.287155;-0.337031;0.625756;-0.232216;0.599322;-0.302276;0.703930;0.636023;-0.255754;0.620638;-0.380621;-0.436455;0.538108;-0.495754;0.523616;0.682792;-0.032673;0.727097;-0.063693;0.359614;0.313520;0.846949;0.234651;0.112987;0.796996;0.424685;0.414335;0.293996;0.580760;0.673659;0.349954;-0.037352;0.889389;0.069537;0.450285;0.546075;-0.177628;0.809736;-0.120741;0.546075;-0.177628;0.809736;-0.120741;0.471510;0.446968;0.698172;0.300756;0.120741;0.809736;0.177628;0.546075;0.471510;0.446968;0.698172;0.300756;0.546075;-0.177628;0.809736;-0.120741
43700211;1;0.507375;-0.454647;0.669019;-0.297118;0.538841;-0.372679;0.717915;-0.235287;0.531532;-0.394611;0.683870;-0.306723;0.554417;-0.338498;0.713312;-0.263110;0.877578;-0.433645;0.095300;0.180907;0.782677;-0.067198;-0.057370;0.616125;-0.041100;-0.085855;0.020875;0.995241;0.520078;-0.230048;-0.789209;-0.231832;0.025935;0.602316;-0.559454;-0.568819;0.025935;0.602316;-0.559454;-0.568819;0.234100;0.726759;-0.587264;0.268587;0.471459;0.867233;-0.108455;-0.117775;0.325786;0.720723;-0.486470;-0.371173;-0.493299;-0.068292;0.866851;-0.023704;0.644886;-0.132365;-0.745035;0.107357;0.652535;0.038106;-0.755741;-0.040016;0.652535;0.038106;-0.755741;-0.040016;0.722242;0.089494;-0.392906;0.562122;-0.223474;0.598110;-0.291026;0.712480;0.639332;-0.255376;0.614215;-0.385718;-0.452634;0.519928;-0.504812;0.519579;0.691388;-0.013311;0.720661;-0.049535;0.354399;0.305293;0.852466;0.233451;0.100218;0.804503;0.415477;0.412444;0.269631;0.612652;0.649227;0.361192;-0.062798;0.894772;0.029879;0.441075;0.537967;-0.162042;0.817866;-0.124214;0.537967;-0.162042;0.817866;-0.124214;0.468233;0.463738;0.692899;0.292568;0.124214;0.817866;0.162042;0.537967;0.468233;0.463738;0.692899;0.292568;0.537967;-0.162042;0.817866;-0.124214
43733555;1;0.513034;-0.454965;0.673553;-0.275915;0.540782;-0.376419;0.720400;-0.216535;0.534856;-0.371651;0.704261;-0.282526;0.555790;-0.313977;0.731797;-0.238724;0.895530;-0.399862;0.105814;0.164133;0.793531;0.022674;-0.053930;0.605711;0.177059;-0.019649;-0.055104;0.982460;0.527189;-0.348011;-0.660717;-0.405478;0.225301;-0.523037;0.533002;0.625764;0.225301;-0.523037;0.533002;0.625764;-0.277056;-0.608311;0.739523;-0.079394;0.433790;0.886809;-0.075267;-0.140467;0.358563;0.709229;-0.492394;-0.354929;0.504140;0.190546;-0.842110;-0.019621;0.614948;-0.352557;-0.375730;-0.596967;0.503242;-0.282762;-0.430715;-0.693742;0.503242;-0.282762;-0.430715;-0.693742;0.647589;0.065673;-0.741739;-0.161674;-0.198403;0.599094;-0.280314;0.723289;0.641590;-0.241963;0.615623;-0.388361;0.464067;-0.505925;0.523889;-0.504204;0.688682;0.010175;0.724341;-0.030702;0.362171;0.300576;0.852401;0.227812;0.104890;0.805861;0.409223;0.414876;0.286615;0.610467;0.643929;0.361299;-0.050828;0.889560;0.027587;0.453143;0.581789;-0.161436;0.784152;-0.143408;0.581789;-0.161436;0.784152;-0.143408;0.512792;0.440326;0.668632;0.309982;0.143408;0.784152;0.161436;0.581789;0.512792;0.440326;0.668632;0.309982;0.581789;-0.161436;0.784152;-0.143408
43766888;1;0.503297;-0.459331;0.670118;-0.294364;0.544955;-0.342513;0.736700;-0.207320;0.526758;-0.376360;0.707503;-0.283406;0.547789;-0.318411;0.735406;-0.240250;0.898170;-0.404830;0.067893;0.157460;0.718337;-0.232180;-0.179648;0.630723;0.216322;-0.293370;-0.010725;0.931141;-0.136724;0.341588;0.574832;0.730885;0.533936;-0.290721;0.602159;0.517492;0.533936;-0.290721;0.602159;0.517492;-0.447848;0.091795;0.823563;0.335783;0.440805;0.874895;-0.075148;-0.186017;0.390405;0.661976;-0.553187;-0.321490;0.502041;0.260534;-0.822405;-0.061045;0.667196;-0.105754;-0.619112;-0.400457;0.588118;0.002626;-0.628074;-0.509543;0.588118;0.002626;-0.628074;-0.509543;0.617120;0.223475;-0.734704;0.171558;-0.179896;0.614222;-0.269512;0.719536;0.638505;-0.239625;0.626527;-0.377300;0.457160;-0.510161;0.522474;-0.507702;0.686259;0.006131;0.726337;-0.038030;0.360039;0.275769;0.865449;0.212887;0.095560;0.815580;0.399773;0.407281;0.282984;0.614292;0.646216;0.353512;-0.047929;0.893839;0.026499;0.445031;0.600135;-0.156115;0.774291;-0.126256;0.600135;-0.156115;0.774291;-0.126256;0.513635;0.437116;0.657896;0.335083;0.126256;0.774291;0.156115;0.600135;0.513635;0.437116;0.657896;0.335083;0.600135;-0.156115;0.774291;-0.126256
43800222;1;0.502303;-0.458836;0.676122;-0.282877;0.536630;-0.360809;0.733136;-0.210610;0.526507;-0.368285;0.713492;-0.279439;0.547220;-0.309882;0.740728;-0.236316;0.903024;-0.396308;0.065907;0.152130;0.725437;-0.220944;-0.192326;0.622845;0.294430;-0.288805;-0.048963;0.909673;0.179331;0.119024;0.629121;0.746914;0.585942;-0.275628;0.577917;0.496702;0.585942;-0.275628;0.577917;0.496702;-0.124926;0.046719;0.933130;0.333884;0.427358;0.887197;-0.057289;-0.164208;0.366757;0.679389;-0.525719;-0.357127;-0.498430;-0.310735;0.800870;0.116696;0.729066;0.088742;-0.654165;-0.180711;0.728365;0.091259;-0.653819;-0.183515;0.728365;0.091259;-0.653819;-0.183515;-0.476165;-0.298077;0.690841;-0.455144;-0.184788;0.600609;-0.278431;0.726360;0.647065;-0.223279;0.623257;-0.378158;0.470031;-0.501216;0.534048;-0.492591;0.684750;0.020746;0.728252;-0.018321;0.357472;0.267411;0.865456;0.227355;0.080934;0.812136;0.401121;0.415916;0.264748;0.641360;0.610466;0.381966;-0.081174;0.887922;-0.017750;0.452427;0.610069;-0.166070;0.769740;-0.087955;0.610069;-0.166070;0.769740;-0.087955;0.493578;0.426859;0.661718;0.369190;0.087955;0.769740;0.166070;0.610069;0.493578;0.426859;0.661718;0.369190;0.610069;-0.166070;0.769740;-0.087955
43833533;1;0.502382;-0.423609;0.691047;-0.301034;0.536952;-0.331132;0.739826;-0.233862;0.521353;-0.360260;0.718890;-0.285659;0.542582;-0.301450;0.745465;-0.242930;0.907786;-0.396668;0.053652;0.125304;0.712501;-0.229416;-0.217709;0.626349;0.350002;-0.303298;-0.089661;0.881742;0.318221;0.218271;0.558090;0.734594;0.624634;-0.067844;0.595402;0.500726;0.624634;-0.067844;0.595402;0.500726;0.001906;0.155160;0.915696;0.370707;0.420127;0.888069;-0.038504;-0.182607;0.336891;0.673154;-0.546172;-0.367511;-0.466202;-0.355504;0.790606;0.176677;0.667778;-0.241354;-0.461906;-0.531474;0.523260;-0.125355;-0.505861;-0.674233;0.523260;-0.125355;-0.505861;-0.674233;0.586256;0.320495;-0.723623;-0.173081;-0.187029;0.608123;-0.269820;0.722775;0.655301;-0.218928;0.628281;-0.357651;0.476356;-0.503602;0.525975;-0.492768;0.689340;0.013388;0.724180;-0.013947;0.338371;0.240779;0.882200;0.221930;0.052858;0.825459;0.393460;0.401264;0.209932;0.664120;0.612375;0.373994;-0.114564;0.905163;-0.032229;0.408063;0.640488;-0.181582;0.740576;-0.091378;0.640488;-0.181582;0.740576;-0.091378;0.517507;0.395268;0.652064;0.388280;0.091378;0.740576;0.181582;0.640488;0.517507;0.395268;0.652064;0.388280;0.640488;-0.181582;0.740576;-0.091378
43866888;1;0.495445;-0.438948;0.679196;-0.317097;0.543426;-0.312871;0.745718;-0.225177;0.519445;-0.349060;0.726591;-0.283548;0.540511;-0.289668;0.752243;-0.240979;0.905077;-0.383713;0.033394;0.180236;0.714504;-0.232724;-0.231442;0.617865;0.389054;-0.308392;-0.112341;0.860762;0.388973;0.293874;0.494057;0.719893;0.563705;0.154439;0.553717;0.593113;0.563705;0.154439;0.553717;0.593113;0.214189;0.258874;0.935173;0.112067;0.419766;0.875244;-0.089789;-0.222897;0.330002;0.668346;-0.556918;-0.366408;-0.450740;-0.383126;0.781062;0.199976;0.695936;-0.112975;-0.424509;-0.568069;0.671121;-0.094800;-0.428934;-0.597181;0.671121;-0.094800;-0.428934;-0.597181;0.532073;0.397779;-0.718644;-0.205478;-0.191213;0.591720;-0.269311;0.735375;0.668717;-0.205769;0.616741;-0.360703;0.492232;-0.488076;0.524368;-0.494498;0.701752;0.023326;0.712028;-0.004040;0.326134;0.248445;0.882875;0.229005;0.037908;0.832538;0.384732;0.396769;0.196973;0.664200;0.618954;0.370049;-0.120960;0.909783;-0.027577;0.396110;0.663558;-0.164855;0.722353;-0.103537;0.663558;-0.164855;0.722353;-0.103537;0.542418;0.394210;0.627351;0.395995;0.103537;0.722353;0.164855;0.663558;0.542418;0.394210;0.627351;0.395995;0.663558;-0.164855;0.722353;-0.103537
43900211;1;0.504129;-0.429858;0.671540;-0.331828;0.560887;-0.284941;0.744683;-0.222848;0.522855;-0.351236;0.723414;-0.282717;0.543843;-0.292092;0.749251;-0.239877;0.901299;-0.384122;0.043855;0.195412;0.721936;-0.219658;-0.244992;0.608719;0.396901;-0.302637;-0.129157;0.856854;0.436090;0.312951;0.317653;0.781655;0.587705;0.240831;0.375289;0.675101;0.587705;0.240831;0.375289;0.675101;0.247590;0.234652;0.858763;0.382314;0.420840;0.874133;-0.089412;-0.225369;0.322206;0.676756;-0.564837;-0.345173;-0.429970;-0.408294;0.781240;0.195159;0.700581;0.021447;-0.493662;-0.514806;0.622129;0.089932;-0.485875;-0.607284;0.622129;0.089932;-0.485875;-0.607284;-0.445741;-0.496226;0.735837;0.116701;-0.172284;0.596604;-0.255408;0.741046;0.669775;-0.203012;0.616446;-0.360806;0.503793;-0.473990;0.534969;-0.485113;0.703325;0.040874;0.709612;0.010666;0.328232;0.225261;0.888455;0.228405;0.025409;0.835764;0.376213;0.399145;0.195990;0.682313;0.591034;0.383035;-0.130994;0.903031;-0.060097;0.404678;0.612992;-0.149848;0.771818;-0.077997;0.612992;-0.149848;0.771818;-0.077997;0.488603;0.439799;0.651717;0.378298;0.077997;0.771818;0.149848;0.612992;0.488603;0.439799;0.651717;0.378298;0.612992;-0.149848;0.771818;-0.077997
43933555;1;0.497813;-0.438740;0.670196;-0.332457;0.563814;-0.262221;0.756898;-0.201143;0.520984;-0.336131;0.734881;-0.274849;0.541347;-0.276116;0.759469;-0.232184;0.903654;-0.366560;0.052992;0.215026;0.742422;-0.184582;-0.231152;0.601089;0.428244;-0.263516;-0.134392;0.853877;0.501580;0.366303;0.289125;0.728454;0.486090;0.372325;0.281328;0.738881;0.486090;0.372325;0.281328;0.738881;0.208166;0.314044;0.783754;0.493734;0.410008;0.875269;-0.113888;-0.229842;0.321940;0.661771;-0.571554;-0.362959;-0.430298;-0.414132;0.770136;0.224117;0.662300;0.137571;-0.531214;-0.510141;0.591233;0.204713;-0.509124;-0.591041;0.591233;0.204713;-0.509124;-0.591041;-0.383793;-0.553674;0.734724;0.079557;-0.163061;0.589543;-0.249124;0.750857;0.675431;-0.195836;0.609363;-0.366220;0.497729;-0.483030;0.524044;-0.494293;0.705485;0.026701;0.708221;-0.000040;0.338336;0.224000;0.883550;0.233863;0.028479;0.830170;0.376291;0.410380;0.262615;0.647596;0.600769;0.388239;-0.087172;0.885538;-0.028990;0.455394;0.643175;-0.120084;0.746176;-0.122988;0.643175;-0.120084;0.746176;-0.122988;0.541759;0.442714;0.612539;0.367828;0.122988;0.746176;0.120084;0.643175;0.541759;0.442714;0.612539;0.367828;0.643175;-0.120084;0.746176;-0.122988
43966877;1;0.497556;-0.444292;0.679424;-0.305656;0.557904;-0.261516;0.768520;-0.172423;0.517693;-0.318934;0.743781;-0.277605;0.538288;-0.258261;0.766962;-0.235195;0.910302;-0.357613;0.061759;0.199122;0.759840;-0.118868;-0.191059;0.609926;0.431721;-0.188359;-0.123103;0.873489;0.260891;0.647345;0.514047;0.498634;0.264665;0.643428;0.518942;0.496641;0.264665;0.643428;0.518942;0.496641;-0.184155;0.405903;0.878385;0.172537;0.405186;0.867760;-0.151431;-0.244717;0.323481;0.654171;-0.576555;-0.367430;-0.425863;-0.429625;0.758800;0.241424;0.597496;-0.230020;-0.112838;-0.759840;0.608568;-0.231649;-0.109455;-0.751002;0.608568;-0.231649;-0.109455;-0.751002;0.531322;0.312560;-0.471789;-0.630411;-0.142470;0.594844;-0.241122;0.753474;0.674851;-0.187588;0.613876;-0.364065;0.502187;-0.481960;0.537441;-0.476109;0.695881;0.036992;0.717026;0.015944;0.360583;0.200232;0.885522;0.213863;0.043997;0.829727;0.368415;0.416999;0.170968;0.685525;0.592177;0.387494;-0.151907;0.906030;-0.061426;0.390205;0.635919;-0.082584;0.762639;-0.084667;0.635919;-0.082584;0.762639;-0.084667;0.509531;0.480872;0.597663;0.389794;0.084667;0.762639;0.082584;0.635919;0.509531;0.480872;0.597663;0.389794;0.635919;-0.082584;0.762639;-0.084667
44000222;1;0.499075;-0.422869;0.694920;-0.298650;0.545653;-0.287225;0.761074;-0.201321;0.521136;-0.299932;0.751473;-0.271562;0.541235;-0.238703;0.773106;-0.228896;0.921362;-0.339530;0.097931;0.161927;0.773925;-0.039042;-0.162024;0.610954;0.440507;-0.104258;-0.130024;0.882144;0.397985;0.579959;0.488856;0.516019;0.301792;0.656393;0.380106;0.577571;0.301792;0.656393;0.380106;0.577571;-0.060977;0.487581;0.830935;0.260948;0.384015;0.878569;-0.149354;-0.241540;0.322005;0.647959;-0.585873;-0.364985;-0.415829;-0.444856;0.751799;0.252958;0.552185;-0.385670;0.131107;-0.727435;0.529670;-0.389501;0.119246;-0.743989;0.529670;-0.389501;0.119246;-0.743989;0.557952;0.108656;-0.348765;-0.745148;-0.122413;0.599137;-0.219097;0.760294;0.686087;-0.176590;0.613058;-0.349657;0.532504;-0.446022;0.547121;-0.467078;0.710918;0.069467;0.698480;0.043535;0.352030;0.164372;0.898046;0.206328;0.027496;0.834941;0.369201;0.407195;0.181705;0.703902;0.561376;0.395427;-0.150074;0.897464;-0.096246;0.403451;0.642274;-0.098895;0.751132;-0.116205;0.642274;-0.098895;0.751132;-0.116205;0.536326;0.461201;0.601060;0.371987;0.116205;0.751132;0.098895;0.642274;0.536326;0.461201;0.601060;0.371987;0.642274;-0.098895;0.751132;-0.116205
44033544;1;0.521010;-0.374553;0.669663;-0.373911;0.588639;-0.223486;0.734025;-0.254489;0.526329;-0.280248;0.738142;-0.315571;0.549941;-0.220151;0.758238;-0.272347;0.918580;-0.362970;0.087365;0.129734;0.782742;-0.012263;-0.143862;0.605367;0.473652;-0.069017;-0.126820;0.868796;0.394831;0.587690;0.422676;0.565751;0.290350;0.652280;0.313952;0.625829;0.290350;0.652280;0.313952;0.625829;-0.023598;0.399914;0.803337;0.440637;0.382687;0.872948;-0.161694;-0.255672;0.321300;0.635820;-0.591017;-0.378416;-0.412064;-0.451227;0.741594;0.276831;-0.425267;0.524621;-0.375678;0.634655;-0.354356;0.562069;-0.316921;0.676809;-0.354356;0.562069;-0.316921;0.676809;0.522449;-0.101144;-0.089627;-0.841893;-0.109063;0.594132;-0.206161;0.769812;0.691302;-0.175054;0.604075;-0.355740;0.569600;-0.392474;0.565596;-0.449022;0.724367;0.120695;0.673771;0.082202;0.527097;0.267618;0.780280;0.204235;0.167244;0.777789;0.274618;0.540054;0.260588;0.689721;0.480214;0.475156;-0.150492;0.830899;-0.143875;0.516003;0.679003;-0.090073;0.713459;-0.147708;0.679003;-0.090073;0.713459;-0.147708;0.584573;0.440800;0.568183;0.375682;0.147708;0.713459;0.090073;0.679003;0.584573;0.440800;0.568183;0.375682;0.679003;-0.090073;0.713459;-0.147708
44066888;1;0.518131;-0.384354;0.659632;-0.385613;0.591408;-0.226646;0.729023;-0.259604;0.524901;-0.263927;0.744525;-0.317024;0.548633;-0.203371;0.763292;-0.273910;0.922351;-0.353367;0.087270;0.129555;0.788319;0.018818;-0.129569;0.601174;0.489326;-0.033514;-0.126566;0.862217;0.300946;0.598981;0.454778;0.586371;0.194472;0.668896;0.343772;0.629746;0.194472;0.668896;0.343772;0.629746;-0.122514;0.371168;0.799373;0.456319;0.378019;0.860628;-0.205942;-0.272048;0.312232;0.641345;-0.604272;-0.355025;-0.389776;-0.473533;0.743125;0.267594;0.669426;-0.150404;0.055504;-0.725374;0.749734;-0.142873;0.072728;-0.642025;0.749734;-0.142873;0.072728;-0.642025;0.566865;0.313613;-0.434638;-0.625620;-0.084887;0.591051;-0.198628;0.777174;0.699121;-0.153433;0.604409;-0.349826;0.604313;-0.337055;0.587277;-0.419887;0.728323;0.175545;0.650072;0.127027;0.586018;0.300910;0.727369;0.192278;0.239691;0.746213;0.250379;0.568352;0.327057;0.679193;0.432914;0.494282;-0.116923;0.790471;-0.170238;0.576631;0.700421;-0.067263;0.694074;-0.152142;0.700421;-0.067263;0.694074;-0.152142;0.602853;0.443222;0.538347;0.387692;0.152142;0.694074;0.067263;0.700421;0.602853;0.443222;0.538347;0.387692;0.700421;-0.067263;0.694074;-0.152142
44100211;1;0.517364;-0.386290;0.657619;-0.388138;0.593588;-0.222356;0.729549;-0.256847;0.527487;-0.243992;0.750793;-0.313904;0.550961;-0.182997;0.767941;-0.270592;0.929393;-0.338750;0.083268;0.120596;0.779088;0.027369;-0.145748;0.609122;0.520595;-0.024684;-0.146227;0.840827;0.394864;0.590517;0.320613;0.626562;0.280107;0.637206;0.213240;0.685593;0.280107;0.637206;0.213240;0.685593;0.004413;0.412309;0.736430;0.536332;0.360789;0.863530;-0.218230;-0.276628;0.309101;0.639554;-0.609803;-0.351522;-0.375760;-0.497937;0.730032;0.279134;0.634533;0.250140;-0.359893;-0.636613;0.739187;0.180941;-0.399191;-0.511381;0.739187;0.180941;-0.399191;-0.511381;-0.406921;-0.616184;0.629648;0.241404;-0.084237;0.578749;-0.195613;0.787204;0.709465;-0.145498;0.593381;-0.351267;0.614643;-0.335351;0.583167;-0.411910;0.730006;0.173930;0.645946;0.139976;0.615258;0.311180;0.699050;0.189617;0.273945;0.726413;0.240290;0.582700;0.344887;0.670120;0.427042;0.499627;-0.108014;0.779991;-0.168069;0.593043;0.708214;-0.083919;0.685929;-0.144541;0.708214;-0.083919;0.685929;-0.144541;0.602989;0.425686;0.544365;0.398577;0.144541;0.685929;0.083919;0.708214;0.602989;0.425686;0.544365;0.398577;0.708214;-0.083919;0.685929;-0.144541
44133555;1;0.492041;-0.432739;0.683370;-0.321929;0.557231;-0.246794;0.770292;-0.187711;0.530085;-0.234847;0.765648;-0.278641;0.550723;-0.172690;0.782015;-0.235234;0.941758;-0.306135;0.075750;0.116768;0.788050;0.030704;-0.168634;0.591267;0.529704;-0.030576;-0.168658;0.830682;0.353594;0.589752;0.363107;0.628742;0.237295;0.644498;0.253529;0.681202;0.237295;0.644498;0.253529;0.681202;-0.047560;0.394372;0.754891;0.521870;0.344361;0.864549;-0.228882;-0.285627;0.303918;0.628907;-0.621611;-0.354555;-0.358357;-0.517474;0.717040;0.299425;0.642425;0.311890;-0.357629;-0.601761;0.735736;0.246249;-0.405630;-0.483237;0.735736;0.246249;-0.405630;-0.483237;-0.333021;-0.642120;0.654429;0.220230;-0.082807;0.570688;-0.206037;0.790574;0.709769;-0.135325;0.591506;-0.357822;0.618643;-0.331683;0.597257;-0.388010;0.716041;0.186574;0.653436;0.159679;0.485955;0.260380;0.811365;0.194258;0.152457;0.795898;0.304262;0.500727;0.231630;0.730100;0.445538;0.463462;-0.163128;0.834978;-0.196858;0.487286;0.729086;-0.062145;0.668642;-0.132251;0.729086;-0.062145;0.668642;-0.132251;0.609057;0.428858;0.516744;0.422026;0.132251;0.668642;0.062145;0.729086;0.609057;0.428858;0.516744;0.422026;0.729086;-0.062145;0.668642;-0.132251
44166888;1;0.491137;-0.448416;0.698836;-0.263318;0.541114;-0.260994;0.788245;-0.133220;0.532108;-0.210412;0.777196;-0.261827;0.551391;-0.147409;0.791567;-0.218313;0.949967;-0.273719;0.097276;0.114797;0.782009;0.046067;-0.160301;0.600536;0.542168;-0.008980;-0.166547;0.823551;0.288488;0.576263;0.370210;0.669059;0.226799;0.607382;0.316579;0.692407;0.226799;0.607382;0.316579;0.692407;-0.095599;0.341970;0.754052;0.552560;0.321108;0.875921;-0.245799;-0.263124;0.293702;0.636468;-0.635235;-0.324229;-0.338420;-0.535530;0.722373;0.277231;0.685720;0.227436;-0.263109;-0.639402;0.762189;0.191746;-0.290150;-0.545999;0.762189;0.191746;-0.290150;-0.545999;0.258208;0.633883;-0.617245;-0.387981;-0.066323;0.577385;-0.190495;0.791163;0.704926;-0.146301;0.590182;-0.365186;0.613466;-0.337474;0.596469;-0.392423;0.715498;0.181873;0.656961;0.152926;0.494642;0.244609;0.807924;0.206772;0.130513;0.793589;0.287590;0.520072;0.180279;0.736496;0.442492;0.478825;-0.210444;0.837224;-0.203249;0.462017;0.721054;-0.108633;0.669960;-0.139404;0.721054;-0.108633;0.669960;-0.139404;0.608436;0.396918;0.550548;0.411289;0.139404;0.669960;0.108633;0.721054;0.608436;0.396918;0.550548;0.411289;0.721054;-0.108633;0.669960;-0.139404
44200222;1;0.508740;-0.463059;0.698089;-0.198572;0.542416;-0.271519;0.792483;-0.063498;0.536862;-0.209442;0.774820;-0.259935;0.555978;-0.146632;0.789121;-0.216045;0.950986;-0.271345;0.098820;0.110597;0.779850;0.057810;-0.158983;0.602674;0.535709;0.001785;-0.169158;0.827284;0.288058;0.559337;0.275517;0.726812;0.366929;0.525311;0.335881;0.690359;0.366929;0.525311;0.335881;0.690359;-0.072196;0.339390;0.690235;0.634963;0.328683;0.863522;-0.278069;-0.262631;-0.291919;-0.628961;0.640356;0.330356;-0.334112;-0.536086;0.719903;0.287612;0.642702;0.243710;-0.311673;-0.656048;0.715197;0.205482;-0.338101;-0.576158;0.715197;0.205482;-0.338101;-0.576158;-0.453020;-0.596281;0.611705;0.255027;-0.041238;0.568184;-0.180087;0.801894;0.708665;-0.138160;0.579857;-0.377454;0.561169;-0.402187;0.545800;-0.474802;0.736516;0.099716;0.666504;0.058089;0.525315;0.235710;0.788071;0.217785;0.115430;0.784154;0.248254;0.556909;0.181650;0.698270;0.481499;0.497575;-0.222354;0.837637;-0.148563;0.476290;0.756843;-0.040873;0.642917;-0.110344;0.756843;-0.040873;0.642917;-0.110344;0.613194;0.425709;0.483513;0.457143;0.110344;0.642917;0.040873;0.756843;0.613194;0.425709;0.483513;0.457143;0.756843;-0.040873;0.642917;-0.110344
44233533;1;0.508692;-0.453245;0.701752;-0.208196;0.542358;-0.284917;0.785308;-0.089222;0.529581;-0.225090;0.769680;-0.276535;0.550052;-0.162642;0.785251;-0.233175;0.945379;-0.295000;0.107839;0.087202;0.779857;0.075576;-0.155086;0.601714;0.532917;0.019193;-0.171450;0.828393;0.302367;0.540760;0.327122;0.713543;0.356798;0.513760;0.368078;0.687942;0.356798;0.513760;0.368078;0.687942;-0.043815;0.309534;0.751682;0.580726;0.342541;0.870005;-0.253535;-0.247944;-0.285768;-0.632042;0.643703;0.323274;-0.326756;-0.539455;0.723062;0.281780;0.633390;0.172714;-0.236194;-0.716380;0.694821;0.150935;-0.250671;-0.656967;0.694821;0.150935;-0.250671;-0.656967;-0.471024;-0.555024;0.578604;0.367834;-0.014313;0.559477;-0.169963;0.811106;0.718488;-0.119344;0.572466;-0.376584;0.597834;-0.360827;0.567392;-0.436423;0.735397;0.144575;0.652679;0.110904;0.529969;0.220378;0.793612;0.201858;0.109626;0.789804;0.233466;0.556494;0.153837;0.726504;0.437558;0.507019;-0.249050;0.826662;-0.199489;0.463475;0.740606;-0.043230;0.660070;-0.118078;0.740606;-0.043230;0.660070;-0.118078;0.607181;0.436172;0.497308;0.440194;0.118078;0.660070;0.043230;0.740606;0.607181;0.436172;0.497308;0.440194;0.740606;-0.043230;0.660070;-0.118078
44266888;1;0.510694;-0.460107;0.693125;-0.216957;0.546949;-0.287966;0.780511;-0.093410;0.547872;-0.200063;0.768700;-0.262512;0.567159;-0.137774;0.782268;-0.217731;0.954292;-0.265731;0.112793;0.077409;0.780550;0.079692;-0.162740;0.598253;0.535321;0.020632;-0.180026;0.824982;0.308856;0.530287;0.333680;0.715585;0.383777;0.491466;0.388597;0.678357;0.383777;0.491466;0.388597;0.678357;-0.043893;0.311473;0.753208;0.577699;0.311776;0.886357;-0.260250;-0.222344;-0.252797;-0.644384;0.653491;0.306289;-0.291042;-0.552412;0.732886;0.270211;0.654468;0.135662;-0.187028;-0.719922;0.688853;0.126364;-0.193432;-0.687094;0.688853;0.126364;-0.193432;-0.687094;-0.486559;-0.530481;0.561899;0.407577;-0.001854;0.546618;-0.164442;0.821075;0.720513;-0.119074;0.558312;-0.393662;0.609983;-0.342739;0.569732;-0.431111;0.740209;0.159125;0.641563;0.123154;0.518819;0.197636;0.806711;0.202447;0.092581;0.793756;0.244344;0.549251;0.138428;0.741712;0.409537;0.512816;-0.264251;0.817686;-0.230004;0.456792;0.720838;-0.080921;0.675760;-0.131124;0.720838;-0.080921;0.675760;-0.131124;0.602428;0.420615;0.535054;0.416990;0.131124;0.675760;0.080921;0.720838;0.602428;0.420615;0.535054;0.416990;0.720838;-0.080921;0.675760;-0.131124
44300222;1;0.528233;-0.449311;0.670673;-0.263223;0.578815;-0.257440;0.765119;-0.115284;0.549630;-0.198511;0.759460;-0.285870;0.570785;-0.136968;0.772933;-0.240872;0.950679;-0.284102;0.099391;0.074947;0.770926;0.089097;-0.155092;0.611295;0.540410;0.035982;-0.175206;0.822171;0.304116;0.542833;0.335295;0.707406;0.372684;0.506955;0.387410;0.673807;0.372684;0.506955;0.387410;0.673807;-0.046393;0.334918;0.773126;0.536613;0.321368;0.876183;-0.271506;-0.235181;0.258482;0.650626;-0.641468;-0.313673;-0.296717;-0.562619;0.719900;0.277782;0.665145;0.077871;-0.135582;-0.730161;0.659729;0.078871;-0.135003;-0.735059;0.659729;0.078871;-0.135003;-0.735059;-0.472361;-0.505893;0.534449;0.485090;0.002469;0.524723;-0.159283;0.836235;0.735519;-0.107970;0.537685;-0.397805;0.613584;-0.345058;0.543969;-0.456669;0.760683;0.139236;0.624805;0.107673;0.535885;0.260820;0.764959;0.244207;0.108979;0.775566;0.227164;0.578807;0.196155;0.713102;0.404880;0.537662;-0.240665;0.794437;-0.213298;0.515222;0.727576;-0.087463;0.671565;-0.109467;0.727576;-0.087463;0.671565;-0.109467;0.591879;0.413022;0.536714;0.437069;0.109467;0.671565;0.087463;0.727576;0.591879;0.413022;0.536714;0.437069;0.727576;-0.087463;0.671565;-0.109467
44333555;1;0.528220;-0.421455;0.669906;-0.307546;0.595129;-0.206786;0.763962;-0.139366;0.545694;-0.181061;0.762237;-0.297372;0.567784;-0.119352;0.774302;-0.252653;0.952019;-0.285974;0.076980;0.077156;0.775405;0.076329;-0.182254;0.599754;0.542453;0.013932;-0.197100;0.816518;0.324452;0.529889;0.315245;0.717335;0.406055;0.489420;0.375007;0.674505;0.406055;0.489420;0.375007;0.674505;-0.021508;0.327120;0.754452;0.568622;0.312294;0.869002;-0.284278;-0.257865;0.263990;0.651922;-0.625866;-0.337046;-0.300653;-0.576413;0.696030;0.304792;-0.356434;0.568729;-0.564513;0.480445;-0.335419;0.592505;-0.539505;0.495345;-0.335419;0.592505;-0.539505;0.495345;-0.370980;0.240931;-0.079286;0.893331;-0.010822;0.538874;-0.157242;0.827510;0.733065;-0.117977;0.548862;-0.383991;0.616088;-0.349414;0.551018;-0.441275;0.751655;0.141185;0.632928;0.120348;0.569066;0.299644;0.723596;0.250573;0.153775;0.754367;0.210303;0.602542;0.245388;0.690704;0.406591;0.545341;-0.211018;0.779977;-0.196481;0.555430;0.753751;-0.058508;0.649190;-0.083594;0.753751;-0.058508;0.649190;-0.083594;0.592092;0.417676;0.500418;0.473873;0.083594;0.649190;0.058508;0.753751;0.592092;0.417676;0.500418;0.473873;0.753751;-0.058508;0.649190;-0.083594
44366866;1;0.537178;-0.415848;0.676390;-0.284616;0.598934;-0.185770;0.771960;-0.104139;0.555441;-0.151279;0.771651;-0.270472;0.575342;-0.088911;0.781297;-0.225058;0.963079;-0.248520;0.058857;0.085158;0.788720;0.082702;-0.179843;0.582011;0.545403;0.017004;-0.197216;0.814465;0.335041;0.525166;0.324925;0.711598;0.404678;0.489954;0.375927;0.674433;0.404678;0.489954;0.375927;0.674433;0.002042;0.329851;0.787695;0.520319;0.284906;0.857191;-0.321980;-0.283516;0.294328;0.640375;-0.609728;-0.362662;-0.328514;-0.577414;0.669657;0.332011;0.681077;-0.144309;0.053494;-0.715855;-0.300555;0.153190;0.014820;0.941265;-0.300555;0.153190;0.014820;0.941265;0.620459;0.370467;-0.314315;-0.615623;-0.028000;0.518337;-0.222257;0.825315;0.726883;-0.069358;0.559746;-0.391810;0.624502;-0.192357;0.532755;-0.537744;0.824910;0.239379;0.508860;0.057290;0.587496;0.348144;0.681413;0.263289;0.183557;0.743599;0.180315;0.617133;0.291020;0.686008;0.369874;0.554882;-0.185472;0.751016;-0.219391;0.594510;0.854164;0.024706;0.516477;-0.055177;0.854164;0.024706;0.516477;-0.055177;0.643001;0.382674;0.347735;0.564970;0.055177;0.516477;-0.024706;0.854164;0.643001;0.382674;0.347735;0.564970;0.854164;0.024706;0.516477;-0.055177
44400222;1;0.541463;-0.406469;0.680834;-0.279403;0.601356;-0.175761;0.773214;-0.098076;0.551273;-0.149609;0.771659;-0.279746;0.571931;-0.087246;0.781172;-0.234637;0.961744;-0.258942;0.042404;0.078731;0.793736;0.083316;-0.194602;0.570238;0.541671;0.009343;-0.211481;0.813499;0.329145;0.508187;0.322028;0.727810;0.426183;0.459030;0.388907;0.675582;0.426183;0.459030;0.388907;0.675582;0.013106;0.338760;0.810220;0.478135;0.283546;0.861096;-0.312909;-0.283202;0.289006;0.654629;-0.603962;-0.350949;-0.326484;-0.582887;0.673463;0.316383;0.666818;-0.116663;0.074388;-0.732263;-0.408990;0.133899;-0.034858;0.901988;-0.408990;0.133899;-0.034858;0.901988;-0.493577;-0.376260;0.379086;0.686370;-0.034945;0.523098;-0.180401;0.832227;0.730575;-0.115842;0.541122;-0.400035;0.573163;-0.402310;0.524758;-0.484004;0.751426;0.084811;0.651578;0.060099;0.589808;0.355919;0.663951;0.290891;0.178162;0.731652;0.179232;0.633103;0.285267;0.652755;0.436337;0.549676;-0.185477;0.774166;-0.148786;0.586624;0.837139;0.045905;0.542089;-0.056829;0.837139;0.045905;0.542089;-0.056829;0.632131;0.415775;0.350855;0.551763;0.056829;0.542089;-0.045905;0.837139;0.632131;0.415775;0.350855;0.551763;0.837139;0.045905;0.542089;-0.056829
44433544;1;0.558889;-0.386740;0.695926;-0.231866;0.602476;-0.163414;0.779216;-0.056043;0.550715;-0.170944;0.760791;-0.297807;0.572823;-0.109383;0.772049;-0.252684;0.954744;-0.292730;0.001534;0.052637;0.793247;0.054994;-0.237196;0.558097;0.544958;-0.032341;-0.241330;0.802331;0.335806;0.496936;0.269284;0.753508;0.433194;0.456634;0.333084;0.702057;0.433194;0.456634;0.333084;0.702057;0.035156;0.320961;0.766157;0.555654;0.298021;0.858498;-0.284702;-0.305138;0.307365;0.651240;-0.568126;-0.398304;-0.362172;-0.561413;0.657036;0.349214;0.653439;-0.047541;0.007626;-0.755447;0.505257;-0.048135;-0.001142;-0.861625;0.505257;-0.048135;-0.001142;-0.861625;-0.491601;-0.426040;0.419268;0.633271;-0.042126;0.517123;-0.179970;0.835715;0.732437;-0.119590;0.534377;-0.404569;0.548393;-0.431823;0.498870;-0.513734;0.754823;0.045410;0.653993;0.021772;0.384091;0.550427;0.532072;0.516143;0.133251;0.722479;0.253200;0.629411;0.313712;0.568833;0.546767;0.528262;-0.149396;0.792381;-0.011492;0.591338;0.786613;0.092871;0.610191;-0.016809;0.786613;0.092871;0.610191;-0.016809;0.568105;0.497140;0.365800;0.544334;0.016809;0.610191;-0.092871;0.786613;0.568105;0.497140;0.365800;0.544334;0.786613;0.092871;0.610191;-0.016809
44466888;1;0.552727;-0.405698;0.700634;-0.197520;0.586721;-0.168897;0.791803;-0.016727;0.544854;-0.151063;0.772468;-0.289149;0.566287;-0.088630;0.782094;-0.244525;0.961198;-0.272144;0.017309;0.041667;0.801475;0.050934;-0.252944;0.539502;0.557128;-0.042379;-0.254517;0.789325;0.327354;0.454401;0.286947;0.777188;0.415544;0.417934;0.337861;0.733829;0.415544;0.417934;0.337861;0.733829;-0.004275;0.307381;0.742428;0.595231;0.281716;0.855324;-0.297762;-0.316850;0.316466;0.644529;-0.569322;-0.400380;-0.370609;-0.556229;0.655862;0.350862;0.633625;0.083613;-0.173788;-0.749217;0.517625;0.108057;-0.159741;-0.833589;0.517625;0.108057;-0.159741;-0.833589;0.479065;0.526775;-0.514512;-0.477790;-0.041922;0.523311;-0.177037;0.832494;0.731000;-0.123456;0.538526;-0.400484;0.541022;-0.439405;0.493783;-0.519998;0.754018;0.036392;0.655731;0.012185;0.336145;0.460337;0.677602;0.464707;-0.019339;0.779158;0.252903;0.573217;0.175833;0.644741;0.506284;0.545040;-0.259584;0.817259;-0.093050;0.506010;0.819916;0.105485;0.562548;-0.012291;0.819916;0.105485;0.562548;-0.012291;0.588459;0.472371;0.323192;0.571077;0.012291;0.562548;-0.105485;0.819916;0.588459;0.472371;0.323192;0.571077;0.819916;0.105485;0.562548;-0.012291
44500222;1;0.534680;-0.428253;0.704859;-0.184096;0.565390;-0.190224;0.802522;-0.010385;0.555050;-0.130485;0.777616;-0.264966;0.574511;-0.067705;0.785576;-0.219601;0.969794;-0.236417;0.033898;0.049578;0.811665;0.052654;-0.253939;0.523395;0.547042;-0.049348;-0.254602;0.795919;0.319355;0.466866;0.268292;0.779787;0.430147;0.422525;0.333793;0.724588;0.430147;0.422525;0.333793;0.724588;-0.016865;0.312799;0.721478;0.617529;0.262875;0.855226;-0.321957;-0.309563;0.304354;0.642811;-0.589428;-0.383063;-0.350475;-0.562872;0.666187;0.341374;0.612173;0.110866;-0.214744;-0.752887;0.545553;0.128822;-0.204477;-0.802475;0.545553;0.128822;-0.204477;-0.802475;0.452978;0.548539;-0.532265;-0.458923;-0.035039;0.525744;-0.175280;0.831650;0.729151;-0.122914;0.540442;-0.401439;0.538016;-0.444938;0.496430;-0.515874;0.749013;0.034337;0.661538;0.013003;0.367513;0.364707;0.752157;0.407656;-0.051980;0.800853;0.239484;0.546425;0.121856;0.681840;0.484535;0.534295;-0.290583;0.828013;-0.134437;0.460307;0.854348;0.118540;0.505998;-0.002113;0.854348;0.118540;0.505998;-0.002113;0.605609;0.441615;0.273974;0.602621;0.002113;0.505998;-0.118540;0.854348;0.605609;0.441615;0.273974;0.602621;0.854348;0.118540;0.505998;-0.002113
44533555;1;0.527013;-0.423561;0.711404;-0.191722;0.559273;-0.214458;0.799692;-0.041404;0.563471;-0.125573;0.776692;-0.251954;0.581862;-0.062883;0.784261;-0.205956;0.972443;-0.214253;0.071307;0.058019;0.813457;0.046856;-0.259959;0.518183;0.538087;-0.061100;-0.256985;0.800430;0.303734;0.465377;0.254034;0.791604;0.469866;0.398375;0.349867;0.705774;0.469866;0.398375;0.349867;0.705774;-0.035623;0.334401;0.714285;0.613762;0.254931;0.871290;-0.329294;-0.259671;0.275043;0.646945;-0.616979;-0.353766;-0.319499;-0.559474;0.697273;0.314196;0.579132;-0.047443;-0.048048;-0.812432;-0.474229;0.041137;0.053546;0.877808;-0.474229;0.041137;0.053546;0.877808;-0.440644;-0.431746;0.431648;0.658110;-0.023844;0.536250;-0.164414;0.827548;0.723398;-0.132872;0.544976;-0.402545;0.526827;-0.451560;0.492042;-0.525777;0.748064;0.026462;0.663097;-0.001863;0.393138;0.272431;0.809820;0.339728;-0.050156;0.818405;0.245327;0.517216;0.098063;0.705045;0.485510;0.507519;-0.288712;0.844964;-0.150100;0.424441;0.851185;0.058294;0.521324;-0.017518;0.851185;0.058294;0.521324;-0.017518;0.614266;0.409852;0.327412;0.589491;0.017518;0.521324;-0.058294;0.851185;0.614266;0.409852;0.327412;0.589491;0.851185;0.058294;0.521324;-0.017518
44566866;1;0.528352;-0.419904;0.714241;-0.185433;0.558702;-0.213521;0.800542;-0.037326;0.567099;-0.120521;0.777046;-0.245098;0.584928;-0.057819;0.784208;-0.198831;0.974615;-0.207850;0.059201;0.058483;0.814762;0.052496;-0.255503;0.517807;0.543590;-0.052819;-0.255437;0.797792;0.303190;0.477644;0.306528;0.765489;0.372369;0.447398;0.349196;0.734328;0.372369;0.447398;0.349196;0.734328;-0.053835;0.302888;0.728064;0.612604;0.247349;0.875128;-0.330868;-0.251983;0.263710;0.652077;-0.619573;-0.348400;-0.309462;-0.559890;0.703987;0.308478;0.551078;-0.129640;0.080923;-0.820340;-0.454665;0.137968;-0.065726;0.877453;-0.454665;0.137968;-0.065726;0.877453;-0.400665;-0.347347;0.356693;0.769147;-0.038134;0.535303;-0.172630;0.825951;0.721093;-0.136679;0.545642;-0.404497;0.514781;-0.468390;0.485838;-0.528746;0.741654;0.010091;0.670593;-0.012368;0.357840;0.293453;0.810730;0.358543;-0.066876;0.822009;0.260102;0.502171;0.084986;0.696686;0.510380;0.496908;-0.290386;0.856446;-0.126547;0.407630;0.853936;0.081243;0.513982;-0.003989;0.853936;0.081243;0.513982;-0.003989;0.606644;0.420887;0.305993;0.601003;0.003989;0.513982;-0.081243;0.853936;0.606644;0.420887;0.305993;0.601003;0.853936;0.081243;0.513982;-0.003989
44600222;1;0.525523;-0.423005;0.713301;-0.189985;0.557065;-0.219142;0.799818;-0.044128;0.572182;-0.115767;0.776440;-0.237377;0.589375;-0.053129;0.783223;-0.190728;0.976301;-0.199537;0.052434;0.065360;0.815166;0.035392;-0.277198;0.507359;0.544039;-0.078486;-0.268200;0.791157;0.230529;0.518552;0.424515;0.705513;0.384132;0.409093;0.530803;0.635086;0.384132;0.409093;0.530803;0.635086;-0.168347;0.339912;0.786664;0.487112;0.238828;0.877896;-0.329148;-0.252827;0.268353;0.649475;-0.621551;-0.346183;-0.314400;-0.555543;0.706765;0.304973;0.555932;-0.131157;0.123222;-0.811513;-0.455097;0.144927;-0.106687;0.872067;-0.455097;0.144927;-0.106687;0.872067;-0.382696;-0.331646;0.347705;0.789086;-0.038553;0.532762;-0.172216;0.827659;0.723486;-0.134718;0.543508;-0.403755;0.523401;-0.458044;0.488740;-0.526668;0.746274;0.019518;0.665335;-0.004871;0.358516;0.309256;0.801407;0.365478;-0.066227;0.821430;0.251199;0.507706;0.083867;0.699417;0.501794;0.501981;-0.294800;0.852355;-0.134540;0.410468;0.845875;0.127278;0.517478;0.022638;0.845875;0.127278;0.517478;0.022638;0.582117;0.455911;0.275913;0.614131;-0.022638;0.517478;-0.127278;0.845875;0.582117;0.455911;0.275913;0.614131;0.845875;0.127278;0.517478;0.022638
44633555;1;0.523086;-0.421143;0.715911;-0.191026;0.554745;-0.220820;0.800705;-0.048660;0.577539;-0.120639;0.773070;-0.232934;0.594358;-0.058255;0.780255;-0.185870;0.975436;-0.203304;0.029411;0.079542;0.815981;0.015473;-0.303920;0.491495;0.550905;-0.107517;-0.284687;0.777108;0.281044;0.456359;0.178771;0.825101;0.493213;0.391212;0.295256;0.718692;0.493213;0.391212;0.295256;0.718692;-0.059547;0.343302;0.652535;0.672901;0.240289;0.878685;-0.326374;-0.252299;0.268837;0.651003;-0.614454;-0.355483;-0.319143;-0.551411;0.705199;0.311109;0.565996;-0.065532;0.007383;-0.821766;-0.466042;0.065946;0.000329;0.882302;-0.466042;0.065946;0.000329;0.882302;-0.365835;-0.397069;0.445029;0.714458;-0.041278;0.529908;-0.174445;0.828892;0.725233;-0.132312;0.542017;-0.403420;0.530430;-0.448409;0.491549;-0.525312;0.750277;0.028367;0.660513;0.000995;0.352472;0.321804;0.796925;0.370291;-0.069994;0.823860;0.244669;0.506452;0.077832;0.701754;0.499919;0.501562;-0.298808;0.852666;-0.137494;0.405919;0.843329;0.169445;0.507619;0.049073;0.843329;0.169445;0.507619;0.049073;0.561624;0.478756;0.239126;0.631023;-0.049073;0.507619;-0.169445;0.843329;0.561624;0.478756;0.239126;0.631023;0.843329;0.169445;0.507619;0.049073
44666888;1;0.525522;-0.418085;0.716463;-0.188980;0.556280;-0.222515;0.799125;-0.049386;0.581909;-0.121900;0.770369;-0.230335;0.598506;-0.059729;0.777663;-0.182928;0.975490;-0.203808;0.018083;0.080960;0.815863;0.009617;-0.320420;0.481254;0.553315;-0.120102;-0.297216;0.768817;0.286568;0.437229;0.176836;0.833929;0.511990;0.368847;0.293926;0.717932;0.511990;0.368847;0.293926;0.717932;-0.044207;0.332771;0.658423;0.673638;0.238265;0.881271;-0.321090;-0.251978;0.274223;0.648448;-0.606741;-0.369029;-0.329881;-0.542696;0.702923;0.320249;0.547857;-0.044090;-0.036382;-0.834617;0.507846;-0.042323;-0.038423;-0.859549;0.507846;-0.042323;-0.038423;-0.859549;-0.383961;-0.406370;0.471673;0.681881;-0.043023;0.527142;-0.177780;0.829858;0.725645;-0.129803;0.541010;-0.404844;0.530061;-0.450200;0.492340;-0.523409;0.748684;0.027660;0.662346;0.002089;0.344585;0.330646;0.789341;0.385843;-0.081143;0.820675;0.242576;0.510946;0.073898;0.698676;0.496800;0.509490;-0.307183;0.848301;-0.137492;0.408802;0.843380;0.207986;0.490518;0.069603;0.843380;0.207986;0.490518;0.069603;0.547143;0.493917;0.199780;0.645576;-0.069603;0.490518;-0.207986;0.843380;0.547143;0.493917;0.199780;0.645576;0.843380;0.207986;0.490518;0.069603
44700200;1;0.523437;-0.412266;0.723543;-0.180378;0.551249;-0.229432;0.800524;-0.051454;0.584598;-0.123263;0.769714;-0.224928;0.600753;-0.061140;0.777119;-0.177323;0.976640;-0.199362;0.020832;0.077428;0.813852;0.005591;-0.332034;0.476831;0.553469;-0.128374;-0.306264;0.763802;0.262548;0.441463;0.180088;0.838896;0.523064;0.358024;0.314866;0.706458;0.523064;0.358024;0.314866;0.706458;-0.076754;0.345493;0.658221;0.664446;0.234238;0.887094;-0.311475;-0.247345;0.272146;0.645482;-0.613566;-0.364453;-0.322326;-0.549233;0.701038;0.320928;0.521426;-0.122340;0.094619;-0.839164;0.507768;-0.123856;0.092625;-0.847498;0.507768;-0.123856;0.092625;-0.847498;-0.384693;-0.325066;0.375196;0.778185;-0.043385;0.530835;-0.177616;0.827517;0.724609;-0.130886;0.544296;-0.401935;0.528379;-0.454283;0.493271;-0.520697;0.745600;0.025423;0.665902;0.002840;0.352588;0.324431;0.789257;0.384056;-0.082669;0.820407;0.234685;0.514803;0.061520;0.698510;0.495261;0.512850;-0.318344;0.847062;-0.138402;0.402478;0.822058;0.240435;0.509789;0.080781;0.822058;0.240435;0.509789;0.080781;0.524162;0.530489;0.190462;0.638404;-0.080781;0.509789;-0.240435;0.822058;0.524162;0.530489;0.190462;0.638404;0.822058;0.240435;0.509789;0.080781
44733555;1;0.520662;-0.417788;0.721706;-0.183040;0.549309;-0.233354;0.800596;-0.053408;0.581521;-0.116634;0.774038;-0.221574;0.597417;-0.054186;0.780898;-0.174226;0.978267;-0.190363;0.033821;0.074908;0.821063;0.008614;-0.318424;0.473696;0.553288;-0.123223;-0.293742;0.769678;0.288118;0.428371;0.189540;0.835201;0.468758;0.374700;0.281117;0.748892;0.468758;0.374700;0.281117;0.748892;-0.078111;0.330097;0.641543;0.688009;0.228704;0.887650;-0.317450;-0.242894;0.258386;0.649215;-0.623923;-0.349966;-0.309528;-0.544613;0.717047;0.305666;0.593556;-0.008147;-0.070742;-0.801636;0.517924;-0.001657;-0.071190;-0.852458;0.517924;-0.001657;-0.071190;-0.852458;-0.409261;-0.450585;0.483997;0.628670;-0.044062;0.528524;-0.175491;0.829412;0.726845;-0.131099;0.541298;-0.401878;0.537832;-0.442927;0.495618;-0.518570;0.750771;0.035180;0.659534;0.010956;0.346904;0.329012;0.790036;0.383733;-0.084156;0.823045;0.234450;0.510440;0.057448;0.708546;0.483891;0.510404;-0.319600;0.846152;-0.153535;0.397880;0.887930;0.227375;0.390982;0.083747;0.887930;0.227375;0.390982;0.083747;0.568643;0.437244;0.115688;0.687080;-0.083747;0.390982;-0.227375;0.887930;0.568643;0.437244;0.115688;0.687080;0.887930;0.227375;0.390982;0.083747
44766877;1;0.520728;-0.417768;0.721660;-0.183083;0.549382;-0.233358;0.800542;-0.053442;0.581630;-0.116666;0.773967;-0.221517;0.597521;-0.054224;0.780830;-0.174161;0.978266;-0.190357;0.033672;0.075006;0.820888;0.008417;-0.318599;0.473885;0.552708;-0.123606;-0.293765;0.770025;0.287535;0.426592;0.191252;0.835922;0.471119;0.371536;0.283760;0.747990;0.471119;0.371536;0.283760;0.747990;-0.078445;0.327952;0.642887;0.687743;0.228638;0.887757;-0.317278;-0.242789;0.258066;0.649444;-0.623728;-0.350125;-0.309190;-0.544980;0.716807;0.305920;0.593259;-0.004813;-0.072384;-0.801737;0.516247;0.001929;-0.072519;-0.853362;0.516247;0.001929;-0.072519;-0.853362;-0.405700;-0.453862;0.484655;0.628113;-0.043957;0.528310;-0.175700;0.829509;0.726807;-0.130897;0.541206;-0.402137;0.537611;-0.442423;0.495396;-0.519441;0.751225;0.035376;0.659019;0.010182;0.349270;0.330205;0.789963;0.380700;-0.080521;0.823827;0.233130;0.510369;0.060456;0.709721;0.483038;0.509231;-0.316647;0.846393;-0.154986;0.399164;0.889581;0.222998;0.389997;0.082587;0.889581;0.222998;0.389997;0.082587;0.570631;0.433453;0.118086;0.687426;-0.082587;0.389997;-0.222998;0.889581;0.570631;0.433453;0.118086;0.687426;0.889581;0.222998;0.389997;0.082587
44800222;1;0.509329;-0.425352;0.725887;-0.180962;0.537811;-0.239645;0.806478;-0.054059;0.573434;-0.136540;0.774247;-0.230376;0.590061;-0.074010;0.782703;-0.183648;0.973654;-0.210185;0.035292;0.081080;0.821536;0.033541;-0.312938;0.475419;0.547567;-0.100349;-0.298304;0.775316;0.218254;0.466130;0.284394;0.808832;0.475683;0.344489;0.423656;0.689615;0.475683;0.344489;0.423656;0.689615;-0.118751;0.308016;0.730118;0.598291;0.248387;0.889549;-0.307068;-0.229599;0.238069;0.658052;-0.637210;-0.322885;-0.282055;-0.559508;0.725272;0.285266;0.579476;-0.070373;-0.008894;-0.811896;0.511678;-0.069419;-0.014576;-0.856244;0.511678;-0.069419;-0.014576;-0.856244;-0.376814;-0.404356;0.450344;0.701212;-0.036835;0.519420;-0.172333;0.836150;0.734656;-0.121189;0.533727;-0.400911;0.552068;-0.444824;0.502102;-0.495224;0.744449;0.038554;0.665508;0.037533;0.332887;0.326979;0.798685;0.379965;-0.091789;0.829441;0.238337;0.496787;0.032967;0.717545;0.484362;0.499435;-0.329292;0.852726;-0.159482;0.372813;0.874459;0.148664;0.459628;0.044292;0.874459;0.148664;0.459628;0.044292;0.587017;0.430128;0.219885;0.649655;-0.044292;0.459628;-0.148664;0.874459;0.587017;0.430128;0.219885;0.649655;0.874459;0.148664;0.459628;0.044292
44833544;1;0.507809;-0.421569;0.724704;-0.198025;0.540201;-0.238608;0.803730;-0.072574;0.578311;-0.132085;0.772909;-0.225213;0.594509;-0.069677;0.781012;-0.178111;0.974372;-0.202382;0.038062;0.090514;0.822348;0.042946;-0.307853;0.476577;0.551908;-0.088110;-0.298085;0.773808;0.206634;0.475186;0.315566;0.794933;0.470424;0.335620;0.461241;0.673289;0.470424;0.335620;0.461241;0.673289;-0.121446;0.295257;0.758678;0.567876;0.242441;0.891539;-0.314368;-0.218066;0.234896;0.659039;-0.638074;-0.321487;-0.277922;-0.562377;0.724708;0.285113;0.565742;0.123091;-0.310723;-0.753814;0.500607;0.148687;-0.299319;-0.798557;0.500607;0.148687;-0.299319;-0.798557;-0.335986;-0.531244;0.654534;0.420093;-0.040266;0.515788;-0.172613;0.838181;0.738305;-0.118888;0.530804;-0.398771;0.559455;-0.440603;0.502725;-0.490048;0.746027;0.042038;0.662966;0.046391;0.362261;0.319199;0.796073;0.364894;-0.070706;0.826700;0.228351;0.509336;0.046807;0.722162;0.469828;0.505521;-0.323832;0.845852;-0.173084;0.386922;0.882508;0.152499;0.444656;0.014291;0.882508;0.152499;0.444656;0.014291;0.613922;0.422252;0.206586;0.634133;-0.014291;0.444656;-0.152499;0.882508;0.613922;0.422252;0.206586;0.634133;0.882508;0.152499;0.444656;0.014291
44866888;1;0.509917;-0.417538;0.723720;-0.204637;0.543191;-0.241069;0.799997;-0.082671;0.579216;-0.138172;0.771579;-0.223792;0.595297;-0.075851;0.780175;-0.176622;0.974377;-0.202916;0.049616;0.083384;0.822369;0.043478;-0.307712;0.476584;0.543428;-0.090823;-0.297200;0.779814;0.213052;0.480585;0.304154;0.794442;0.462280;0.353949;0.445187;0.680313;0.462280;0.353949;0.445187;0.680313;-0.129315;0.311172;0.740773;0.581124;0.243351;0.898472;-0.304110;-0.202596;0.226063;0.660645;-0.640131;-0.320433;-0.272098;-0.555780;0.733026;0.282390;-0.493506;0.233271;-0.221929;0.807950;-0.465289;0.240802;-0.213734;0.824523;-0.465289;0.240802;-0.213734;0.824523;-0.273894;-0.219522;0.308874;0.883962;-0.033355;0.514776;-0.165366;0.840564;0.740542;-0.119635;0.527336;-0.399002;0.563594;-0.430771;0.498446;-0.498347;0.754756;0.045980;0.652951;0.043399;0.390081;0.304645;0.796537;0.347215;-0.051974;0.823649;0.220978;0.519683;0.055269;0.723101;0.462875;0.509722;-0.320814;0.841675;-0.178699;0.395889;0.893365;0.195778;0.400280;0.057840;0.893365;0.195778;0.400280;0.057840;0.590806;0.421477;0.144604;0.672603;-0.057840;0.400280;-0.195778;0.893365;0.590806;0.421477;0.144604;0.672603;0.893365;0.195778;0.400280;0.057840
44900211;1;0.496012;-0.425836;0.728353;-0.205275;0.530277;-0.243567;0.807780;-0.083502;0.573757;-0.141194;0.772199;-0.233615;0.590644;-0.078815;0.781035;-0.186851;0.972277;-0.211900;0.055687;0.081705;0.827521;0.042910;-0.298326;0.473676;0.547389;-0.088082;-0.288239;0.780721;0.209121;0.471985;0.300725;0.801912;0.475505;0.337575;0.446373;0.678741;0.475505;0.337575;0.446373;0.678741;-0.115542;0.287557;0.746988;0.588192;0.251135;0.897266;-0.308260;-0.191886;0.216257;0.658300;-0.657708;-0.295457;-0.251993;-0.569538;0.735911;0.265634;0.503681;-0.215981;0.209861;-0.809701;-0.487750;0.220043;-0.205597;0.819397;-0.487750;0.220043;-0.205597;0.819397;-0.324943;-0.244979;0.276829;0.870496;-0.027874;0.510117;-0.164729;0.843723;0.744049;-0.113156;0.524028;-0.398725;0.577116;-0.427506;0.510387;-0.472949;0.746483;0.056868;0.659169;0.070886;0.368564;0.307224;0.806728;0.344912;-0.061216;0.832726;0.227412;0.501102;0.036157;0.737578;0.457634;0.495220;-0.324252;0.848122;-0.192597;0.372096;0.889859;0.149395;0.431077;0.002344;0.889859;0.149395;0.431077;0.002344;0.627567;0.410456;0.199180;0.630883;-0.002344;0.431077;-0.149395;0.889859;0.627567;0.410456;0.199180;0.630883;0.889859;0.149395;0.431077;0.002344
44933555;1;0.480226;-0.439695;0.732716;-0.197936;0.510523;-0.280828;0.807056;-0.095715;0.577951;-0.132327;0.776468;-0.213446;0.593207;-0.069633;0.784579;-0.166410;0.976734;-0.186968;0.074007;0.074539;0.826634;0.050393;-0.294140;0.477095;0.546466;-0.079039;-0.287768;0.782507;0.215745;0.461936;0.290147;0.809867;0.480996;0.334044;0.431260;0.686348;0.480996;0.334044;0.431260;0.686348;-0.109407;0.288389;0.739156;0.598757;0.229204;0.910092;-0.300050;-0.170785;-0.206175;-0.660300;0.666977;0.276836;-0.234831;-0.584508;0.734305;0.252983;-0.495036;0.224824;-0.194011;0.816550;0.502969;-0.222923;0.196193;-0.811687;0.502969;-0.222923;0.196193;-0.811687;-0.315734;-0.241863;0.290097;0.870435;-0.015107;0.511614;-0.160025;0.844047;0.745753;-0.107796;0.525160;-0.395526;0.612183;-0.377248;0.534411;-0.444208;0.750998;0.109708;0.640767;0.115692;0.414248;0.269469;0.815554;0.301094;-0.032214;0.832973;0.209367;0.511159;0.014942;0.767680;0.403549;0.497587;-0.341330;0.831328;-0.252096;0.358937;0.851568;0.019290;0.520894;-0.055929;0.851568;0.019290;0.520894;-0.055929;0.641698;0.381968;0.354688;0.562602;0.055929;0.520894;-0.019290;0.851568;0.641698;0.381968;0.354688;0.562602;0.851568;0.019290;0.520894;-0.055929
44966888;1;0.500395;-0.410479;0.710733;-0.275627;0.550897;-0.233305;0.786895;-0.151256;0.579209;-0.123916;0.770025;-0.237115;0.596359;-0.061766;0.777482;-0.189902;0.974249;-0.207797;0.033113;0.081015;0.823302;0.033934;-0.322146;0.466094;0.553146;-0.103811;-0.306843;0.767528;0.240378;0.452863;0.301710;0.803806;0.479832;0.335710;0.428267;0.688221;0.479832;0.335710;0.428267;0.688221;-0.086452;0.285800;0.748345;0.592304;0.237212;0.897792;-0.311418;-0.201789;0.227171;0.661688;-0.642685;-0.312279;-0.268881;-0.564596;0.729457;0.277179;0.528818;-0.161071;0.132668;-0.822683;0.542868;-0.158769;0.135414;-0.813480;0.542868;-0.158769;0.135414;-0.813480;-0.338604;-0.322992;0.309188;0.827905;-0.031666;0.504578;-0.164170;0.847022;0.753103;-0.105181;0.520137;-0.388884;0.623442;-0.365327;0.526660;-0.447756;0.761407;0.112733;0.626807;0.121095;0.514980;0.315134;0.743718;0.287001;0.052104;0.792231;0.157243;0.587307;0.116347;0.733122;0.377502;0.553614;-0.308755;0.789104;-0.246438;0.470377;0.873359;0.124988;0.470252;0.022018;0.873359;0.124988;0.470252;0.022018;0.601989;0.420898;0.244139;0.633127;-0.022018;0.470252;-0.124988;0.873359;0.601989;0.420898;0.244139;0.633127;0.873359;0.124988;0.470252;0.022018
45000222;1;0.492633;-0.422930;0.725264;-0.228988;0.530368;-0.256954;0.799282;-0.117615;0.576721;-0.132109;0.774994;-0.222092;0.592674;-0.069535;0.783092;-0.175128;0.975699;-0.197733;0.050709;0.079637;0.824040;0.043712;-0.320240;0.465289;0.551175;-0.095330;-0.308832;0.769247;0.233042;0.462120;0.317181;0.794690;0.478770;0.333880;0.450203;0.675737;0.478770;0.333880;0.450203;0.675737;-0.072385;0.257785;0.770504;0.578472;0.232825;0.908962;-0.291047;-0.186740;0.224846;0.658394;-0.649540;-0.306691;-0.263564;-0.566354;0.731183;0.274133;0.572109;-0.054321;-0.041456;-0.817326;0.521861;-0.051727;-0.044651;-0.850290;0.521861;-0.051727;-0.044651;-0.850290;-0.336876;-0.441273;0.450522;0.699159;-0.027221;0.510334;-0.165131;0.843534;0.749451;-0.105052;0.526050;-0.388019;0.620162;-0.360047;0.528724;-0.454111;0.763545;0.117895;0.624538;0.114245;0.513144;0.301740;0.754642;0.275955;0.054519;0.795412;0.166668;0.580146;0.092057;0.734977;0.395875;0.542787;-0.318307;0.803213;-0.234644;0.445501;0.864645;0.086913;0.494720;-0.009368;0.864645;0.086913;0.494720;-0.009368;0.618020;0.411277;0.288363;0.604772;0.009368;0.494720;-0.086913;0.864645;0.618020;0.411277;0.288363;0.604772;0.864645;0.086913;0.494720;-0.009368
45033544;1;0.486770;-0.418696;0.733732;-0.222231;0.522136;-0.258383;0.804305;-0.117071;0.576112;-0.127005;0.777649;-0.217317;0.591684;-0.064233;0.785329;-0.170417;0.977728;-0.190681;0.051932;0.070650;0.825799;0.047382;-0.316640;0.464273;0.543426;-0.094362;-0.305944;0.776004;0.215505;0.477944;0.356188;0.773471;0.463399;0.330072;0.496339;0.655714;0.463399;0.330072;0.496339;0.655714;-0.113473;0.272381;0.783891;0.546304;0.224796;0.913222;-0.287114;-0.181815;0.215569;0.664818;-0.651052;-0.296105;-0.256514;-0.562574;0.741190;0.261436;0.534355;-0.197384;0.182655;-0.801337;-0.485669;0.207915;-0.170572;0.831746;-0.485669;0.207915;-0.170572;0.831746;-0.277445;-0.304408;0.252684;0.875506;-0.025890;0.514621;-0.166054;0.840786;0.745805;-0.107156;0.530077;-0.388988;0.617560;-0.369273;0.538556;-0.438422;0.750719;0.118331;0.638089;0.123538;0.490421;0.310802;0.762410;0.285692;0.036410;0.806149;0.167101;0.566459;0.067109;0.746341;0.391485;0.534052;-0.329933;0.808050;-0.245698;0.421701;0.847987;0.019272;0.527324;-0.049761;0.847987;0.019272;0.527324;-0.049761;0.634804;0.386502;0.359247;0.564431;0.049761;0.527324;-0.019272;0.847987;0.634804;0.386502;0.359247;0.564431;0.847987;0.019272;0.527324;-0.049761
45066888;1;0.489017;-0.420420;0.732080;-0.219471;0.523524;-0.262107;0.802493;-0.115013;0.575814;-0.127801;0.776727;-0.220905;0.591675;-0.065101;0.784475;-0.174017;0.977025;-0.192949;0.057852;0.069608;0.826315;0.046652;-0.315760;0.464029;0.550531;-0.092060;-0.305624;0.771385;0.214516;0.462046;0.342583;0.789388;0.485080;0.307171;0.486308;0.658672;0.485080;0.307171;0.486308;0.658672;-0.093154;0.258043;0.789139;0.549542;0.226437;0.913621;-0.282357;-0.185196;0.215168;0.661607;-0.650800;-0.304035;-0.255233;-0.565013;0.736224;0.271276;0.552724;-0.164346;0.107917;-0.809840;-0.485192;0.172560;-0.094226;0.852017;-0.485192;0.172560;-0.094226;0.852017;-0.287574;-0.356076;0.311488;0.832758;-0.021169;0.511297;-0.163428;0.843456;0.746605;-0.106772;0.526107;-0.392927;0.621898;-0.362180;0.538876;-0.437814;0.753340;0.123609;0.633302;0.126998;0.490419;0.308351;0.761309;0.291235;0.028898;0.804718;0.164413;0.569704;0.062303;0.748326;0.379454;0.540501;-0.337945;0.800994;-0.255590;0.422938;0.853979;0.056002;0.517198;-0.009510;0.853979;0.056002;0.517198;-0.009510;0.610579;0.405314;0.326115;0.597129;0.009510;0.517198;-0.056002;0.853979;0.610579;0.405314;0.326115;0.597129;0.853979;0.056002;0.517198;-0.009510
45100200;1;0.473887;-0.429947;0.739298;-0.209796;0.504869;-0.283357;0.806923;-0.117005;0.570575;-0.125835;0.781208;-0.219827;0.586366;-0.062782;0.788783;-0.173363;0.976981;-0.186277;0.087131;0.056716;0.834007;0.050434;-0.296695;0.462452;0.542474;-0.086355;-0.288295;0.784316;0.155249;0.495690;0.387122;0.761792;0.410165;0.330380;0.535183;0.660449;0.410165;0.330380;0.535183;0.660449;-0.167260;0.264287;0.806998;0.500930;0.226181;0.912843;-0.293315;-0.171831;-0.209602;-0.661778;0.664824;0.275908;-0.243852;-0.569248;0.745586;0.246159;0.554953;-0.157553;0.130836;-0.806280;-0.482422;0.168377;-0.116578;0.851662;-0.482422;0.168377;-0.116578;0.851662;-0.309887;-0.347874;0.296882;0.833556;-0.011925;0.516763;-0.157820;0.841372;0.742286;-0.111666;0.528713;-0.396239;0.636536;-0.339095;0.556788;-0.412096;0.745578;0.152770;0.629783;0.155395;0.472200;0.305842;0.776652;0.283370;0.021509;0.817318;0.169270;0.550342;0.040709;0.775262;0.345918;0.526928;-0.343969;0.796354;-0.298336;0.398122;0.861612;0.092914;0.498597;-0.019817;0.861612;0.092914;0.498597;-0.019817;0.623264;0.418261;0.286861;0.595239;0.019817;0.498597;-0.092914;0.861612;0.623264;0.418261;0.286861;0.595239;0.861612;0.092914;0.498597;-0.019817
45133555;1;0.486419;-0.426995;0.730125;-0.219066;0.519636;-0.277503;0.798999;-0.120711;0.576105;-0.117680;0.779698;-0.215233;0.591510;-0.054774;0.786624;-0.168340;0.979147;-0.179997;0.068369;0.064799;0.830141;0.070114;-0.287935;0.472275;0.549623;-0.059314;-0.290352;0.781084;0.160042;0.490959;0.381307;0.766779;0.417786;0.326853;0.528775;0.662585;0.417786;0.326853;0.528775;0.662585;-0.144196;0.246308;0.816257;0.502259;0.217454;0.911239;-0.292269;-0.192189;0.211502;0.661284;-0.656538;-0.294836;-0.249920;-0.565049;0.740985;0.263062;0.558789;-0.135752;0.080863;-0.814117;-0.496359;0.141418;-0.070487;0.853616;-0.496359;0.141418;-0.070487;0.853616;-0.336684;-0.351726;0.380385;0.786283;-0.017127;0.507908;-0.161111;0.846037;0.746258;-0.107966;0.521849;-0.398894;0.639079;-0.326455;0.541557;-0.437859;0.765428;0.150910;0.609957;0.138921;0.513982;0.338376;0.730440;0.296282;0.051577;0.792541;0.140900;0.591072;0.077137;0.752710;0.334920;0.561522;-0.342419;0.772893;-0.290268;0.448475;0.876694;0.177864;0.445129;0.040400;0.876694;0.177864;0.445129;0.040400;0.591349;0.440523;0.188984;0.648484;-0.040400;0.445129;-0.177864;0.876694;0.591349;0.440523;0.188984;0.648484;0.876694;0.177864;0.445129;0.040400
45166877;1;0.496355;-0.410576;0.733471;-0.216979;0.528347;-0.265026;0.797692;-0.119572;0.585591;-0.119351;0.771580;-0.217950;0.601183;-0.057091;0.778666;-0.170288;0.978821;-0.185383;0.051756;0.069748;0.825414;0.067921;-0.296372;0.475648;0.545340;-0.064350;-0.297168;0.781124;0.183459;0.482282;0.390813;0.762242;0.392029;0.351699;0.511506;0.678958;0.392029;0.351699;0.511506;0.678958;-0.137668;0.243804;0.806909;0.520101;0.217076;0.911658;-0.281163;-0.206653;0.229088;0.663313;-0.629301;-0.333938;-0.279110;-0.555210;0.726461;0.293417;0.556650;-0.093273;0.014751;-0.825363;0.504393;-0.094008;0.008938;-0.858295;0.504393;-0.094008;0.008938;-0.858295;-0.343046;-0.383193;0.439247;0.736576;-0.024704;0.516617;-0.164990;0.839806;0.744427;-0.108982;0.531313;-0.389433;0.632194;-0.326220;0.536584;-0.453861;0.771800;0.147481;0.606226;0.122736;0.430166;0.415116;0.709161;0.373801;0.006215;0.805890;0.160418;0.569885;0.086265;0.749498;0.356637;0.551018;-0.328438;0.785901;-0.272670;0.447368;0.872124;0.126598;0.471392;0.034083;0.872124;0.126598;0.471392;0.034083;0.592585;0.422843;0.243806;0.640785;-0.034083;0.471392;-0.126598;0.872124;0.592585;0.422843;0.243806;0.640785;0.872124;0.126598;0.471392;0.034083
45200222;1;0.499681;-0.405892;0.729939;-0.229696;0.535581;-0.251340;0.796484;-0.124875;0.583107;-0.113276;0.777104;-0.207998;0.597909;-0.050593;0.783686;-0.160567;0.980174;-0.177494;0.032597;0.081812;0.824258;0.056977;-0.319236;0.464156;0.544514;-0.085857;-0.312708;0.773529;0.176150;0.499644;0.395537;0.750252;0.387552;0.362367;0.524198;0.666115;0.387552;0.362367;0.524198;0.666115;-0.152932;0.250854;0.803895;0.517142;0.210820;0.906240;-0.287463;-0.227264;0.243372;0.657482;-0.617289;-0.356990;-0.301118;-0.541578;0.721125;0.309838;0.537616;-0.181478;0.151645;-0.809344;-0.454560;0.195644;-0.132868;0.858746;-0.454560;0.195644;-0.132868;0.858746;-0.320117;-0.305108;0.312109;0.840846;-0.036953;0.510671;-0.173231;0.841332;0.747494;-0.104767;0.529030;-0.387820;0.630273;-0.342752;0.539043;-0.441258;0.761632;0.137529;0.619681;0.130379;0.429141;0.429869;0.693208;0.387960;0.012164;0.799273;0.162648;0.578412;0.097645;0.738900;0.366897;0.556668;-0.324251;0.785672;-0.257946;0.459396;0.876699;0.189340;0.436826;0.068790;0.876699;0.189340;0.436826;0.068790;0.571278;0.442766;0.174999;0.668562;-0.068790;0.436826;-0.189340;0.876699;0.571278;0.442766;0.174999;0.668562;0.876699;0.189340;0.436826;0.068790
45233555;1;0.498961;-0.406566;0.730502;-0.228271;0.533598;-0.258177;0.795157;-0.127842;0.591887;-0.105524;0.772779;-0.203341;0.606287;-0.043213;0.778752;-0.155221;0.982455;-0.164145;0.052983;0.070928;0.825429;0.052632;-0.320714;0.461563;0.545016;-0.091089;-0.311978;0.772871;0.131361;0.513796;0.370463;0.762571;0.390561;0.351157;0.527180;0.668007;0.390561;0.351157;0.527180;0.668007;-0.134694;0.197073;0.827686;0.507894;0.198680;0.914396;-0.288331;-0.203153;0.232769;0.654647;-0.633573;-0.340354;-0.283699;-0.546131;0.729190;0.299228;0.618023;-0.035556;-0.082917;-0.780966;-0.445807;0.017903;0.088424;0.890571;-0.445807;0.017903;0.088424;0.890571;-0.364981;-0.452583;0.510103;0.633839;-0.019978;0.514112;-0.163377;0.841782;0.743820;-0.109186;0.528335;-0.394554;0.619561;-0.345735;0.530820;-0.463509;0.769694;0.129486;0.615903;0.107089;0.469157;0.358864;0.734734;0.333579;0.015487;0.802876;0.154763;0.575498;0.086333;0.748245;0.354745;0.553925;-0.330440;0.783691;-0.273118;0.449493;0.874715;0.168507;0.450231;0.061400;0.874715;0.168507;0.450231;0.061400;0.575101;0.437514;0.199209;0.661934;-0.061400;0.450231;-0.168507;0.874715;0.575101;0.437514;0.199209;0.661934;0.874715;0.168507;0.450231;0.061400
45266888;1;0.498225;-0.406642;0.730868;-0.228574;0.532999;-0.257773;0.795663;-0.128008;0.589249;-0.103790;0.774961;-0.203590;0.603677;-0.041309;0.780789;-0.155680;0.982614;-0.162056;0.060180;0.067714;0.829629;0.059164;-0.306151;0.463127;0.549332;-0.078439;-0.301789;0.775246;0.198154;0.508394;0.265644;0.794798;0.534194;0.334787;0.465778;0.620971;0.534194;0.334787;0.465778;0.620971;-0.021217;0.180356;0.762932;0.620449;0.197819;0.913975;-0.288541;-0.205577;0.232852;0.653592;-0.633355;-0.342723;-0.283912;-0.545710;0.728369;0.301783;0.617369;-0.036124;-0.093006;-0.780321;-0.439564;0.015768;0.098521;0.892653;-0.439564;0.015768;0.098521;0.892653;-0.366778;-0.447524;0.525577;0.623671;-0.016661;0.513498;-0.163125;0.842278;0.743950;-0.107348;0.528036;-0.395213;0.620761;-0.349559;0.535736;-0.453267;0.763362;0.130283;0.622122;0.115196;0.483191;0.363367;0.725909;0.327944;0.030213;0.798077;0.148304;0.583237;0.094229;0.744995;0.353693;0.557678;-0.327468;0.780691;-0.271593;0.457737;0.874646;0.208486;0.427696;0.092758;0.874646;0.208486;0.427696;0.092758;0.552878;0.449849;0.155005;0.684058;-0.092758;0.427696;-0.208486;0.874646;0.552878;0.449849;0.155005;0.684058;0.874646;0.208486;0.427696;0.092758
45300200;1;0.498185;-0.406355;0.731097;-0.228442;0.532976;-0.257188;0.795915;-0.127712;0.588695;-0.102845;0.775506;-0.203598;0.603126;-0.040323;0.781256;-0.155733;0.982755;-0.161271;0.061389;0.066446;0.830989;0.061132;-0.302821;0.462624;0.551202;-0.075064;-0.299671;0.775073;0.199105;0.514456;0.268984;0.789519;0.539777;0.333211;0.475381;0.609609;0.539777;0.333211;0.475381;0.609609;-0.024606;0.187596;0.767387;0.612634;0.197275;0.913659;-0.289252;-0.206502;0.232665;0.652869;-0.633744;-0.343509;-0.283840;-0.544964;0.728617;0.302599;0.617012;-0.037866;-0.090704;-0.780791;-0.439424;0.017989;0.096631;0.892886;-0.439424;0.017989;0.096631;0.892886;-0.369043;-0.445422;0.523953;0.625203;-0.016602;0.513685;-0.163284;0.842135;0.743872;-0.107197;0.528297;-0.395052;0.620979;-0.349639;0.536450;-0.452062;0.762670;0.130735;0.622688;0.116202;0.482484;0.365068;0.725154;0.328763;0.029492;0.798413;0.146984;0.583149;0.093540;0.745566;0.352398;0.557851;-0.328087;0.780182;-0.272912;0.457377;0.874041;0.210406;0.427781;0.093732;0.874041;0.210406;0.427781;0.093732;0.551762;0.451267;0.153707;0.684318;-0.093732;0.427781;-0.210406;0.874041;0.551762;0.451267;0.153707;0.684318;0.874041;0.210406;0.427781;0.093732
